0.999931 -0.00852203 0.00804747 0 0.00836378 0.999775 0.019498 0 -0.00821182 -0.0194294 0.999778 0 -7.99848 -15.3529 337.973 1 0
0.999931 -0.00852203 0.00804747 0 0.00836378 0.999775 0.019498 0 -0.00821182 -0.0194294 0.999778 0 -7.99848 -15.3529 337.973 1 0
0.999982 -0.00193864 0.00569259 0 0.00190118 0.999977 0.00657852 0 -0.00570521 -0.00656758 0.999962 0 -7.93001 -15.636 337.839 1 1
0.999961 0.00729392 0.00492801 0 -0.00725856 0.999948 -0.00715481 0 -0.00497994 0.00711877 0.999962 0 -7.72534 -18.1071 335.848 1 1
