0.999974 0 -0.00715893 0 0 1 0 0 0.00715893 0 0.999974 0 -6.60742 0 18.3227 1 0
0.999974 0 -0.00715893 0 0 1 0 0 0.00715893 0 0.999974 0 -6.60742 0 18.3227 1 0
0.999855 -0.000589875 -0.0170309 0 0.000591807 1 0.000108379 0 0.0170309 -0.000118442 0.999855 0 -3.4113 0.388912 20.3621 1 1
0.999992 -0.00200653 -0.00359368 0 0.00199115 0.999989 -0.00427978 0 0.00360223 0.00427259 0.999984 0 3.55501 1.26971 25.5732 1 1
0.999992 -0.00200653 -0.00359368 0 0.00199115 0.999989 -0.00427978 0 0.00360223 0.00427259 0.999984 0 3.55501 1.26971 25.5732 1 2
0.999992 -0.00200653 -0.00359368 0 0.00199115 0.999989 -0.00427978 0 0.00360223 0.00427259 0.999984 0 3.55501 1.26971 25.5732 1 2
0.999992 -0.00200653 -0.00359368 0 0.00199115 0.999989 -0.00427978 0 0.00360223 0.00427259 0.999984 0 3.55501 1.26971 25.5732 1 2
0.999992 -0.00200653 -0.00359368 0 0.00199115 0.999989 -0.00427978 0 0.00360223 0.00427259 0.999984 0 3.55501 1.26971 25.5732 1 2
0.999992 -0.00200653 -0.00359368 0 0.00199115 0.999989 -0.00427978 0 0.00360223 0.00427259 0.999984 0 3.55501 1.26971 25.5732 1 2
0.999992 -0.00200653 -0.00359368 0 0.00199115 0.999989 -0.00427978 0 0.00360223 0.00427259 0.999984 0 3.55501 1.26971 25.5732 1 2
0.999992 -0.00200653 -0.00359368 0 0.00199115 0.999989 -0.00427978 0 0.00360223 0.00427259 0.999984 0 3.55501 1.26971 25.5732 1 2
0.999992 -0.00200653 -0.00359368 0 0.00199115 0.999989 -0.00427978 0 0.00360223 0.00427259 0.999984 0 3.55501 1.26971 25.5732 1 2
0.999992 -0.00200653 -0.00359368 0 0.00199115 0.999989 -0.00427978 0 0.00360223 0.00427259 0.999984 0 3.55501 1.26971 25.5732 1 2
0.999992 -0.00200653 -0.00359368 0 0.00199115 0.999989 -0.00427978 0 0.00360223 0.00427259 0.999984 0 3.55501 1.26971 25.5732 1 2
0.999992 -0.00200653 -0.00359368 0 0.00199115 0.999989 -0.00427978 0 0.00360223 0.00427259 0.999984 0 3.55501 1.26971 25.5732 1 2
0.999992 -0.00200653 -0.00359368 0 0.00199115 0.999989 -0.00427978 0 0.00360223 0.00427259 0.999984 0 3.55501 1.26971 25.5732 1 2
0.999992 -0.00200653 -0.00359368 0 0.00199115 0.999989 -0.00427978 0 0.00360223 0.00427259 0.999984 0 3.55501 1.26971 25.5732 1 2
0.999992 -0.00200653 -0.00359368 0 0.00199115 0.999989 -0.00427978 0 0.00360223 0.00427259 0.999984 0 3.55501 1.26971 25.5732 1 2
0.999992 -0.00200653 -0.00359368 0 0.00199115 0.999989 -0.00427978 0 0.00360223 0.00427259 0.999984 0 3.55501 1.26971 25.5732 1 2
0.999992 -0.00200653 -0.00359368 0 0.00199115 0.999989 -0.00427978 0 0.00360223 0.00427259 0.999984 0 3.55501 1.26971 25.5732 1 2
0.999992 -0.00200653 -0.00359368 0 0.00199115 0.999989 -0.00427978 0 0.00360223 0.00427259 0.999984 0 3.55501 1.26971 25.5732 1 2
0.999992 -0.00200653 -0.00359368 0 0.00199115 0.999989 -0.00427978 0 0.00360223 0.00427259 0.999984 0 3.55501 1.26971 25.5732 1 2
0.999992 -0.00200653 -0.00359368 0 0.00199115 0.999989 -0.00427978 0 0.00360223 0.00427259 0.999984 0 3.55501 1.26971 25.5732 1 2
0.999992 -0.00200653 -0.00359368 0 0.00199115 0.999989 -0.00427978 0 0.00360223 0.00427259 0.999984 0 3.55501 1.26971 25.5732 1 2
0.999992 -0.00200653 -0.00359368 0 0.00199115 0.999989 -0.00427978 0 0.00360223 0.00427259 0.999984 0 3.55501 1.26971 25.5732 1 2
0.999992 -0.00200653 -0.00359368 0 0.00199115 0.999989 -0.00427978 0 0.00360223 0.00427259 0.999984 0 3.55501 1.26971 25.5732 1 2
0.999992 -0.00200653 -0.00359368 0 0.00199115 0.999989 -0.00427978 0 0.00360223 0.00427259 0.999984 0 3.55501 1.26971 25.5732 1 2
0.999992 -0.00200653 -0.00359368 0 0.00199115 0.999989 -0.00427978 0 0.00360223 0.00427259 0.999984 0 3.55501 1.26971 25.5732 1 2
0.999992 -0.00200653 -0.00359368 0 0.00199115 0.999989 -0.00427978 0 0.00360223 0.00427259 0.999984 0 3.55501 1.26971 25.5732 1 2
0.999992 -0.00200653 -0.00359368 0 0.00199115 0.999989 -0.00427978 0 0.00360223 0.00427259 0.999984 0 3.55501 1.26971 25.5732 1 2
0.999992 -0.00200653 -0.00359368 0 0.00199115 0.999989 -0.00427978 0 0.00360223 0.00427259 0.999984 0 3.55501 1.26971 25.5732 1 2
0.999992 -0.00200653 -0.00359368 0 0.00199115 0.999989 -0.00427978 0 0.00360223 0.00427259 0.999984 0 3.55501 1.26971 25.5732 1 2
0.999992 -0.00200653 -0.00359368 0 0.00199115 0.999989 -0.00427978 0 0.00360223 0.00427259 0.999984 0 3.55501 1.26971 25.5732 1 2
0.999992 -0.00200653 -0.00359368 0 0.00199115 0.999989 -0.00427978 0 0.00360223 0.00427259 0.999984 0 3.55501 1.26971 25.5732 1 2
0.999992 -0.00200653 -0.00359368 0 0.00199115 0.999989 -0.00427978 0 0.00360223 0.00427259 0.999984 0 3.55501 1.26971 25.5732 1 2
0.999992 -0.00200653 -0.00359368 0 0.00199115 0.999989 -0.00427978 0 0.00360223 0.00427259 0.999984 0 3.55501 1.26971 25.5732 1 2
0.999992 -0.00200653 -0.00359368 0 0.00199115 0.999989 -0.00427978 0 0.00360223 0.00427259 0.999984 0 3.55501 1.26971 25.5732 1 2
0.999992 -0.00200653 -0.00359368 0 0.00199115 0.999989 -0.00427978 0 0.00360223 0.00427259 0.999984 0 3.55501 1.26971 25.5732 1 2
0.999992 -0.00200653 -0.00359368 0 0.00199115 0.999989 -0.00427978 0 0.00360223 0.00427259 0.999984 0 3.55501 1.26971 25.5732 1 2
0.999992 -0.00200653 -0.00359368 0 0.00199115 0.999989 -0.00427978 0 0.00360223 0.00427259 0.999984 0 3.55501 1.26971 25.5732 1 2
0.999992 -0.00200653 -0.00359368 0 0.00199115 0.999989 -0.00427978 0 0.00360223 0.00427259 0.999984 0 3.55501 1.26971 25.5732 1 2
0.999992 -0.00200653 -0.00359368 0 0.00199115 0.999989 -0.00427978 0 0.00360223 0.00427259 0.999984 0 3.55501 1.26971 25.5732 1 2
0.999992 -0.00200653 -0.00359368 0 0.00199115 0.999989 -0.00427978 0 0.00360223 0.00427259 0.999984 0 3.55501 1.26971 25.5732 1 2
0.999992 -0.00200653 -0.00359368 0 0.00199115 0.999989 -0.00427978 0 0.00360223 0.00427259 0.999984 0 3.55501 1.26971 25.5732 1 2
0.999992 -0.00200653 -0.00359368 0 0.00199115 0.999989 -0.00427978 0 0.00360223 0.00427259 0.999984 0 3.55501 1.26971 25.5732 1 2
0.999992 -0.00200653 -0.00359368 0 0.00199115 0.999989 -0.00427978 0 0.00360223 0.00427259 0.999984 0 3.55501 1.26971 25.5732 1 2
0.999992 -0.00200653 -0.00359368 0 0.00199115 0.999989 -0.00427978 0 0.00360223 0.00427259 0.999984 0 3.55501 1.26971 25.5732 1 2
0.999992 -0.00200653 -0.00359368 0 0.00199115 0.999989 -0.00427978 0 0.00360223 0.00427259 0.999984 0 3.55501 1.26971 25.5732 1 2
0.999992 -0.00200653 -0.00359368 0 0.00199115 0.999989 -0.00427978 0 0.00360223 0.00427259 0.999984 0 3.55501 1.26971 25.5732 1 2
0.999992 -0.00200653 -0.00359368 0 0.00199115 0.999989 -0.00427978 0 0.00360223 0.00427259 0.999984 0 3.55501 1.26971 25.5732 1 2
0.999992 -0.00200653 -0.00359368 0 0.00199115 0.999989 -0.00427978 0 0.00360223 0.00427259 0.999984 0 3.55501 1.26971 25.5732 1 2
0.999992 -0.00200653 -0.00359368 0 0.00199115 0.999989 -0.00427978 0 0.00360223 0.00427259 0.999984 0 3.55501 1.26971 25.5732 1 2
0.999992 -0.00200653 -0.00359368 0 0.00199115 0.999989 -0.00427978 0 0.00360223 0.00427259 0.999984 0 3.55501 1.26971 25.5732 1 2
0.999992 -0.00200653 -0.00359368 0 0.00199115 0.999989 -0.00427978 0 0.00360223 0.00427259 0.999984 0 3.55501 1.26971 25.5732 1 2
0.999992 -0.00200653 -0.00359368 0 0.00199115 0.999989 -0.00427978 0 0.00360223 0.00427259 0.999984 0 3.55501 1.26971 25.5732 1 2
0.999992 -0.00200653 -0.00359368 0 0.00199115 0.999989 -0.00427978 0 0.00360223 0.00427259 0.999984 0 3.55501 1.26971 25.5732 1 2
0.999992 -0.00200653 -0.00359368 0 0.00199115 0.999989 -0.00427978 0 0.00360223 0.00427259 0.999984 0 3.55501 1.26971 25.5732 1 2
0.999992 -0.00200653 -0.00359368 0 0.00199115 0.999989 -0.00427978 0 0.00360223 0.00427259 0.999984 0 3.55501 1.26971 25.5732 1 2
0.999992 -0.00200653 -0.00359368 0 0.00199115 0.999989 -0.00427978 0 0.00360223 0.00427259 0.999984 0 3.55501 1.26971 25.5732 1 2
0.999992 -0.00200653 -0.00359368 0 0.00199115 0.999989 -0.00427978 0 0.00360223 0.00427259 0.999984 0 3.55501 1.26971 25.5732 1 2
0.999992 -0.00200653 -0.00359368 0 0.00199115 0.999989 -0.00427978 0 0.00360223 0.00427259 0.999984 0 3.55501 1.26971 25.5732 1 2
0.999992 -0.00200653 -0.00359368 0 0.00199115 0.999989 -0.00427978 0 0.00360223 0.00427259 0.999984 0 3.55501 1.26971 25.5732 1 2
0.999992 -0.00200653 -0.00359368 0 0.00199115 0.999989 -0.00427978 0 0.00360223 0.00427259 0.999984 0 3.55501 1.26971 25.5732 1 2
0.999992 -0.00200653 -0.00359368 0 0.00199115 0.999989 -0.00427978 0 0.00360223 0.00427259 0.999984 0 3.55501 1.26971 25.5732 1 2
0.999992 -0.00200653 -0.00359368 0 0.00199115 0.999989 -0.00427978 0 0.00360223 0.00427259 0.999984 0 3.55501 1.26971 25.5732 1 2
0.999992 -0.00200653 -0.00359368 0 0.00199115 0.999989 -0.00427978 0 0.00360223 0.00427259 0.999984 0 3.55501 1.26971 25.5732 1 2
0.999992 -0.00200653 -0.00359368 0 0.00199115 0.999989 -0.00427978 0 0.00360223 0.00427259 0.999984 0 3.55501 1.26971 25.5732 1 2
0.999992 -0.00200653 -0.00359368 0 0.00199115 0.999989 -0.00427978 0 0.00360223 0.00427259 0.999984 0 3.55501 1.26971 25.5732 1 2
0.999992 -0.00200653 -0.00359368 0 0.00199115 0.999989 -0.00427978 0 0.00360223 0.00427259 0.999984 0 3.55501 1.26971 25.5732 1 2
0.999992 -0.00200653 -0.00359368 0 0.00199115 0.999989 -0.00427978 0 0.00360223 0.00427259 0.999984 0 3.55501 1.26971 25.5732 1 2
0.999992 -0.00200653 -0.00359368 0 0.00199115 0.999989 -0.00427978 0 0.00360223 0.00427259 0.999984 0 3.55501 1.26971 25.5732 1 2
0.999992 -0.00200653 -0.00359368 0 0.00199115 0.999989 -0.00427978 0 0.00360223 0.00427259 0.999984 0 3.55501 1.26971 25.5732 1 2
0.999992 -0.00200653 -0.00359368 0 0.00199115 0.999989 -0.00427978 0 0.00360223 0.00427259 0.999984 0 3.55501 1.26971 25.5732 1 2
0.999992 -0.00200653 -0.00359368 0 0.00199115 0.999989 -0.00427978 0 0.00360223 0.00427259 0.999984 0 3.55501 1.26971 25.5732 1 2
0.999992 -0.00200653 -0.00359368 0 0.00199115 0.999989 -0.00427978 0 0.00360223 0.00427259 0.999984 0 3.55501 1.26971 25.5732 1 2
0.999992 -0.00200653 -0.00359368 0 0.00199115 0.999989 -0.00427978 0 0.00360223 0.00427259 0.999984 0 3.55501 1.26971 25.5732 1 2
0.999992 -0.00200653 -0.00359368 0 0.00199115 0.999989 -0.00427978 0 0.00360223 0.00427259 0.999984 0 3.55501 1.26971 25.5732 1 2
0.999992 -0.00200653 -0.00359368 0 0.00199115 0.999989 -0.00427978 0 0.00360223 0.00427259 0.999984 0 3.55501 1.26971 25.5732 1 2
0.999992 -0.00200653 -0.00359368 0 0.00199115 0.999989 -0.00427978 0 0.00360223 0.00427259 0.999984 0 3.55501 1.26971 25.5732 1 2
0.999992 -0.00200653 -0.00359368 0 0.00199115 0.999989 -0.00427978 0 0.00360223 0.00427259 0.999984 0 3.55501 1.26971 25.5732 1 2
0.999992 -0.00200653 -0.00359368 0 0.00199115 0.999989 -0.00427978 0 0.00360223 0.00427259 0.999984 0 3.55501 1.26971 25.5732 1 2
0.999992 -0.00200653 -0.00359368 0 0.00199115 0.999989 -0.00427978 0 0.00360223 0.00427259 0.999984 0 3.55501 1.26971 25.5732 1 2
0.999992 -0.00200653 -0.00359368 0 0.00199115 0.999989 -0.00427978 0 0.00360223 0.00427259 0.999984 0 3.55501 1.26971 25.5732 1 2
0.999992 -0.00200653 -0.00359368 0 0.00199115 0.999989 -0.00427978 0 0.00360223 0.00427259 0.999984 0 3.55501 1.26971 25.5732 1 2
0.999992 -0.00200653 -0.00359368 0 0.00199115 0.999989 -0.00427978 0 0.00360223 0.00427259 0.999984 0 3.55501 1.26971 25.5732 1 2
0.999992 -0.00200653 -0.00359368 0 0.00199115 0.999989 -0.00427978 0 0.00360223 0.00427259 0.999984 0 3.55501 1.26971 25.5732 1 2
0.999992 -0.00200653 -0.00359368 0 0.00199115 0.999989 -0.00427978 0 0.00360223 0.00427259 0.999984 0 3.55501 1.26971 25.5732 1 2
0.999992 -0.00200653 -0.00359368 0 0.00199115 0.999989 -0.00427978 0 0.00360223 0.00427259 0.999984 0 3.55501 1.26971 25.5732 1 2
0.999992 -0.00200653 -0.00359368 0 0.00199115 0.999989 -0.00427978 0 0.00360223 0.00427259 0.999984 0 3.55501 1.26971 25.5732 1 2
0.999992 -0.00200653 -0.00359368 0 0.00199115 0.999989 -0.00427978 0 0.00360223 0.00427259 0.999984 0 3.55501 1.26971 25.5732 1 2
0.999992 -0.00200653 -0.00359368 0 0.00199115 0.999989 -0.00427978 0 0.00360223 0.00427259 0.999984 0 3.55501 1.26971 25.5732 1 2
0.999992 -0.00200653 -0.00359368 0 0.00199115 0.999989 -0.00427978 0 0.00360223 0.00427259 0.999984 0 3.55501 1.26971 25.5732 1 2
0.999992 -0.00200653 -0.00359368 0 0.00199115 0.999989 -0.00427978 0 0.00360223 0.00427259 0.999984 0 3.55501 1.26971 25.5732 1 2
0.999992 -0.00200653 -0.00359368 0 0.00199115 0.999989 -0.00427978 0 0.00360223 0.00427259 0.999984 0 3.55501 1.26971 25.5732 1 2
0.999992 -0.00200653 -0.00359368 0 0.00199115 0.999989 -0.00427978 0 0.00360223 0.00427259 0.999984 0 3.55501 1.26971 25.5732 1 2
0.999992 -0.00200653 -0.00359368 0 0.00199115 0.999989 -0.00427978 0 0.00360223 0.00427259 0.999984 0 3.55501 1.26971 25.5732 1 2
0.999992 -0.00200653 -0.00359368 0 0.00199115 0.999989 -0.00427978 0 0.00360223 0.00427259 0.999984 0 3.55501 1.26971 25.5732 1 2
0.999992 -0.00200653 -0.00359368 0 0.00199115 0.999989 -0.00427978 0 0.00360223 0.00427259 0.999984 0 3.55501 1.26971 25.5732 1 2
0.999992 -0.00200653 -0.00359368 0 0.00199115 0.999989 -0.00427978 0 0.00360223 0.00427259 0.999984 0 3.55501 1.26971 25.5732 1 2
0.999992 -0.00200653 -0.00359368 0 0.00199115 0.999989 -0.00427978 0 0.00360223 0.00427259 0.999984 0 3.55501 1.26971 25.5732 1 2
0.999992 -0.00200653 -0.00359368 0 0.00199115 0.999989 -0.00427978 0 0.00360223 0.00427259 0.999984 0 3.55501 1.26971 25.5732 1 2
0.999992 -0.00200653 -0.00359368 0 0.00199115 0.999989 -0.00427978 0 0.00360223 0.00427259 0.999984 0 3.55501 1.26971 25.5732 1 2
0.999992 -0.00200653 -0.00359368 0 0.00199115 0.999989 -0.00427978 0 0.00360223 0.00427259 0.999984 0 3.55501 1.26971 25.5732 1 2
0.999992 -0.00200653 -0.00359368 0 0.00199115 0.999989 -0.00427978 0 0.00360223 0.00427259 0.999984 0 3.55501 1.26971 25.5732 1 2
0.999992 -0.00200653 -0.00359368 0 0.00199115 0.999989 -0.00427978 0 0.00360223 0.00427259 0.999984 0 3.55501 1.26971 25.5732 1 2
0.999992 -0.00200653 -0.00359368 0 0.00199115 0.999989 -0.00427978 0 0.00360223 0.00427259 0.999984 0 3.55501 1.26971 25.5732 1 2
0.999992 -0.00200653 -0.00359368 0 0.00199115 0.999989 -0.00427978 0 0.00360223 0.00427259 0.999984 0 3.55501 1.26971 25.5732 1 2
0.999992 -0.00200653 -0.00359368 0 0.00199115 0.999989 -0.00427978 0 0.00360223 0.00427259 0.999984 0 3.55501 1.26971 25.5732 1 2
0.999992 -0.00200653 -0.00359368 0 0.00199115 0.999989 -0.00427978 0 0.00360223 0.00427259 0.999984 0 3.55501 1.26971 25.5732 1 2
0.999992 -0.00200653 -0.00359368 0 0.00199115 0.999989 -0.00427978 0 0.00360223 0.00427259 0.999984 0 3.55501 1.26971 25.5732 1 2
0.999992 -0.00200653 -0.00359368 0 0.00199115 0.999989 -0.00427978 0 0.00360223 0.00427259 0.999984 0 3.55501 1.26971 25.5732 1 2
0.999992 -0.00200653 -0.00359368 0 0.00199115 0.999989 -0.00427978 0 0.00360223 0.00427259 0.999984 0 3.55501 1.26971 25.5732 1 2
0.999992 -0.00200653 -0.00359368 0 0.00199115 0.999989 -0.00427978 0 0.00360223 0.00427259 0.999984 0 3.55501 1.26971 25.5732 1 2
0.999992 -0.00200653 -0.00359368 0 0.00199115 0.999989 -0.00427978 0 0.00360223 0.00427259 0.999984 0 3.55501 1.26971 25.5732 1 2
0.999992 -0.00200653 -0.00359368 0 0.00199115 0.999989 -0.00427978 0 0.00360223 0.00427259 0.999984 0 3.55501 1.26971 25.5732 1 2
0.999992 -0.00200653 -0.00359368 0 0.00199115 0.999989 -0.00427978 0 0.00360223 0.00427259 0.999984 0 3.55501 1.26971 25.5732 1 2
0.999992 -0.00200653 -0.00359368 0 0.00199115 0.999989 -0.00427978 0 0.00360223 0.00427259 0.999984 0 3.55501 1.26971 25.5732 1 2
0.999992 -0.00200653 -0.00359368 0 0.00199115 0.999989 -0.00427978 0 0.00360223 0.00427259 0.999984 0 3.55501 1.26971 25.5732 1 2
0.999992 -0.00200653 -0.00359368 0 0.00199115 0.999989 -0.00427978 0 0.00360223 0.00427259 0.999984 0 3.55501 1.26971 25.5732 1 2
0.999992 -0.00200653 -0.00359368 0 0.00199115 0.999989 -0.00427978 0 0.00360223 0.00427259 0.999984 0 3.55501 1.26971 25.5732 1 2
0.999992 -0.00200653 -0.00359368 0 0.00199115 0.999989 -0.00427978 0 0.00360223 0.00427259 0.999984 0 3.55501 1.26971 25.5732 1 2
0.999992 -0.00200653 -0.00359368 0 0.00199115 0.999989 -0.00427978 0 0.00360223 0.00427259 0.999984 0 3.55501 1.26971 25.5732 1 2
0.999992 -0.00200653 -0.00359368 0 0.00199115 0.999989 -0.00427978 0 0.00360223 0.00427259 0.999984 0 3.55501 1.26971 25.5732 1 2
0.999992 -0.00200653 -0.00359368 0 0.00199115 0.999989 -0.00427978 0 0.00360223 0.00427259 0.999984 0 3.55501 1.26971 25.5732 1 2
0.999992 -0.00200653 -0.00359368 0 0.00199115 0.999989 -0.00427978 0 0.00360223 0.00427259 0.999984 0 3.55501 1.26971 25.5732 1 2
0.999992 -0.00200653 -0.00359368 0 0.00199115 0.999989 -0.00427978 0 0.00360223 0.00427259 0.999984 0 3.55501 1.26971 25.5732 1 2
0.999992 -0.00200653 -0.00359368 0 0.00199115 0.999989 -0.00427978 0 0.00360223 0.00427259 0.999984 0 3.55501 1.26971 25.5732 1 2
0.999992 -0.00200653 -0.00359368 0 0.00199115 0.999989 -0.00427978 0 0.00360223 0.00427259 0.999984 0 3.55501 1.26971 25.5732 1 2
0.999992 -0.00220413 -0.00345196 0 0.00218704 0.999985 -0.00494723 0 0.00346282 0.00493964 0.999982 0 4.04155 1.07967 25.3491 1 3
0.99999 -0.00257567 -0.00357108 0 0.00255578 0.999981 -0.00556166 0 0.00358534 0.00555248 0.999978 0 4.62494 1.01155 25.2819 1 3
0.999989 -0.00275722 -0.00366752 0 0.00273539 0.999979 -0.00594151 0 0.00368382 0.00593142 0.999976 0 5.03101 0.886278 25.1701 1 3
0.999989 -0.00253366 -0.00398046 0 0.00250853 0.999977 -0.00630394 0 0.00399634 0.00629388 0.999972 0 4.90056 0.828384 25.1409 1 3
0.999989 -0.00233222 -0.00415257 0 0.00230441 0.999975 -0.00668852 0 0.00416806 0.00667888 0.999969 0 4.88025 0.630454 25.1012 1 3
0.999989 -0.00213574 -0.00428537 0 0.00210528 0.999973 -0.00710041 0 0.00430041 0.00709131 0.999966 0 4.87206 0.415738 25.0356 1 3
0.999988 -0.00187839 -0.00441514 0 0.00184517 0.99997 -0.00751613 0 0.00442913 0.00750789 0.999962 0 4.90374 0.18863 24.9324 1 3
0.999988 -0.00159894 -0.00454768 0 0.00156356 0.999969 -0.00777361 0 0.00455996 0.00776641 0.999959 0 4.97835 0.0274342 24.7955 1 3
0.999988 -0.00106453 -0.00482567 0 0.0010275 0.99997 -0.00766999 0 0.00483369 0.00766494 0.999959 0 4.96837 0.0429578 24.6765 1 3
0.999987 -0.000641107 -0.00496466 0 0.000603707 0.999971 -0.00753112 0 0.00496935 0.00752803 0.999959 0 4.94624 -0.0197927 24.4986 1 3
0.999987 -0.000204989 -0.00504573 0 0.000166658 0.999971 -0.00759611 0 0.00504715 0.00759517 0.999958 0 4.97505 -0.135911 24.3349 1 3
0.999987 0.000284682 -0.00512685 0 -0.000323498 0.999971 -0.00757196 0 0.00512455 0.00757352 0.999958 0 5.09187 -0.306171 24.1882 1 3
0.999986 0.000701372 -0.00516892 0 -0.000740262 0.999971 -0.00752574 0 0.00516349 0.00752947 0.999958 0 5.21801 -0.46639 24.0906 1 3
0.999986 0.00111168 -0.00521859 0 -0.00115048 0.999972 -0.0074383 0 0.00521018 0.0074442 0.999959 0 5.34553 -0.595534 24.0382 1 3
0.999985 0.00149132 -0.00524275 0 -0.00152915 0.999973 -0.00722004 0 0.00523184 0.00722795 0.99996 0 5.46938 -0.647396 23.9522 1 3
0.999984 0.00173616 -0.00529643 0 -0.00177281 0.999974 -0.00692263 0 0.00528428 0.00693192 0.999962 0 5.55296 -0.58526 23.8704 1 3
0.999986 0.00144163 -0.00509771 0 -0.00147423 0.999978 -0.00639591 0 0.00508838 0.00640334 0.999967 0 5.93954 -0.437162 23.5111 1 3
0.999987 0.00126026 -0.00490158 0 -0.00128904 0.999982 -0.00587221 0 0.00489409 0.00587845 0.999971 0 6.32442 -0.153758 23.1663 1 3
0.999988 0.00117557 -0.00482162 0 -0.00120188 0.999984 -0.00545741 0 0.00481513 0.00546314 0.999973 0 6.68644 0.193057 22.7689 1 3
0.999988 0.00104281 -0.00476183 0 -0.00106353 0.99999 -0.00435049 0 0.00475724 0.0043555 0.999979 0 6.9942 0.931125 22.1257 1 3
0.999988 0.00111287 -0.00466859 0 -0.00113064 0.999992 -0.00380553 0 0.00466432 0.00381076 0.999982 0 7.22697 1.2316 21.5169 1 3
0.999989 0.00118211 -0.00449824 0 -0.00119536 0.999995 -0.00294507 0 0.00449473 0.00295042 0.999986 0 7.41631 1.63368 20.9596 1 3
0.99999 0.00112497 -0.00429031 0 -0.00113439 0.999997 -0.00219329 0 0.00428783 0.00219813 0.999988 0 7.64522 1.90383 20.3236 1 3
0.999991 0.00110926 -0.0040904 0 -0.00111625 0.999998 -0.00170785 0 0.0040885 0.0017124 0.99999 0 7.86255 1.90096 19.6057 1 3
0.999991 0.00113038 -0.00402909 0 -0.00113645 0.999998 -0.00150452 0 0.00402738 0.00150908 0.999991 0 8.13127 1.89388 18.8595 1 3
0.999992 0.00125086 -0.00381741 0 -0.00125627 0.999998 -0.00141419 0 0.00381563 0.00141898 0.999992 0 8.38192 1.81805 18.098 1 3
0.999993 0.00133582 -0.00361867 0 -0.00134087 0.999998 -0.00139393 0 0.0036168 0.00139877 0.999992 0 8.66939 1.7575 17.5424 1 3
0.999994 0.0013495 -0.00331433 0 -0.00135363 0.999998 -0.00124462 0 0.00331264 0.0012491 0.999994 0 8.93663 1.68352 16.9076 1 3
0.999994 0.00148083 -0.00306484 0 -0.00148398 0.999998 -0.00102415 0 0.00306331 0.00102869 0.999995 0 9.2616 1.56032 16.3313 1 3
0.999995 0.00159241 -0.0027889 0 -0.00159484 0.999998 -0.000869365 0 0.00278752 0.000873808 0.999996 0 9.52433 1.38949 15.8586 1 3
0.999996 0.00171648 -0.00245038 0 -0.00171842 0.999998 -0.000789562 0 0.00244902 0.00079377 0.999997 0 9.74741 1.25783 15.4489 1 3
0.999996 0.00190344 -0.00221295 0 -0.00190501 0.999998 -0.000707692 0 0.0022116 0.000711904 0.999997 0 9.90641 1.1771 15.0317 1 3
0.999996 0.00216804 -0.00188906 0 -0.00216923 0.999997 -0.000632493 0 0.00188768 0.000636588 0.999998 0 10.1673 1.04759 14.6709 1 3
0.999996 0.0024153 -0.00162716 0 -0.00241621 0.999997 -0.000559828 0 0.0016258 0.000563757 0.999999 0 10.4624 0.938505 14.3451 1 3
0.999996 0.00255035 -0.00147233 0 -0.00255116 0.999997 -0.000547639 0 0.00147093 0.000551393 0.999999 0 10.8056 0.853769 14.046 1 3
0.999996 0.00240431 -0.0012921 0 -0.00240545 0.999997 -0.000878141 0 0.00128998 0.000881246 0.999999 0 10.9694 0.630701 14.4703 1 3
0.999996 0.00244152 -0.00112384 0 -0.00244271 0.999996 -0.00105664 0 0.00112126 0.00105938 0.999999 0 11.1644 0.521623 14.7749 1 3
0.999996 0.00249599 -0.000945907 0 -0.00249716 0.999996 -0.00124332 0 0.0009428 0.00124568 0.999999 0 11.4649 0.449928 14.9586 1 3
0.999996 0.0025393 -0.000806478 0 -0.00254045 0.999996 -0.00142901 0 0.000802846 0.00143106 0.999999 0 11.7012 0.40557 15.0947 1 3
0.999996 0.0026464 -0.000653359 0 -0.00264741 0.999995 -0.00154993 0 0.000649254 0.00155166 0.999999 0 11.9024 0.388556 15.2266 1 3
0.999996 0.00272122 -0.000534208 0 -0.00272209 0.999995 -0.0016391 0 0.000529744 0.00164054 0.999999 0 12.0999 0.366306 15.3214 1 3
0.999996 0.00291985 -0.000588859 0 -0.00292069 0.999995 -0.00142214 0 0.000584703 0.00142385 0.999999 0 12.0643 0.468369 15.2809 1 3
0.999995 0.00298094 -0.000479076 0 -0.00298159 0.999995 -0.0013678 0 0.000474997 0.00136922 0.999999 0 12.1909 0.474121 15.3671 1 3
0.999995 0.00306182 -0.00038721 0 -0.00306231 0.999995 -0.00125649 0 0.00038336 0.00125767 0.999999 0 12.2672 0.487741 15.4164 1 3
0.999995 0.00310471 -0.000237658 0 -0.00310499 0.999994 -0.00117079 0 0.000234022 0.00117152 0.999999 0 12.3709 0.4664 15.4631 1 3
0.999995 0.00316462 -6.89842e-05 0 -0.0031647 0.999994 -0.0011526 0 6.53362e-05 0.00115282 0.999999 0 12.5352 0.457596 15.5217 1 3
0.999995 0.00318065 9.83914e-05 0 -0.00318054 0.999994 -0.0010939 0 -0.00010187 0.00109358 0.999999 0 12.6829 0.453628 15.5853 1 3
0.999995 0.00321956 0.000244682 0 -0.0032193 0.999994 -0.00108101 0 -0.000248161 0.00108022 0.999999 0 12.8402 0.443217 15.6949 1 3
0.999995 0.0032722 0.00035552 0 -0.0032718 0.999994 -0.0011081 0 -0.000359144 0.00110693 0.999999 0 12.9881 0.442888 15.7609 1 3
0.999994 0.00333376 0.000477588 0 -0.00333323 0.999994 -0.00109879 0 -0.000481248 0.0010972 0.999999 0 13.1231 0.461863 15.8226 1 3
