0.00795513 0 0.999968 0 0 1 0 0 -0.999968 0 0.00795513 0 -4217.31 0 -161.648 1 0
0.00795513 0 0.999968 0 0 1 0 0 -0.999968 0 0.00795513 0 -4217.31 0 -161.648 1 0
0.00795513 0 0.999968 0 0 1 0 0 -0.999968 0 0.00795513 0 -4217.31 0 -161.648 1 0
0.00795513 0 0.999968 0 0 1 0 0 -0.999968 0 0.00795513 0 -4217.31 0 -161.648 1 0
0.00795513 0 0.999968 0 0 1 0 0 -0.999968 0 0.00795513 0 -4217.31 0 -161.648 1 0
0.00795513 0 0.999968 0 0 1 0 0 -0.999968 0 0.00795513 0 -4217.31 0 -161.648 1 0
0.00795513 0 0.999968 0 0 1 0 0 -0.999968 0 0.00795513 0 -4217.31 0 -161.648 1 0
0.00795513 0 0.999968 0 0 1 0 0 -0.999968 0 0.00795513 0 -4217.31 0 -161.648 1 0
0.00795513 0 0.999968 0 0 1 0 0 -0.999968 0 0.00795513 0 -4217.31 0 -161.648 1 0
0.00795513 0 0.999968 0 0 1 0 0 -0.999968 0 0.00795513 0 -4217.31 0 -161.648 1 0
0.00795513 0 0.999968 0 0 1 0 0 -0.999968 0 0.00795513 0 -4217.31 0 -161.648 1 0
0.00795513 0 0.999968 0 0 1 0 0 -0.999968 0 0.00795513 0 -4217.31 0 -161.648 1 0
0.00795513 0 0.999968 0 0 1 0 0 -0.999968 0 0.00795513 0 -4217.31 0 -161.648 1 0
0.00795513 0 0.999968 0 0 1 0 0 -0.999968 0 0.00795513 0 -4217.31 0 -161.648 1 0
0.00795513 0 0.999968 0 0 1 0 0 -0.999968 0 0.00795513 0 -4217.31 0 -161.648 1 0
0.00795513 0 0.999968 0 0 1 0 0 -0.999968 0 0.00795513 0 -4217.31 0 -161.648 1 0
0.00795513 0 0.999968 0 0 1 0 0 -0.999968 0 0.00795513 0 -4217.31 0 -161.648 1 0
0.00795513 0 0.999968 0 0 1 0 0 -0.999968 0 0.00795513 0 -4217.31 0 -161.648 1 0
0.00795513 0 0.999968 0 0 1 0 0 -0.999968 0 0.00795513 0 -4217.31 0 -161.648 1 0
0.00795513 0 0.999968 0 0 1 0 0 -0.999968 0 0.00795513 0 -4217.31 0 -161.648 1 0
0.00795513 0 0.999968 0 0 1 0 0 -0.999968 0 0.00795513 0 -4217.31 0 -161.648 1 0
0.00795513 0 0.999968 0 0 1 0 0 -0.999968 0 0.00795513 0 -4217.31 0 -161.648 1 0
0.00795513 0 0.999968 0 0 1 0 0 -0.999968 0 0.00795513 0 -4217.31 0 -161.648 1 0
0.00795513 0 0.999968 0 0 1 0 0 -0.999968 0 0.00795513 0 -4217.31 0 -161.648 1 0
0.00795513 0 0.999968 0 0 1 0 0 -0.999968 0 0.00795513 0 -4217.31 0 -161.648 1 0
0.00795513 0 0.999968 0 0 1 0 0 -0.999968 0 0.00795513 0 -4217.31 0 -161.648 1 0
0.00795513 0 0.999968 0 0 1 0 0 -0.999968 0 0.00795513 0 -4217.31 0 -161.648 1 0
0.00795513 0 0.999968 0 0 1 0 0 -0.999968 0 0.00795513 0 -4217.31 0 -161.648 1 0
0.00795513 0 0.999968 0 0 1 0 0 -0.999968 0 0.00795513 0 -4217.31 0 -161.648 1 0
0.00795513 0 0.999968 0 0 1 0 0 -0.999968 0 0.00795513 0 -4217.31 0 -161.648 1 0
0.00795513 0 0.999968 0 0 1 0 0 -0.999968 0 0.00795513 0 -4217.31 0 -161.648 1 0
0.00795513 0 0.999968 0 0 1 0 0 -0.999968 0 0.00795513 0 -4217.31 0 -161.648 1 0
0.00795513 0 0.999968 0 0 1 0 0 -0.999968 0 0.00795513 0 -4217.31 0 -161.648 1 0
0.00795513 0 0.999968 0 0 1 0 0 -0.999968 0 0.00795513 0 -4217.31 0 -161.648 1 0
0.00795513 0 0.999968 0 0 1 0 0 -0.999968 0 0.00795513 0 -4217.31 0 -161.648 1 0
0.00795513 0 0.999968 0 0 1 0 0 -0.999968 0 0.00795513 0 -4217.31 0 -161.648 1 0
0.00795513 0 0.999968 0 0 1 0 0 -0.999968 0 0.00795513 0 -4217.31 0 -161.648 1 0
0.00795513 0 0.999968 0 0 1 0 0 -0.999968 0 0.00795513 0 -4217.31 0 -161.648 1 0
0.00795513 0 0.999968 0 0 1 0 0 -0.999968 0 0.00795513 0 -4217.31 0 -161.648 1 0
0.00795513 0 0.999968 0 0 1 0 0 -0.999968 0 0.00795513 0 -4217.31 0 -161.648 1 0
0.00795513 0 0.999968 0 0 1 0 0 -0.999968 0 0.00795513 0 -4217.31 0 -161.648 1 0
0.00795513 0 0.999968 0 0 1 0 0 -0.999968 0 0.00795513 0 -4217.31 0 -161.648 1 0
0.00795513 0 0.999968 0 0 1 0 0 -0.999968 0 0.00795513 0 -4217.31 0 -161.648 1 0
0.00795513 0 0.999968 0 0 1 0 0 -0.999968 0 0.00795513 0 -4217.31 0 -161.648 1 0
0.00795513 0 0.999968 0 0 1 0 0 -0.999968 0 0.00795513 0 -4217.31 0 -161.648 1 0
0.00795513 0 0.999968 0 0 1 0 0 -0.999968 0 0.00795513 0 -4217.31 0 -161.648 1 0
0.00795513 0 0.999968 0 0 1 0 0 -0.999968 0 0.00795513 0 -4217.31 0 -161.648 1 0
0.00795513 0 0.999968 0 0 1 0 0 -0.999968 0 0.00795513 0 -4217.31 0 -161.648 1 0
0.00795513 0 0.999968 0 0 1 0 0 -0.999968 0 0.00795513 0 -4217.31 0 -161.648 1 0
0.00795513 0 0.999968 0 0 1 0 0 -0.999968 0 0.00795513 0 -4217.31 0 -161.648 1 0
0.0466451 -0.0894514 0.994898 0 0.0332599 0.995569 0.0879524 0 -0.998358 0.0289876 0.0494136 0 -4024.02 -15.4487 1378.42 1 1
0.0535622 -0.0687118 0.996198 0 0.0599423 0.996052 0.0654788 0 -0.996764 0.0562072 0.0574695 0 -4033.57 -17.7947 1452.01 1 1
0.0535622 -0.0687118 0.996198 0 0.0599423 0.996052 0.0654788 0 -0.996764 0.0562072 0.0574695 0 -4033.57 -17.7947 1452.01 1 2
0.0535622 -0.0687118 0.996198 0 0.0599423 0.996052 0.0654788 0 -0.996764 0.0562072 0.0574695 0 -4033.57 -17.7947 1452.01 1 2
0.0535622 -0.0687118 0.996198 0 0.0599423 0.996052 0.0654788 0 -0.996764 0.0562072 0.0574695 0 -4033.57 -17.7947 1452.01 1 2
0.0535622 -0.0687118 0.996198 0 0.0599423 0.996052 0.0654788 0 -0.996764 0.0562072 0.0574695 0 -4033.57 -17.7947 1452.01 1 2
0.0535622 -0.0687118 0.996198 0 0.0599423 0.996052 0.0654788 0 -0.996764 0.0562072 0.0574695 0 -4033.57 -17.7947 1452.01 1 2
0.0535622 -0.0687118 0.996198 0 0.0599423 0.996052 0.0654788 0 -0.996764 0.0562072 0.0574695 0 -4033.57 -17.7947 1452.01 1 2
0.0535622 -0.0687118 0.996198 0 0.0599423 0.996052 0.0654788 0 -0.996764 0.0562072 0.0574695 0 -4033.57 -17.7947 1452.01 1 2
0.0535622 -0.0687118 0.996198 0 0.0599423 0.996052 0.0654788 0 -0.996764 0.0562072 0.0574695 0 -4033.57 -17.7947 1452.01 1 2
0.0535622 -0.0687118 0.996198 0 0.0599423 0.996052 0.0654788 0 -0.996764 0.0562072 0.0574695 0 -4033.57 -17.7947 1452.01 1 2
0.0535622 -0.0687118 0.996198 0 0.0599423 0.996052 0.0654788 0 -0.996764 0.0562072 0.0574695 0 -4033.57 -17.7947 1452.01 1 2
0.0535622 -0.0687118 0.996198 0 0.0599423 0.996052 0.0654788 0 -0.996764 0.0562072 0.0574695 0 -4033.57 -17.7947 1452.01 1 2
0.0535622 -0.0687118 0.996198 0 0.0599423 0.996052 0.0654788 0 -0.996764 0.0562072 0.0574695 0 -4033.57 -17.7947 1452.01 1 2
0.0535622 -0.0687118 0.996198 0 0.0599423 0.996052 0.0654788 0 -0.996764 0.0562072 0.0574695 0 -4033.57 -17.7947 1452.01 1 2
0.0535622 -0.0687118 0.996198 0 0.0599423 0.996052 0.0654788 0 -0.996764 0.0562072 0.0574695 0 -4033.57 -17.7947 1452.01 1 2
0.0535622 -0.0687118 0.996198 0 0.0599423 0.996052 0.0654788 0 -0.996764 0.0562072 0.0574695 0 -4033.57 -17.7947 1452.01 1 2
0.0535622 -0.0687118 0.996198 0 0.0599423 0.996052 0.0654788 0 -0.996764 0.0562072 0.0574695 0 -4033.57 -17.7947 1452.01 1 2
0.0535622 -0.0687118 0.996198 0 0.0599423 0.996052 0.0654788 0 -0.996764 0.0562072 0.0574695 0 -4033.57 -17.7947 1452.01 1 2
0.0535622 -0.0687118 0.996198 0 0.0599423 0.996052 0.0654788 0 -0.996764 0.0562072 0.0574695 0 -4033.57 -17.7947 1452.01 1 2
0.0535622 -0.0687118 0.996198 0 0.0599423 0.996052 0.0654788 0 -0.996764 0.0562072 0.0574695 0 -4033.57 -17.7947 1452.01 1 2
0.0535622 -0.0687118 0.996198 0 0.0599423 0.996052 0.0654788 0 -0.996764 0.0562072 0.0574695 0 -4033.57 -17.7947 1452.01 1 2
0.0535622 -0.0687118 0.996198 0 0.0599423 0.996052 0.0654788 0 -0.996764 0.0562072 0.0574695 0 -4033.57 -17.7947 1452.01 1 2
0.0535622 -0.0687118 0.996198 0 0.0599423 0.996052 0.0654788 0 -0.996764 0.0562072 0.0574695 0 -4033.57 -17.7947 1452.01 1 2
0.0535622 -0.0687118 0.996198 0 0.0599423 0.996052 0.0654788 0 -0.996764 0.0562072 0.0574695 0 -4033.57 -17.7947 1452.01 1 2
0.0535622 -0.0687118 0.996198 0 0.0599423 0.996052 0.0654788 0 -0.996764 0.0562072 0.0574695 0 -4033.57 -17.7947 1452.01 1 2
0.0535622 -0.0687118 0.996198 0 0.0599423 0.996052 0.0654788 0 -0.996764 0.0562072 0.0574695 0 -4033.57 -17.7947 1452.01 1 2
0.0535622 -0.0687118 0.996198 0 0.0599423 0.996052 0.0654788 0 -0.996764 0.0562072 0.0574695 0 -4033.57 -17.7947 1452.01 1 2
0.0535622 -0.0687118 0.996198 0 0.0599423 0.996052 0.0654788 0 -0.996764 0.0562072 0.0574695 0 -4033.57 -17.7947 1452.01 1 2
0.0535622 -0.0687118 0.996198 0 0.0599423 0.996052 0.0654788 0 -0.996764 0.0562072 0.0574695 0 -4033.57 -17.7947 1452.01 1 2
0.0535622 -0.0687118 0.996198 0 0.0599423 0.996052 0.0654788 0 -0.996764 0.0562072 0.0574695 0 -4033.57 -17.7947 1452.01 1 2
0.0535622 -0.0687118 0.996198 0 0.0599423 0.996052 0.0654788 0 -0.996764 0.0562072 0.0574695 0 -4033.57 -17.7947 1452.01 1 2
0.0535622 -0.0687118 0.996198 0 0.0599423 0.996052 0.0654788 0 -0.996764 0.0562072 0.0574695 0 -4033.57 -17.7947 1452.01 1 2
0.0535622 -0.0687118 0.996198 0 0.0599423 0.996052 0.0654788 0 -0.996764 0.0562072 0.0574695 0 -4033.57 -17.7947 1452.01 1 2
0.0535622 -0.0687118 0.996198 0 0.0599423 0.996052 0.0654788 0 -0.996764 0.0562072 0.0574695 0 -4033.57 -17.7947 1452.01 1 2
0.0535622 -0.0687118 0.996198 0 0.0599423 0.996052 0.0654788 0 -0.996764 0.0562072 0.0574695 0 -4033.57 -17.7947 1452.01 1 2
0.0535622 -0.0687118 0.996198 0 0.0599423 0.996052 0.0654788 0 -0.996764 0.0562072 0.0574695 0 -4033.57 -17.7947 1452.01 1 2
0.0535622 -0.0687118 0.996198 0 0.0599423 0.996052 0.0654788 0 -0.996764 0.0562072 0.0574695 0 -4033.57 -17.7947 1452.01 1 2
0.0535622 -0.0687118 0.996198 0 0.0599423 0.996052 0.0654788 0 -0.996764 0.0562072 0.0574695 0 -4033.57 -17.7947 1452.01 1 2
0.0535622 -0.0687118 0.996198 0 0.0599423 0.996052 0.0654788 0 -0.996764 0.0562072 0.0574695 0 -4033.57 -17.7947 1452.01 1 2
0.0535622 -0.0687118 0.996198 0 0.0599423 0.996052 0.0654788 0 -0.996764 0.0562072 0.0574695 0 -4033.57 -17.7947 1452.01 1 2
0.0535622 -0.0687118 0.996198 0 0.0599423 0.996052 0.0654788 0 -0.996764 0.0562072 0.0574695 0 -4033.57 -17.7947 1452.01 1 2
0.0535622 -0.0687118 0.996198 0 0.0599423 0.996052 0.0654788 0 -0.996764 0.0562072 0.0574695 0 -4033.57 -17.7947 1452.01 1 2
0.0535622 -0.0687118 0.996198 0 0.0599423 0.996052 0.0654788 0 -0.996764 0.0562072 0.0574695 0 -4033.57 -17.7947 1452.01 1 2
0.0535622 -0.0687118 0.996198 0 0.0599423 0.996052 0.0654788 0 -0.996764 0.0562072 0.0574695 0 -4033.57 -17.7947 1452.01 1 2
0.0535622 -0.0687118 0.996198 0 0.0599423 0.996052 0.0654788 0 -0.996764 0.0562072 0.0574695 0 -4033.57 -17.7947 1452.01 1 2
0.0535622 -0.0687118 0.996198 0 0.0599423 0.996052 0.0654788 0 -0.996764 0.0562072 0.0574695 0 -4033.57 -17.7947 1452.01 1 2
0.0535622 -0.0687118 0.996198 0 0.0599423 0.996052 0.0654788 0 -0.996764 0.0562072 0.0574695 0 -4033.57 -17.7947 1452.01 1 2
0.0535622 -0.0687118 0.996198 0 0.0599423 0.996052 0.0654788 0 -0.996764 0.0562072 0.0574695 0 -4033.57 -17.7947 1452.01 1 2
0.0535622 -0.0687118 0.996198 0 0.0599423 0.996052 0.0654788 0 -0.996764 0.0562072 0.0574695 0 -4033.57 -17.7947 1452.01 1 2
0.0535622 -0.0687118 0.996198 0 0.0599423 0.996052 0.0654788 0 -0.996764 0.0562072 0.0574695 0 -4033.57 -17.7947 1452.01 1 2
0.0535622 -0.0687118 0.996198 0 0.0599423 0.996052 0.0654788 0 -0.996764 0.0562072 0.0574695 0 -4033.57 -17.7947 1452.01 1 2
0.0535622 -0.0687118 0.996198 0 0.0599423 0.996052 0.0654788 0 -0.996764 0.0562072 0.0574695 0 -4033.57 -17.7947 1452.01 1 2
0.0535622 -0.0687118 0.996198 0 0.0599423 0.996052 0.0654788 0 -0.996764 0.0562072 0.0574695 0 -4033.57 -17.7947 1452.01 1 2
0.0535622 -0.0687118 0.996198 0 0.0599423 0.996052 0.0654788 0 -0.996764 0.0562072 0.0574695 0 -4033.57 -17.7947 1452.01 1 2
0.0535622 -0.0687118 0.996198 0 0.0599423 0.996052 0.0654788 0 -0.996764 0.0562072 0.0574695 0 -4033.57 -17.7947 1452.01 1 2
0.0535622 -0.0687118 0.996198 0 0.0599423 0.996052 0.0654788 0 -0.996764 0.0562072 0.0574695 0 -4033.57 -17.7947 1452.01 1 2
0.0535622 -0.0687118 0.996198 0 0.0599423 0.996052 0.0654788 0 -0.996764 0.0562072 0.0574695 0 -4033.57 -17.7947 1452.01 1 2
0.0535622 -0.0687118 0.996198 0 0.0599423 0.996052 0.0654788 0 -0.996764 0.0562072 0.0574695 0 -4033.57 -17.7947 1452.01 1 2
0.0535622 -0.0687118 0.996198 0 0.0599423 0.996052 0.0654788 0 -0.996764 0.0562072 0.0574695 0 -4033.57 -17.7947 1452.01 1 2
0.0535622 -0.0687118 0.996198 0 0.0599423 0.996052 0.0654788 0 -0.996764 0.0562072 0.0574695 0 -4033.57 -17.7947 1452.01 1 2
0.0535622 -0.0687118 0.996198 0 0.0599423 0.996052 0.0654788 0 -0.996764 0.0562072 0.0574695 0 -4033.57 -17.7947 1452.01 1 2
0.0535622 -0.0687118 0.996198 0 0.0599423 0.996052 0.0654788 0 -0.996764 0.0562072 0.0574695 0 -4033.57 -17.7947 1452.01 1 2
0.0535622 -0.0687118 0.996198 0 0.0599423 0.996052 0.0654788 0 -0.996764 0.0562072 0.0574695 0 -4033.57 -17.7947 1452.01 1 2
0.0535622 -0.0687118 0.996198 0 0.0599423 0.996052 0.0654788 0 -0.996764 0.0562072 0.0574695 0 -4033.57 -17.7947 1452.01 1 2
0.0535622 -0.0687118 0.996198 0 0.0599423 0.996052 0.0654788 0 -0.996764 0.0562072 0.0574695 0 -4033.57 -17.7947 1452.01 1 2
0.0535622 -0.0687118 0.996198 0 0.0599423 0.996052 0.0654788 0 -0.996764 0.0562072 0.0574695 0 -4033.57 -17.7947 1452.01 1 2
0.0535622 -0.0687118 0.996198 0 0.0599423 0.996052 0.0654788 0 -0.996764 0.0562072 0.0574695 0 -4033.57 -17.7947 1452.01 1 2
0.0535622 -0.0687118 0.996198 0 0.0599423 0.996052 0.0654788 0 -0.996764 0.0562072 0.0574695 0 -4033.57 -17.7947 1452.01 1 2
0.0535622 -0.0687118 0.996198 0 0.0599423 0.996052 0.0654788 0 -0.996764 0.0562072 0.0574695 0 -4033.57 -17.7947 1452.01 1 2
0.0535622 -0.0687118 0.996198 0 0.0599423 0.996052 0.0654788 0 -0.996764 0.0562072 0.0574695 0 -4033.57 -17.7947 1452.01 1 2
0.0535622 -0.0687118 0.996198 0 0.0599423 0.996052 0.0654788 0 -0.996764 0.0562072 0.0574695 0 -4033.57 -17.7947 1452.01 1 2
0.0535622 -0.0687118 0.996198 0 0.0599423 0.996052 0.0654788 0 -0.996764 0.0562072 0.0574695 0 -4033.57 -17.7947 1452.01 1 2
0.0535622 -0.0687118 0.996198 0 0.0599423 0.996052 0.0654788 0 -0.996764 0.0562072 0.0574695 0 -4033.57 -17.7947 1452.01 1 2
0.0535622 -0.0687118 0.996198 0 0.0599423 0.996052 0.0654788 0 -0.996764 0.0562072 0.0574695 0 -4033.57 -17.7947 1452.01 1 2
0.0535622 -0.0687118 0.996198 0 0.0599423 0.996052 0.0654788 0 -0.996764 0.0562072 0.0574695 0 -4033.57 -17.7947 1452.01 1 2
0.0535622 -0.0687118 0.996198 0 0.0599423 0.996052 0.0654788 0 -0.996764 0.0562072 0.0574695 0 -4033.57 -17.7947 1452.01 1 2
0.0535622 -0.0687118 0.996198 0 0.0599423 0.996052 0.0654788 0 -0.996764 0.0562072 0.0574695 0 -4033.57 -17.7947 1452.01 1 2
0.0494737 -0.0772364 0.995785 0 0.0535196 0.995778 0.0745768 0 -0.99734 0.0496044 0.0533985 0 -4035.32 -36.1699 1447.68 1 3
0.0464041 -0.0823604 0.995522 0 0.0478084 0.995636 0.0801414 0 -0.997778 0.0438754 0.0501391 0 -4036.8 -50.2584 1442.25 1 3
0.044131 -0.0861308 0.995306 0 0.0425935 0.995533 0.0842619 0 -0.998117 0.038675 0.0476025 0 -4037.63 -63.7371 1437.39 1 3
0.0422358 -0.0895811 0.995084 0 0.0368443 0.995435 0.0880489 0 -0.998428 0.0329443 0.0453435 0 -4038.7 -81.4191 1434.53 1 3
0.0411409 -0.09217 0.994893 0 0.0313683 0.995364 0.0909165 0 -0.998661 0.0274678 0.0438415 0 -4039.28 -98.5916 1432.25 1 3
0.0408438 -0.0933178 0.994798 0 0.0260006 0.995391 0.0923059 0 -0.998827 0.0220952 0.0430819 0 -4038.92 -115.397 1431.52 1 3
0.0410293 -0.093036 0.994817 0 0.0203623 0.995526 0.0922625 0 -0.99895 0.0164713 0.0427402 0 -4037.8 -133.259 1432.07 1 3
0.0415138 -0.0919868 0.994894 0 0.0144591 0.995704 0.0914583 0 -0.999033 0.0105885 0.0426655 0 -4036.2 -151.353 1433.06 1 3
0.0421694 -0.0903533 0.995017 0 0.00864186 0.995898 0.0900671 0 -0.999073 0.00480073 0.0427772 0 -4034.37 -169.367 1434.58 1 3
0.0430253 -0.0886771 0.995131 0 0.00277033 0.99606 0.0886401 0 -0.99907 -0.00105692 0.0431014 0 -4032.42 -187.684 1436.08 1 3
0.0440803 -0.0864554 0.99528 0 -0.00293861 0.996233 0.0866683 0 -0.999024 -0.00674511 0.0436602 0 -4030.26 -205.343 1438.32 1 3
0.0452934 -0.0840561 0.995431 0 -0.00877137 0.996382 0.0845355 0 -0.998935 -0.0125602 0.0443923 0 -4027.56 -224.017 1441.44 1 3
0.046819 -0.0810879 0.995607 0 -0.0150942 0.996528 0.0818728 0 -0.998789 -0.0188611 0.0454325 0 -4024.26 -243.962 1446.02 1 3
0.0485629 -0.0775762 0.995803 0 -0.0219988 0.996654 0.0787153 0 -0.998578 -0.0257291 0.0466938 0 -4020.37 -265.091 1451.63 1 3
0.0505895 -0.0740834 0.995968 0 -0.0276473 0.996759 0.0755466 0 -0.998337 -0.0313577 0.0483773 0 -4016.61 -282.692 1457.75 1 3
0.0528249 -0.0707971 0.996091 0 -0.0321553 0.996846 0.072556 0 -0.998086 -0.0358623 0.0503818 0 -4013.29 -296.682 1464.47 1 3
0.0553492 -0.0682021 0.996135 0 -0.0351003 0.996915 0.0702058 0 -0.99785 -0.0388504 0.0527845 0 -4010.25 -306.209 1471.46 1 3
0.0577584 -0.0655027 0.996179 0 -0.0363706 0.997045 0.0676684 0 -0.997668 -0.04014 0.0552053 0 -4008.09 -310.304 1478.71 1 3
0.0602773 -0.0620805 0.996249 0 -0.0361348 0.997274 0.0643307 0 -0.997527 -0.039877 0.0578697 0 -4006.56 -309.471 1487.34 1 3
0.0628397 -0.0580464 0.996334 0 -0.0336918 0.997615 0.0602459 0 -0.997455 -0.0373542 0.0607341 0 -4005.88 -301.203 1497.53 1 3
0.0652748 -0.0529011 0.996464 0 -0.0283581 0.998092 0.0548452 0 -0.997464 -0.0318378 0.0636501 0 -4006.71 -282.985 1509.22 1 3
0.0678941 -0.0483566 0.99652 0 -0.0214972 0.998522 0.0499184 0 -0.997461 -0.0248116 0.0667542 0 -4008.12 -260.867 1521.88 1 3
0.07056 -0.044591 0.99651 0 -0.0141073 0.998856 0.0456949 0 -0.997408 -0.0172824 0.0698502 0 -4009.5 -237.198 1534 1 3
0.0734702 -0.0417141 0.996425 0 -0.00704589 0.999078 0.0423447 0 -0.997273 -0.0101318 0.0731085 0 -4010.57 -214.333 1546.15 1 3
0.076172 -0.039597 0.996308 0 -0.000443377 0.99921 0.0397462 0 -0.997095 -0.00346929 0.0760942 0 -4011.44 -193.863 1556.86 1 3
0.0785258 -0.0380942 0.996184 0 0.00513491 0.999272 0.0378075 0 -0.996899 0.00214645 0.0786643 0 -4012.54 -176.731 1565.38 1 3
0.0805492 -0.0372603 0.996054 0 0.00966393 0.999283 0.0365996 0 -0.996704 0.00667772 0.0808516 0 -4013.67 -162.465 1572.27 1 3
0.0823634 -0.0368254 0.995922 0 0.0134272 0.999267 0.0358386 0 -0.996512 0.0104206 0.0827975 0 -4014.86 -150.908 1577.88 1 3
0.0840986 -0.0370136 0.99577 0 0.016517 0.999224 0.035747 0 -0.996321 0.0134408 0.0846448 0 -4015.64 -141.815 1583.05 1 3
0.0854953 -0.0374311 0.995635 0 0.0189687 0.999174 0.0359353 0 -0.996158 0.0158136 0.0861347 0 -4016.64 -135.04 1586.74 1 3
0.0866161 -0.037791 0.995525 0 0.0210346 0.999127 0.0360977 0 -0.99602 0.0178138 0.0873353 0 -4017.59 -129.338 1589.52 1 3
0.0875814 -0.0381108 0.995428 0 0.0227893 0.999083 0.0362456 0 -0.995897 0.0195106 0.0883696 0 -4018.48 -124.756 1591.86 1 3
0.0885209 -0.0385471 0.995328 0 0.0242209 0.999039 0.0365367 0 -0.99578 0.0208735 0.0893695 0 -4019.18 -121.216 1594.04 1 3
0.0893844 -0.0389053 0.995237 0 0.0252528 0.999004 0.0367845 0 -0.995677 0.0218446 0.0902778 0 -4019.69 -118.828 1595.97 1 3
0.0901269 -0.0392618 0.995156 0 0.0262445 0.998969 0.0370354 0 -0.995584 0.0227795 0.0910644 0 -4020.12 -116.446 1597.66 1 3
0.0908631 -0.0391916 0.995092 0 0.0267675 0.99896 0.0368998 0 -0.995504 0.0232833 0.0918177 0 -4020.46 -114.635 1599.89 1 3
0.091481 -0.0392176 0.995034 0 0.027197 0.99895 0.0368715 0 -0.995435 0.0236889 0.0924515 0 -4020.83 -113.384 1601.73 1 3
0.0921083 -0.0392999 0.994973 0 0.0275921 0.998938 0.0369022 0 -0.995367 0.0240545 0.0930948 0 -4021.09 -112.278 1603.46 1 3
0.0926571 -0.0393001 0.994922 0 0.0278167 0.998933 0.036868 0 -0.995309 0.0242593 0.0936514 0 -4021.36 -111.519 1605.04 1 3
0.0931314 -0.03938 0.994875 0 0.0281485 0.998922 0.0369052 0 -0.995256 0.0245672 0.0941395 0 -4021.7 -110.577 1606.27 1 3
0.0935181 -0.0395606 0.994831 0 0.0284027 0.99891 0.0370529 0 -0.995212 0.0247908 0.0945398 0 -4022.08 -110.021 1606.96 1 3
0.0941836 -0.0400432 0.994749 0 0.0283556 0.998893 0.0375252 0 -0.995151 0.0246724 0.0952148 0 -4022.28 -110.969 1608.36 1 3
0.0939837 -0.0406535 0.994743 0 0.0285677 0.998865 0.0381228 0 -0.995164 0.0248346 0.0950384 0 -4023.7 -110.831 1606.37 1 3
0.0939048 -0.0411218 0.994732 0 0.0289261 0.998837 0.0385609 0 -0.995161 0.0251527 0.0949851 0 -4024.91 -110.301 1605.12 1 3
0.0938985 -0.041555 0.994714 0 0.029285 0.998811 0.0389618 0 -0.995151 0.0254717 0.0950038 0 -4025.94 -109.62 1604.23 1 3
0.0940744 -0.041876 0.994684 0 0.0295031 0.998793 0.0392587 0 -0.995128 0.025653 0.0951963 0 -4026.67 -109.202 1603.79 1 3
0.0943218 -0.0422724 0.994644 0 0.0297923 0.99877 0.0396226 0 -0.995096 0.0258955 0.0954653 0 -4027.35 -108.504 1603.63 1 3
0.0945613 -0.0425785 0.994608 0 0.0299825 0.998754 0.0399054 0 -0.995067 0.0260473 0.09572 0 -4027.88 -107.943 1603.81 1 3
0.0947567 -0.0427877 0.994581 0 0.0301044 0.998742 0.0400986 0 -0.995045 0.0261417 0.0959256 0 -4028.3 -107.378 1603.98 1 3
0.09487 -0.0430699 0.994558 0 0.0303495 0.998724 0.0403553 0 -0.995027 0.0263558 0.0960561 0 -4028.73 -106.7 1604 1 3
