0.472151 0 -0.881518 0 0 1 0 0 0.881518 0 0.472151 0 -3174.05 0 -2637.03 1 0
0.472151 0 -0.881518 0 0 1 0 0 0.881518 0 0.472151 0 -3174.05 0 -2637.03 1 0
0.472151 0 -0.881518 0 0 1 0 0 0.881518 0 0.472151 0 -3174.05 0 -2637.03 1 0
0.472151 0 -0.881518 0 0 1 0 0 0.881518 0 0.472151 0 -3174.05 0 -2637.03 1 0
0.472151 0 -0.881518 0 0 1 0 0 0.881518 0 0.472151 0 -3174.05 0 -2637.03 1 0
0.472151 0 -0.881518 0 0 1 0 0 0.881518 0 0.472151 0 -3174.05 0 -2637.03 1 0
0.472151 0 -0.881518 0 0 1 0 0 0.881518 0 0.472151 0 -3174.05 0 -2637.03 1 0
0.472151 0 -0.881518 0 0 1 0 0 0.881518 0 0.472151 0 -3174.05 0 -2637.03 1 0
0.472151 0 -0.881518 0 0 1 0 0 0.881518 0 0.472151 0 -3174.05 0 -2637.03 1 0
0.472151 0 -0.881518 0 0 1 0 0 0.881518 0 0.472151 0 -3174.05 0 -2637.03 1 0
0.472151 0 -0.881518 0 0 1 0 0 0.881518 0 0.472151 0 -3174.05 0 -2637.03 1 0
0.472151 0 -0.881518 0 0 1 0 0 0.881518 0 0.472151 0 -3174.05 0 -2637.03 1 0
0.472151 0 -0.881518 0 0 1 0 0 0.881518 0 0.472151 0 -3174.05 0 -2637.03 1 0
0.472151 0 -0.881518 0 0 1 0 0 0.881518 0 0.472151 0 -3174.05 0 -2637.03 1 0
0.472151 0 -0.881518 0 0 1 0 0 0.881518 0 0.472151 0 -3174.05 0 -2637.03 1 0
0.472151 0 -0.881518 0 0 1 0 0 0.881518 0 0.472151 0 -3174.05 0 -2637.03 1 0
0.472151 0 -0.881518 0 0 1 0 0 0.881518 0 0.472151 0 -3174.05 0 -2637.03 1 0
0.472151 0 -0.881518 0 0 1 0 0 0.881518 0 0.472151 0 -3174.05 0 -2637.03 1 0
0.472151 0 -0.881518 0 0 1 0 0 0.881518 0 0.472151 0 -3174.05 0 -2637.03 1 0
0.472151 0 -0.881518 0 0 1 0 0 0.881518 0 0.472151 0 -3174.05 0 -2637.03 1 0
0.472151 0 -0.881518 0 0 1 0 0 0.881518 0 0.472151 0 -3174.05 0 -2637.03 1 0
0.472151 0 -0.881518 0 0 1 0 0 0.881518 0 0.472151 0 -3174.05 0 -2637.03 1 0
0.472151 0 -0.881518 0 0 1 0 0 0.881518 0 0.472151 0 -3174.05 0 -2637.03 1 0
0.472151 0 -0.881518 0 0 1 0 0 0.881518 0 0.472151 0 -3174.05 0 -2637.03 1 0
0.472151 0 -0.881518 0 0 1 0 0 0.881518 0 0.472151 0 -3174.05 0 -2637.03 1 0
0.472151 0 -0.881518 0 0 1 0 0 0.881518 0 0.472151 0 -3174.05 0 -2637.03 1 0
0.472151 0 -0.881518 0 0 1 0 0 0.881518 0 0.472151 0 -3174.05 0 -2637.03 1 0
0.472151 0 -0.881518 0 0 1 0 0 0.881518 0 0.472151 0 -3174.05 0 -2637.03 1 0
0.472151 0 -0.881518 0 0 1 0 0 0.881518 0 0.472151 0 -3174.05 0 -2637.03 1 0
0.472151 0 -0.881518 0 0 1 0 0 0.881518 0 0.472151 0 -3174.05 0 -2637.03 1 0
0.472151 0 -0.881518 0 0 1 0 0 0.881518 0 0.472151 0 -3174.05 0 -2637.03 1 0
0.472151 0 -0.881518 0 0 1 0 0 0.881518 0 0.472151 0 -3174.05 0 -2637.03 1 0
0.472151 0 -0.881518 0 0 1 0 0 0.881518 0 0.472151 0 -3174.05 0 -2637.03 1 0
0.472151 0 -0.881518 0 0 1 0 0 0.881518 0 0.472151 0 -3174.05 0 -2637.03 1 0
0.472151 0 -0.881518 0 0 1 0 0 0.881518 0 0.472151 0 -3174.05 0 -2637.03 1 0
0.472151 0 -0.881518 0 0 1 0 0 0.881518 0 0.472151 0 -3174.05 0 -2637.03 1 0
0.472151 0 -0.881518 0 0 1 0 0 0.881518 0 0.472151 0 -3174.05 0 -2637.03 1 0
0.472151 0 -0.881518 0 0 1 0 0 0.881518 0 0.472151 0 -3174.05 0 -2637.03 1 0
0.472151 0 -0.881518 0 0 1 0 0 0.881518 0 0.472151 0 -3174.05 0 -2637.03 1 0
0.472151 0 -0.881518 0 0 1 0 0 0.881518 0 0.472151 0 -3174.05 0 -2637.03 1 0
0.472151 0 -0.881518 0 0 1 0 0 0.881518 0 0.472151 0 -3174.05 0 -2637.03 1 0
0.472151 0 -0.881518 0 0 1 0 0 0.881518 0 0.472151 0 -3174.05 0 -2637.03 1 0
0.472151 0 -0.881518 0 0 1 0 0 0.881518 0 0.472151 0 -3174.05 0 -2637.03 1 0
0.472151 0 -0.881518 0 0 1 0 0 0.881518 0 0.472151 0 -3174.05 0 -2637.03 1 0
0.472151 0 -0.881518 0 0 1 0 0 0.881518 0 0.472151 0 -3174.05 0 -2637.03 1 0
0.472151 0 -0.881518 0 0 1 0 0 0.881518 0 0.472151 0 -3174.05 0 -2637.03 1 0
0.472151 0 -0.881518 0 0 1 0 0 0.881518 0 0.472151 0 -3174.05 0 -2637.03 1 0
0.472151 0 -0.881518 0 0 1 0 0 0.881518 0 0.472151 0 -3174.05 0 -2637.03 1 0
0.472151 0 -0.881518 0 0 1 0 0 0.881518 0 0.472151 0 -3174.05 0 -2637.03 1 0
0.472151 0 -0.881518 0 0 1 0 0 0.881518 0 0.472151 0 -3174.05 0 -2637.03 1 0
0.472151 0 -0.881518 0 0 1 0 0 0.881518 0 0.472151 0 -3174.05 0 -2637.03 1 0
0.472151 0 -0.881518 0 0 1 0 0 0.881518 0 0.472151 0 -3174.05 0 -2637.03 1 0
0.472151 0 -0.881518 0 0 1 0 0 0.881518 0 0.472151 0 -3174.05 0 -2637.03 1 0
0.472151 0 -0.881518 0 0 1 0 0 0.881518 0 0.472151 0 -3174.05 0 -2637.03 1 0
0.472151 0 -0.881518 0 0 1 0 0 0.881518 0 0.472151 0 -3174.05 0 -2637.03 1 0
0.472151 0 -0.881518 0 0 1 0 0 0.881518 0 0.472151 0 -3174.05 0 -2637.03 1 0
0.472151 0 -0.881518 0 0 1 0 0 0.881518 0 0.472151 0 -3174.05 0 -2637.03 1 0
0.472151 0 -0.881518 0 0 1 0 0 0.881518 0 0.472151 0 -3174.05 0 -2637.03 1 0
0.472151 0 -0.881518 0 0 1 0 0 0.881518 0 0.472151 0 -3174.05 0 -2637.03 1 0
0.472151 0 -0.881518 0 0 1 0 0 0.881518 0 0.472151 0 -3174.05 0 -2637.03 1 0
0.472151 0 -0.881518 0 0 1 0 0 0.881518 0 0.472151 0 -3174.05 0 -2637.03 1 0
0.472151 0 -0.881518 0 0 1 0 0 0.881518 0 0.472151 0 -3174.05 0 -2637.03 1 0
0.472151 0 -0.881518 0 0 1 0 0 0.881518 0 0.472151 0 -3174.05 0 -2637.03 1 0
0.472151 0 -0.881518 0 0 1 0 0 0.881518 0 0.472151 0 -3174.05 0 -2637.03 1 0
0.472151 0 -0.881518 0 0 1 0 0 0.881518 0 0.472151 0 -3174.05 0 -2637.03 1 0
0.472151 0 -0.881518 0 0 1 0 0 0.881518 0 0.472151 0 -3174.05 0 -2637.03 1 0
0.472151 0 -0.881518 0 0 1 0 0 0.881518 0 0.472151 0 -3174.05 0 -2637.03 1 0
0.472151 0 -0.881518 0 0 1 0 0 0.881518 0 0.472151 0 -3174.05 0 -2637.03 1 0
0.472151 0 -0.881518 0 0 1 0 0 0.881518 0 0.472151 0 -3174.05 0 -2637.03 1 0
0.472151 0 -0.881518 0 0 1 0 0 0.881518 0 0.472151 0 -3174.05 0 -2637.03 1 0
0.472151 0 -0.881518 0 0 1 0 0 0.881518 0 0.472151 0 -3174.05 0 -2637.03 1 0
0.472151 0 -0.881518 0 0 1 0 0 0.881518 0 0.472151 0 -3174.05 0 -2637.03 1 0
0.472151 0 -0.881518 0 0 1 0 0 0.881518 0 0.472151 0 -3174.05 0 -2637.03 1 0
0.472151 0 -0.881518 0 0 1 0 0 0.881518 0 0.472151 0 -3174.05 0 -2637.03 1 0
0.472151 0 -0.881518 0 0 1 0 0 0.881518 0 0.472151 0 -3174.05 0 -2637.03 1 0
0.472151 0 -0.881518 0 0 1 0 0 0.881518 0 0.472151 0 -3174.05 0 -2637.03 1 0
0.472151 0 -0.881518 0 0 1 0 0 0.881518 0 0.472151 0 -3174.05 0 -2637.03 1 0
0.472151 0 -0.881518 0 0 1 0 0 0.881518 0 0.472151 0 -3174.05 0 -2637.03 1 0
0.472151 0 -0.881518 0 0 1 0 0 0.881518 0 0.472151 0 -3174.05 0 -2637.03 1 0
0.472151 0 -0.881518 0 0 1 0 0 0.881518 0 0.472151 0 -3174.05 0 -2637.03 1 0
0.472151 0 -0.881518 0 0 1 0 0 0.881518 0 0.472151 0 -3174.05 0 -2637.03 1 0
0.472151 0 -0.881518 0 0 1 0 0 0.881518 0 0.472151 0 -3174.05 0 -2637.03 1 0
0.472151 0 -0.881518 0 0 1 0 0 0.881518 0 0.472151 0 -3174.05 0 -2637.03 1 0
0.472151 0 -0.881518 0 0 1 0 0 0.881518 0 0.472151 0 -3174.05 0 -2637.03 1 0
0.472151 0 -0.881518 0 0 1 0 0 0.881518 0 0.472151 0 -3174.05 0 -2637.03 1 0
0.472151 0 -0.881518 0 0 1 0 0 0.881518 0 0.472151 0 -3174.05 0 -2637.03 1 0
0.472151 0 -0.881518 0 0 1 0 0 0.881518 0 0.472151 0 -3174.05 0 -2637.03 1 0
0.472151 0 -0.881518 0 0 1 0 0 0.881518 0 0.472151 0 -3174.05 0 -2637.03 1 0
0.472151 0 -0.881518 0 0 1 0 0 0.881518 0 0.472151 0 -3174.05 0 -2637.03 1 0
0.472151 0 -0.881518 0 0 1 0 0 0.881518 0 0.472151 0 -3174.05 0 -2637.03 1 0
0.370149 0.107141 -0.922773 0 -0.0160023 0.993915 0.108982 0 0.928835 -0.025573 0.369611 0 -4191.6 343.281 -1264.58 1 1
0.370158 0.115162 -0.921803 0 -0.0154294 0.992912 0.117849 0 0.928841 -0.0294001 0.369311 0 -4146.89 348.233 -1333.16 1 1
0.370158 0.115162 -0.921803 0 -0.0154294 0.992912 0.117849 0 0.928841 -0.0294001 0.369311 0 -4146.89 348.233 -1333.16 1 2
0.370158 0.115162 -0.921803 0 -0.0154294 0.992912 0.117849 0 0.928841 -0.0294001 0.369311 0 -4146.89 348.233 -1333.16 1 2
0.370158 0.115162 -0.921803 0 -0.0154294 0.992912 0.117849 0 0.928841 -0.0294001 0.369311 0 -4146.89 348.233 -1333.16 1 2
0.370158 0.115162 -0.921803 0 -0.0154294 0.992912 0.117849 0 0.928841 -0.0294001 0.369311 0 -4146.89 348.233 -1333.16 1 2
0.370158 0.115162 -0.921803 0 -0.0154294 0.992912 0.117849 0 0.928841 -0.0294001 0.369311 0 -4146.89 348.233 -1333.16 1 2
0.370158 0.115162 -0.921803 0 -0.0154294 0.992912 0.117849 0 0.928841 -0.0294001 0.369311 0 -4146.89 348.233 -1333.16 1 2
0.370158 0.115162 -0.921803 0 -0.0154294 0.992912 0.117849 0 0.928841 -0.0294001 0.369311 0 -4146.89 348.233 -1333.16 1 2
0.370158 0.115162 -0.921803 0 -0.0154294 0.992912 0.117849 0 0.928841 -0.0294001 0.369311 0 -4146.89 348.233 -1333.16 1 2
0.370158 0.115162 -0.921803 0 -0.0154294 0.992912 0.117849 0 0.928841 -0.0294001 0.369311 0 -4146.89 348.233 -1333.16 1 2
0.370158 0.115162 -0.921803 0 -0.0154294 0.992912 0.117849 0 0.928841 -0.0294001 0.369311 0 -4146.89 348.233 -1333.16 1 2
0.370158 0.115162 -0.921803 0 -0.0154294 0.992912 0.117849 0 0.928841 -0.0294001 0.369311 0 -4146.89 348.233 -1333.16 1 2
0.370158 0.115162 -0.921803 0 -0.0154294 0.992912 0.117849 0 0.928841 -0.0294001 0.369311 0 -4146.89 348.233 -1333.16 1 2
0.370158 0.115162 -0.921803 0 -0.0154294 0.992912 0.117849 0 0.928841 -0.0294001 0.369311 0 -4146.89 348.233 -1333.16 1 2
0.370158 0.115162 -0.921803 0 -0.0154294 0.992912 0.117849 0 0.928841 -0.0294001 0.369311 0 -4146.89 348.233 -1333.16 1 2
0.370158 0.115162 -0.921803 0 -0.0154294 0.992912 0.117849 0 0.928841 -0.0294001 0.369311 0 -4146.89 348.233 -1333.16 1 2
0.370158 0.115162 -0.921803 0 -0.0154294 0.992912 0.117849 0 0.928841 -0.0294001 0.369311 0 -4146.89 348.233 -1333.16 1 2
0.370158 0.115162 -0.921803 0 -0.0154294 0.992912 0.117849 0 0.928841 -0.0294001 0.369311 0 -4146.89 348.233 -1333.16 1 2
0.370158 0.115162 -0.921803 0 -0.0154294 0.992912 0.117849 0 0.928841 -0.0294001 0.369311 0 -4146.89 348.233 -1333.16 1 2
0.370158 0.115162 -0.921803 0 -0.0154294 0.992912 0.117849 0 0.928841 -0.0294001 0.369311 0 -4146.89 348.233 -1333.16 1 2
0.370158 0.115162 -0.921803 0 -0.0154294 0.992912 0.117849 0 0.928841 -0.0294001 0.369311 0 -4146.89 348.233 -1333.16 1 2
0.370158 0.115162 -0.921803 0 -0.0154294 0.992912 0.117849 0 0.928841 -0.0294001 0.369311 0 -4146.89 348.233 -1333.16 1 2
0.370158 0.115162 -0.921803 0 -0.0154294 0.992912 0.117849 0 0.928841 -0.0294001 0.369311 0 -4146.89 348.233 -1333.16 1 2
0.370158 0.115162 -0.921803 0 -0.0154294 0.992912 0.117849 0 0.928841 -0.0294001 0.369311 0 -4146.89 348.233 -1333.16 1 2
0.370158 0.115162 -0.921803 0 -0.0154294 0.992912 0.117849 0 0.928841 -0.0294001 0.369311 0 -4146.89 348.233 -1333.16 1 2
0.370158 0.115162 -0.921803 0 -0.0154294 0.992912 0.117849 0 0.928841 -0.0294001 0.369311 0 -4146.89 348.233 -1333.16 1 2
0.370158 0.115162 -0.921803 0 -0.0154294 0.992912 0.117849 0 0.928841 -0.0294001 0.369311 0 -4146.89 348.233 -1333.16 1 2
0.370158 0.115162 -0.921803 0 -0.0154294 0.992912 0.117849 0 0.928841 -0.0294001 0.369311 0 -4146.89 348.233 -1333.16 1 2
0.370158 0.115162 -0.921803 0 -0.0154294 0.992912 0.117849 0 0.928841 -0.0294001 0.369311 0 -4146.89 348.233 -1333.16 1 2
0.370158 0.115162 -0.921803 0 -0.0154294 0.992912 0.117849 0 0.928841 -0.0294001 0.369311 0 -4146.89 348.233 -1333.16 1 2
0.370158 0.115162 -0.921803 0 -0.0154294 0.992912 0.117849 0 0.928841 -0.0294001 0.369311 0 -4146.89 348.233 -1333.16 1 2
0.370158 0.115162 -0.921803 0 -0.0154294 0.992912 0.117849 0 0.928841 -0.0294001 0.369311 0 -4146.89 348.233 -1333.16 1 2
0.370158 0.115162 -0.921803 0 -0.0154294 0.992912 0.117849 0 0.928841 -0.0294001 0.369311 0 -4146.89 348.233 -1333.16 1 2
0.370158 0.115162 -0.921803 0 -0.0154294 0.992912 0.117849 0 0.928841 -0.0294001 0.369311 0 -4146.89 348.233 -1333.16 1 2
0.370158 0.115162 -0.921803 0 -0.0154294 0.992912 0.117849 0 0.928841 -0.0294001 0.369311 0 -4146.89 348.233 -1333.16 1 2
0.370158 0.115162 -0.921803 0 -0.0154294 0.992912 0.117849 0 0.928841 -0.0294001 0.369311 0 -4146.89 348.233 -1333.16 1 2
0.370158 0.115162 -0.921803 0 -0.0154294 0.992912 0.117849 0 0.928841 -0.0294001 0.369311 0 -4146.89 348.233 -1333.16 1 2
0.365269 0.129189 -0.921894 0 -0.0190396 0.991153 0.131351 0 0.930707 -0.030426 0.364497 0 -4148.37 351.918 -1342.23 1 3
0.36184 0.140542 -0.921586 0 -0.0214701 0.989565 0.142479 0 0.931993 -0.0317679 0.361081 0 -4150.93 353.125 -1351.89 1 3
0.358988 0.150682 -0.921098 0 -0.0231429 0.988016 0.15261 0 0.933055 -0.0334682 0.358173 0 -4154.03 350.929 -1360.45 1 3
0.356277 0.16132 -0.920349 0 -0.0250677 0.986279 0.163173 0 0.934044 -0.0350637 0.355433 0 -4156.78 344.029 -1366.66 1 3
0.354126 0.170201 -0.919579 0 -0.0267569 0.984741 0.171957 0 0.934815 -0.0362894 0.353277 0 -4159.66 334.049 -1371.2 1 3
0.351967 0.176627 -0.919196 0 -0.0290825 0.983624 0.177871 0 0.935561 -0.0358722 0.35134 0 -4162.85 319.092 -1374.05 1 3
0.349824 0.180785 -0.919206 0 -0.0318923 0.982933 0.181181 0 0.936273 -0.0340656 0.349619 0 -4166.17 297.788 -1375.64 1 3
0.347759 0.183393 -0.919473 0 -0.0350121 0.98254 0.182729 0 0.93693 -0.0313532 0.348108 0 -4169.41 272.789 -1376.7 1 3
0.345692 0.184736 -0.919983 0 -0.0382263 0.982388 0.182903 0 0.937569 -0.0280605 0.346665 0 -4172.43 245.948 -1377.26 1 3
0.343841 0.18582 -0.920459 0 -0.0417208 0.98228 0.182715 0 0.938101 -0.0244228 0.345501 0 -4175.19 218.349 -1377.41 1 3
0.342061 0.186058 -0.921074 0 -0.0450258 0.982321 0.181708 0 0.938598 -0.0206834 0.344392 0 -4178.19 189.884 -1376.85 1 3
0.340216 0.18596 -0.921777 0 -0.0484939 0.982416 0.180295 0 0.939096 -0.0166388 0.343252 0 -4181.14 159.604 -1375.27 1 3
0.338184 0.185077 -0.922702 0 -0.0521995 0.982651 0.17797 0 0.939631 -0.0120218 0.341977 0 -4184.19 125.519 -1371.84 1 3
0.336149 0.18369 -0.923722 0 -0.0563282 0.982961 0.174972 0 0.940123 -0.00678517 0.340768 0 -4187.39 87.9796 -1367.21 1 3
0.334252 0.181671 -0.924809 0 -0.0595958 0.983357 0.171633 0 0.940598 -0.00225382 0.339516 0 -4190.79 53.8988 -1361.92 1 3
0.332348 0.179303 -0.925956 0 -0.0619343 0.983793 0.168273 0 0.941121 0.00142325 0.338066 0 -4194.4 24.521 -1355.57 1 3
0.330503 0.176693 -0.927118 0 -0.0630421 0.984258 0.165109 0 0.941697 0.0038782 0.33644 0 -4198.93 2.0985 -1348.24 1 3
0.328963 0.172426 -0.928468 0 -0.0625746 0.985009 0.160755 0 0.942268 0.00521602 0.33482 0 -4203.88 -15.221 -1340.52 1 3
0.327478 0.16568 -0.930219 0 -0.0607916 0.986161 0.154243 0 0.942901 0.00603842 0.333018 0 -4209.47 -30.5817 -1331.26 1 3
0.325996 0.155497 -0.932495 0 -0.0568982 0.987819 0.144832 0 0.943658 0.00584285 0.330872 0 -4216.25 -41.3695 -1320.11 1 3
0.324627 0.141231 -0.935239 0 -0.050443 0.989967 0.131986 0 0.944496 0.00432996 0.328494 0 -4224.12 -45.4153 -1307.2 1 3
0.322847 0.126685 -0.937934 0 -0.043639 0.99194 0.118959 0 0.945445 0.00252509 0.325773 0 -4232.75 -42.4063 -1292.43 1 3
0.320904 0.112883 -0.940361 0 -0.0371814 0.993608 0.106586 0 0.946382 0.000760029 0.32305 0 -4241.23 -34.6489 -1277.61 1 3
0.318404 0.101075 -0.942551 0 -0.0311501 0.994878 0.0961632 0 0.947443 -0.00125816 0.319922 0 -4249.67 -23.4269 -1262.7 1 3
0.315892 0.0912024 -0.944402 0 -0.0259647 0.995828 0.0874838 0 0.94844 -0.00311434 0.316942 0 -4257.57 -11.1711 -1249.11 1 3
0.313585 0.0834632 -0.945885 0 -0.0217771 0.9965 0.0807097 0 0.94931 -0.00471074 0.314305 0 -4264.63 0.112236 -1237.89 1 3
0.311579 0.0775825 -0.947048 0 -0.0182695 0.996966 0.0756611 0 0.950045 -0.00627231 0.312051 0 -4271.01 10.5368 -1228.54 1 3
0.309738 0.0732918 -0.947993 0 -0.0154197 0.997281 0.0720643 0 0.950697 -0.00770328 0.310026 0 -4276.7 19.6781 -1220.66 1 3
0.307848 0.0702767 -0.948837 0 -0.0129613 0.997486 0.0696747 0 0.951347 -0.00915107 0.307984 0 -4281.95 28.4186 -1213.4 1 3
0.306308 0.0681174 -0.949492 0 -0.0110409 0.997624 0.0680085 0 0.951868 -0.0103484 0.306332 0 -4286.52 35.8524 -1207.56 1 3
0.305028 0.0664408 -0.950023 0 -0.00934743 0.997724 0.0667756 0 0.952298 -0.0114881 0.304955 0 -4290.55 42.0794 -1202.82 1 3
0.303821 0.0652237 -0.950494 0 -0.00791455 0.997792 0.0659395 0 0.952696 -0.0125111 0.303667 0 -4294.07 47.4523 -1198.69 1 3
0.302605 0.0645727 -0.950926 0 -0.00671366 0.997822 0.0656207 0 0.953092 -0.013473 0.30238 0 -4297.28 52.2194 -1194.94 1 3
0.301418 0.0640287 -0.95134 0 -0.00592243 0.997849 0.0652825 0 0.953474 -0.014043 0.301148 0 -4300.16 55.5716 -1191.63 1 3
0.300222 0.0635654 -0.951749 0 -0.00507611 0.997869 0.0650445 0 0.953856 -0.0146966 0.299905 0 -4302.76 58.8417 -1188.58 1 3
0.299086 0.0632 -0.952131 0 -0.0045541 0.997887 0.0648066 0 0.954215 -0.0150467 0.298742 0 -4305.24 60.4889 -1185.26 1 3
0.2981 0.0630089 -0.952453 0 -0.0042439 0.997897 0.064687 0 0.954525 -0.0152411 0.297741 0 -4307.38 61.8065 -1182.49 1 3
0.297165 0.0628302 -0.952757 0 -0.00392398 0.997905 0.0645836 0 0.954818 -0.0154534 0.296789 0 -4309.43 63.0934 -1180 1 3
0.296308 0.0627787 -0.953027 0 -0.00376335 0.997906 0.064565 0 0.955085 -0.0155445 0.295924 0 -4311.38 63.9952 -1177.77 1 3
0.295516 0.0627774 -0.953273 0 -0.00345509 0.997902 0.0646454 0 0.955332 -0.0158101 0.295113 0 -4313.17 65.4082 -1176.06 1 3
0.294778 0.0628474 -0.953497 0 -0.00320902 0.997894 0.0647817 0 0.95556 -0.0160364 0.294359 0 -4314.81 66.5432 -1175 1 3
0.293822 0.063419 -0.953754 0 -0.00315133 0.997855 0.0653806 0 0.955855 -0.0162047 0.293392 0 -4317.34 67.0746 -1173.09 1 3
0.29348 0.0642609 -0.953803 0 -0.00286952 0.997793 0.0663417 0 0.955961 -0.016733 0.293017 0 -4319.94 69.3038 -1175.49 1 3
0.293149 0.0647571 -0.953871 0 -0.00249568 0.997752 0.0669691 0 0.956064 -0.0172513 0.292651 0 -4322.29 71.4476 -1177.13 1 3
0.29285 0.0651298 -0.953938 0 -0.00207147 0.997718 0.067483 0 0.956156 -0.0177863 0.292316 0 -4324.31 73.5633 -1178.29 1 3
0.292479 0.0653799 -0.954034 0 -0.00176131 0.997695 0.067832 0 0.95627 -0.0181591 0.29192 0 -4326.2 75.0551 -1178.83 1 3
0.29208 0.0656284 -0.954139 0 -0.00137947 0.997671 0.0682003 0 0.956393 -0.0186038 0.29149 0 -4328.02 76.9949 -1179 1 3
0.291676 0.0658404 -0.954248 0 -0.00109394 0.99765 0.0685006 0 0.956516 -0.0189361 0.291063 0 -4329.64 78.5345 -1178.85 1 3
0.29128 0.0660014 -0.954358 0 -0.000884268 0.997635 0.0687245 0 0.956637 -0.0191742 0.29065 0 -4331.04 79.7632 -1178.73 1 3
0.290998 0.0661047 -0.954437 0 -0.000571898 0.997622 0.0689213 0 0.956724 -0.0195101 0.290344 0 -4332.18 81.162 -1178.65 1 3
