0.48955 0 -0.871975 0 0 1 0 0 0.871975 0 0.48955 0 -483.047 0 -287.97 1 0
0.48955 0 -0.871975 0 0 1 0 0 0.871975 0 0.48955 0 -483.047 0 -287.97 1 0
0.48955 0 -0.871975 0 0 1 0 0 0.871975 0 0.48955 0 -483.047 0 -287.97 1 0
0.48955 0 -0.871975 0 0 1 0 0 0.871975 0 0.48955 0 -483.047 0 -287.97 1 0
0.48955 0 -0.871975 0 0 1 0 0 0.871975 0 0.48955 0 -483.047 0 -287.97 1 0
0.48955 0 -0.871975 0 0 1 0 0 0.871975 0 0.48955 0 -483.047 0 -287.97 1 0
0.48955 0 -0.871975 0 0 1 0 0 0.871975 0 0.48955 0 -483.047 0 -287.97 1 0
0.48955 0 -0.871975 0 0 1 0 0 0.871975 0 0.48955 0 -483.047 0 -287.97 1 0
0.48955 0 -0.871975 0 0 1 0 0 0.871975 0 0.48955 0 -483.047 0 -287.97 1 0
0.48955 0 -0.871975 0 0 1 0 0 0.871975 0 0.48955 0 -483.047 0 -287.97 1 0
0.48955 0 -0.871975 0 0 1 0 0 0.871975 0 0.48955 0 -483.047 0 -287.97 1 0
0.48955 0 -0.871975 0 0 1 0 0 0.871975 0 0.48955 0 -483.047 0 -287.97 1 0
0.48955 0 -0.871975 0 0 1 0 0 0.871975 0 0.48955 0 -483.047 0 -287.97 1 0
0.48955 0 -0.871975 0 0 1 0 0 0.871975 0 0.48955 0 -483.047 0 -287.97 1 0
0.48955 0 -0.871975 0 0 1 0 0 0.871975 0 0.48955 0 -483.047 0 -287.97 1 0
0.48955 0 -0.871975 0 0 1 0 0 0.871975 0 0.48955 0 -483.047 0 -287.97 1 0
0.48955 0 -0.871975 0 0 1 0 0 0.871975 0 0.48955 0 -483.047 0 -287.97 1 0
0.48955 0 -0.871975 0 0 1 0 0 0.871975 0 0.48955 0 -483.047 0 -287.97 1 0
0.48955 0 -0.871975 0 0 1 0 0 0.871975 0 0.48955 0 -483.047 0 -287.97 1 0
0.48955 0 -0.871975 0 0 1 0 0 0.871975 0 0.48955 0 -483.047 0 -287.97 1 0
0.48955 0 -0.871975 0 0 1 0 0 0.871975 0 0.48955 0 -483.047 0 -287.97 1 0
0.48955 0 -0.871975 0 0 1 0 0 0.871975 0 0.48955 0 -483.047 0 -287.97 1 0
0.48955 0 -0.871975 0 0 1 0 0 0.871975 0 0.48955 0 -483.047 0 -287.97 1 0
0.48955 0 -0.871975 0 0 1 0 0 0.871975 0 0.48955 0 -483.047 0 -287.97 1 0
0.48955 0 -0.871975 0 0 1 0 0 0.871975 0 0.48955 0 -483.047 0 -287.97 1 0
0.48955 0 -0.871975 0 0 1 0 0 0.871975 0 0.48955 0 -483.047 0 -287.97 1 0
0.48955 0 -0.871975 0 0 1 0 0 0.871975 0 0.48955 0 -483.047 0 -287.97 1 0
0.48955 0 -0.871975 0 0 1 0 0 0.871975 0 0.48955 0 -483.047 0 -287.97 1 0
0.48955 0 -0.871975 0 0 1 0 0 0.871975 0 0.48955 0 -483.047 0 -287.97 1 0
0.48955 0 -0.871975 0 0 1 0 0 0.871975 0 0.48955 0 -483.047 0 -287.97 1 0
0.48955 0 -0.871975 0 0 1 0 0 0.871975 0 0.48955 0 -483.047 0 -287.97 1 0
0.48955 0 -0.871975 0 0 1 0 0 0.871975 0 0.48955 0 -483.047 0 -287.97 1 0
0.48955 0 -0.871975 0 0 1 0 0 0.871975 0 0.48955 0 -483.047 0 -287.97 1 0
0.48955 0 -0.871975 0 0 1 0 0 0.871975 0 0.48955 0 -483.047 0 -287.97 1 0
0.48955 0 -0.871975 0 0 1 0 0 0.871975 0 0.48955 0 -483.047 0 -287.97 1 0
0.48955 0 -0.871975 0 0 1 0 0 0.871975 0 0.48955 0 -483.047 0 -287.97 1 0
0.48955 0 -0.871975 0 0 1 0 0 0.871975 0 0.48955 0 -483.047 0 -287.97 1 0
0.48955 0 -0.871975 0 0 1 0 0 0.871975 0 0.48955 0 -483.047 0 -287.97 1 0
0.48955 0 -0.871975 0 0 1 0 0 0.871975 0 0.48955 0 -483.047 0 -287.97 1 0
0.48955 0 -0.871975 0 0 1 0 0 0.871975 0 0.48955 0 -483.047 0 -287.97 1 0
0.48955 0 -0.871975 0 0 1 0 0 0.871975 0 0.48955 0 -483.047 0 -287.97 1 0
0.48955 0 -0.871975 0 0 1 0 0 0.871975 0 0.48955 0 -483.047 0 -287.97 1 0
0.48955 0 -0.871975 0 0 1 0 0 0.871975 0 0.48955 0 -483.047 0 -287.97 1 0
0.48955 0 -0.871975 0 0 1 0 0 0.871975 0 0.48955 0 -483.047 0 -287.97 1 0
0.48955 0 -0.871975 0 0 1 0 0 0.871975 0 0.48955 0 -483.047 0 -287.97 1 0
0.48955 0 -0.871975 0 0 1 0 0 0.871975 0 0.48955 0 -483.047 0 -287.97 1 0
0.48955 0 -0.871975 0 0 1 0 0 0.871975 0 0.48955 0 -483.047 0 -287.97 1 0
0.48955 0 -0.871975 0 0 1 0 0 0.871975 0 0.48955 0 -483.047 0 -287.97 1 0
0.48955 0 -0.871975 0 0 1 0 0 0.871975 0 0.48955 0 -483.047 0 -287.97 1 0
0.48955 0 -0.871975 0 0 1 0 0 0.871975 0 0.48955 0 -483.047 0 -287.97 1 0
0.48955 0 -0.871975 0 0 1 0 0 0.871975 0 0.48955 0 -483.047 0 -287.97 1 0
0.48955 0 -0.871975 0 0 1 0 0 0.871975 0 0.48955 0 -483.047 0 -287.97 1 0
0.48955 0 -0.871975 0 0 1 0 0 0.871975 0 0.48955 0 -483.047 0 -287.97 1 0
0.48955 0 -0.871975 0 0 1 0 0 0.871975 0 0.48955 0 -483.047 0 -287.97 1 0
0.48955 0 -0.871975 0 0 1 0 0 0.871975 0 0.48955 0 -483.047 0 -287.97 1 0
0.48955 0 -0.871975 0 0 1 0 0 0.871975 0 0.48955 0 -483.047 0 -287.97 1 0
0.48955 0 -0.871975 0 0 1 0 0 0.871975 0 0.48955 0 -483.047 0 -287.97 1 0
0.48955 0 -0.871975 0 0 1 0 0 0.871975 0 0.48955 0 -483.047 0 -287.97 1 0
0.48955 0 -0.871975 0 0 1 0 0 0.871975 0 0.48955 0 -483.047 0 -287.97 1 0
0.48955 0 -0.871975 0 0 1 0 0 0.871975 0 0.48955 0 -483.047 0 -287.97 1 0
0.48955 0 -0.871975 0 0 1 0 0 0.871975 0 0.48955 0 -483.047 0 -287.97 1 0
0.48955 0 -0.871975 0 0 1 0 0 0.871975 0 0.48955 0 -483.047 0 -287.97 1 0
0.48955 0 -0.871975 0 0 1 0 0 0.871975 0 0.48955 0 -483.047 0 -287.97 1 0
0.48955 0 -0.871975 0 0 1 0 0 0.871975 0 0.48955 0 -483.047 0 -287.97 1 0
0.48955 0 -0.871975 0 0 1 0 0 0.871975 0 0.48955 0 -483.047 0 -287.97 1 0
0.48955 0 -0.871975 0 0 1 0 0 0.871975 0 0.48955 0 -483.047 0 -287.97 1 0
0.48955 0 -0.871975 0 0 1 0 0 0.871975 0 0.48955 0 -483.047 0 -287.97 1 0
0.48955 0 -0.871975 0 0 1 0 0 0.871975 0 0.48955 0 -483.047 0 -287.97 1 0
0.48955 0 -0.871975 0 0 1 0 0 0.871975 0 0.48955 0 -483.047 0 -287.97 1 0
0.48955 0 -0.871975 0 0 1 0 0 0.871975 0 0.48955 0 -483.047 0 -287.97 1 0
0.48955 0 -0.871975 0 0 1 0 0 0.871975 0 0.48955 0 -483.047 0 -287.97 1 0
0.48955 0 -0.871975 0 0 1 0 0 0.871975 0 0.48955 0 -483.047 0 -287.97 1 0
0.48955 0 -0.871975 0 0 1 0 0 0.871975 0 0.48955 0 -483.047 0 -287.97 1 0
0.48955 0 -0.871975 0 0 1 0 0 0.871975 0 0.48955 0 -483.047 0 -287.97 1 0
0.48955 0 -0.871975 0 0 1 0 0 0.871975 0 0.48955 0 -483.047 0 -287.97 1 0
0.48955 0 -0.871975 0 0 1 0 0 0.871975 0 0.48955 0 -483.047 0 -287.97 1 0
0.48955 0 -0.871975 0 0 1 0 0 0.871975 0 0.48955 0 -483.047 0 -287.97 1 0
0.48955 0 -0.871975 0 0 1 0 0 0.871975 0 0.48955 0 -483.047 0 -287.97 1 0
0.48955 0 -0.871975 0 0 1 0 0 0.871975 0 0.48955 0 -483.047 0 -287.97 1 0
0.48955 0 -0.871975 0 0 1 0 0 0.871975 0 0.48955 0 -483.047 0 -287.97 1 0
0.48955 0 -0.871975 0 0 1 0 0 0.871975 0 0.48955 0 -483.047 0 -287.97 1 0
0.48955 0 -0.871975 0 0 1 0 0 0.871975 0 0.48955 0 -483.047 0 -287.97 1 0
0.48955 0 -0.871975 0 0 1 0 0 0.871975 0 0.48955 0 -483.047 0 -287.97 1 0
0.48955 0 -0.871975 0 0 1 0 0 0.871975 0 0.48955 0 -483.047 0 -287.97 1 0
0.48955 0 -0.871975 0 0 1 0 0 0.871975 0 0.48955 0 -483.047 0 -287.97 1 0
0.48955 0 -0.871975 0 0 1 0 0 0.871975 0 0.48955 0 -483.047 0 -287.97 1 0
0.48955 0 -0.871975 0 0 1 0 0 0.871975 0 0.48955 0 -483.047 0 -287.97 1 0
0.48955 0 -0.871975 0 0 1 0 0 0.871975 0 0.48955 0 -483.047 0 -287.97 1 0
0.48955 0 -0.871975 0 0 1 0 0 0.871975 0 0.48955 0 -483.047 0 -287.97 1 0
0.48955 0 -0.871975 0 0 1 0 0 0.871975 0 0.48955 0 -483.047 0 -287.97 1 0
0.48955 0 -0.871975 0 0 1 0 0 0.871975 0 0.48955 0 -483.047 0 -287.97 1 0
0.48955 0 -0.871975 0 0 1 0 0 0.871975 0 0.48955 0 -483.047 0 -287.97 1 0
0.48955 0 -0.871975 0 0 1 0 0 0.871975 0 0.48955 0 -483.047 0 -287.97 1 0
0.48955 0 -0.871975 0 0 1 0 0 0.871975 0 0.48955 0 -483.047 0 -287.97 1 0
0.48955 0 -0.871975 0 0 1 0 0 0.871975 0 0.48955 0 -483.047 0 -287.97 1 0
0.48955 0 -0.871975 0 0 1 0 0 0.871975 0 0.48955 0 -483.047 0 -287.97 1 0
0.48955 0 -0.871975 0 0 1 0 0 0.871975 0 0.48955 0 -483.047 0 -287.97 1 0
0.48955 0 -0.871975 0 0 1 0 0 0.871975 0 0.48955 0 -483.047 0 -287.97 1 0
0.48955 0 -0.871975 0 0 1 0 0 0.871975 0 0.48955 0 -483.047 0 -287.97 1 0
0.48955 0 -0.871975 0 0 1 0 0 0.871975 0 0.48955 0 -483.047 0 -287.97 1 0
0.48955 0 -0.871975 0 0 1 0 0 0.871975 0 0.48955 0 -483.047 0 -287.97 1 0
0.48955 0 -0.871975 0 0 1 0 0 0.871975 0 0.48955 0 -483.047 0 -287.97 1 0
0.48955 0 -0.871975 0 0 1 0 0 0.871975 0 0.48955 0 -483.047 0 -287.97 1 0
0.48955 0 -0.871975 0 0 1 0 0 0.871975 0 0.48955 0 -483.047 0 -287.97 1 0
0.48955 0 -0.871975 0 0 1 0 0 0.871975 0 0.48955 0 -483.047 0 -287.97 1 0
0.48955 0 -0.871975 0 0 1 0 0 0.871975 0 0.48955 0 -483.047 0 -287.97 1 0
0.48955 0 -0.871975 0 0 1 0 0 0.871975 0 0.48955 0 -483.047 0 -287.97 1 0
0.48955 0 -0.871975 0 0 1 0 0 0.871975 0 0.48955 0 -483.047 0 -287.97 1 0
0.48955 0 -0.871975 0 0 1 0 0 0.871975 0 0.48955 0 -483.047 0 -287.97 1 0
0.48955 0 -0.871975 0 0 1 0 0 0.871975 0 0.48955 0 -483.047 0 -287.97 1 0
0.48955 0 -0.871975 0 0 1 0 0 0.871975 0 0.48955 0 -483.047 0 -287.97 1 0
0.48955 0 -0.871975 0 0 1 0 0 0.871975 0 0.48955 0 -483.047 0 -287.97 1 0
0.48955 0 -0.871975 0 0 1 0 0 0.871975 0 0.48955 0 -483.047 0 -287.97 1 0
0.48955 0 -0.871975 0 0 1 0 0 0.871975 0 0.48955 0 -483.047 0 -287.97 1 0
0.48955 0 -0.871975 0 0 1 0 0 0.871975 0 0.48955 0 -483.047 0 -287.97 1 0
0.48955 0 -0.871975 0 0 1 0 0 0.871975 0 0.48955 0 -483.047 0 -287.97 1 0
0.48955 0 -0.871975 0 0 1 0 0 0.871975 0 0.48955 0 -483.047 0 -287.97 1 0
0.48955 0 -0.871975 0 0 1 0 0 0.871975 0 0.48955 0 -483.047 0 -287.97 1 0
0.48955 0 -0.871975 0 0 1 0 0 0.871975 0 0.48955 0 -483.047 0 -287.97 1 0
0.48955 0 -0.871975 0 0 1 0 0 0.871975 0 0.48955 0 -483.047 0 -287.97 1 0
0.284818 0.0729821 -0.955799 0 -0.0200752 0.997333 0.0701713 0 0.958372 -0.000798111 0.285523 0 -622.928 307.33 -611.303 1 1
0.277296 0.0801241 -0.957438 0 -0.026543 0.996775 0.0757286 0 0.960418 0.00441406 0.278528 0 -588.469 313.024 -684.413 1 1
0.277296 0.0801241 -0.957438 0 -0.026543 0.996775 0.0757286 0 0.960418 0.00441406 0.278528 0 -588.469 313.024 -684.413 1 2
0.277296 0.0801241 -0.957438 0 -0.026543 0.996775 0.0757286 0 0.960418 0.00441406 0.278528 0 -588.469 313.024 -684.413 1 2
0.277296 0.0801241 -0.957438 0 -0.026543 0.996775 0.0757286 0 0.960418 0.00441406 0.278528 0 -588.469 313.024 -684.413 1 2
0.277296 0.0801241 -0.957438 0 -0.026543 0.996775 0.0757286 0 0.960418 0.00441406 0.278528 0 -588.469 313.024 -684.413 1 2
0.277296 0.0801241 -0.957438 0 -0.026543 0.996775 0.0757286 0 0.960418 0.00441406 0.278528 0 -588.469 313.024 -684.413 1 2
0.277296 0.0801241 -0.957438 0 -0.026543 0.996775 0.0757286 0 0.960418 0.00441406 0.278528 0 -588.469 313.024 -684.413 1 2
0.277344 0.0930599 -0.956253 0 -0.0292625 0.995654 0.0884073 0 0.960325 0.00346315 0.278862 0 -584.123 312.984 -708.171 1 3
0.277155 0.106737 -0.954878 0 -0.0317168 0.994285 0.101937 0 0.960302 0.00203337 0.278957 0 -582.117 310.881 -729.522 1 3
0.2765 0.1213 -0.953328 0 -0.0344681 0.992616 0.116302 0 0.960396 0.000701897 0.278639 0 -580.998 306.588 -748.222 1 3
0.275137 0.136575 -0.951655 0 -0.0378074 0.99063 0.131237 0 0.960661 -0.000128652 0.277722 0 -579.529 299.121 -764.796 1 3
0.27346 0.150218 -0.950081 0 -0.041006 0.988653 0.144514 0 0.961009 -0.000559691 0.276517 0 -578.635 289.631 -778.837 1 3
0.271507 0.160601 -0.948942 0 -0.044776 0.987019 0.154234 0 0.961394 0.000614184 0.275174 0 -578.358 279.217 -790.193 1 3
0.269404 0.168567 -0.94816 0 -0.0496729 0.985683 0.161125 0 0.961745 0.00369021 0.27392 0 -578.419 267.493 -799.374 1 3
0.267369 0.174854 -0.947597 0 -0.0553621 0.984561 0.166054 0 0.962003 0.00806335 0.272921 0 -578.713 255.52 -806.716 1 3
0.265501 0.179085 -0.947332 0 -0.0610368 0.983748 0.168863 0 0.962177 0.0129889 0.272117 0 -579.193 243.009 -812.717 1 3
0.263844 0.18264 -0.947116 0 -0.0667948 0.983012 0.170955 0 0.96225 0.018157 0.271562 0 -579.935 230.692 -817.501 1 3
0.26218 0.185119 -0.947097 0 -0.0725183 0.982433 0.171951 0 0.96229 0.0235999 0.270999 0 -581.128 217.818 -821.102 1 3
0.260366 0.187017 -0.947224 0 -0.078423 0.981916 0.17231 0 0.96232 0.0294204 0.270324 0 -582.483 203.637 -823.665 1 3
0.2583 0.187811 -0.947633 0 -0.0845088 0.981553 0.171499 0 0.962361 0.0357852 0.269407 0 -584.056 187.002 -824.98 1 3
0.255947 0.18787 -0.948259 0 -0.0907491 0.981271 0.169916 0 0.962422 0.0425642 0.268203 0 -585.946 168.328 -825.303 1 3
0.253638 0.187128 -0.949026 0 -0.0958543 0.981143 0.167842 0 0.962538 0.0483971 0.266792 0 -588.165 150.161 -825.148 1 3
0.251258 0.18548 -0.949982 0 -0.0995322 0.981216 0.165254 0 0.962789 0.0530325 0.265 0 -590.735 133.306 -824.71 1 3
0.248993 0.182943 -0.95107 0 -0.10156 0.981516 0.16221 0 0.963166 0.0562017 0.26297 0 -594.204 117.907 -823.811 1 3
0.246993 0.177857 -0.952555 0 -0.101459 0.982355 0.157114 0 0.963691 0.0578388 0.26068 0 -597.992 102.199 -822.658 1 3
0.244864 0.169024 -0.954711 0 -0.0994449 0.983872 0.148681 0 0.964444 0.0585344 0.257723 0 -602.292 84.789 -821.002 1 3
0.242639 0.154621 -0.957715 0 -0.0943298 0.986299 0.135337 0 0.96552 0.057503 0.2539 0 -607.575 64.9816 -818.518 1 3
0.240205 0.133847 -0.96145 0 -0.0854747 0.989518 0.1164 0 0.966952 0.0542198 0.249128 0 -613.809 43.6292 -815.357 1 3
0.236942 0.112159 -0.965028 0 -0.0759075 0.992414 0.0967044 0 0.968554 0.0503395 0.243658 0 -620.794 28.6058 -811.633 1 3
0.233111 0.0909556 -0.968187 0 -0.0665491 0.994774 0.0774302 0 0.97017 0.0463821 0.237946 0 -627.905 19.0926 -807.815 1 3
0.228848 0.0721392 -0.970786 0 -0.058053 0.996487 0.0603639 0 0.97173 0.0425429 0.232232 0 -634.81 13.8273 -804.638 1 3
0.224545 0.0564195 -0.972829 0 -0.0506402 0.997649 0.0461703 0 0.973147 0.0388969 0.226874 0 -641.395 11.2181 -802.155 1 3
0.220761 0.0439581 -0.974337 0 -0.0446134 0.998393 0.0349351 0 0.974307 0.0357562 0.222367 0 -647.385 10.3132 -800.578 1 3
0.217343 0.0344129 -0.975488 0 -0.0396891 0.998863 0.0263946 0 0.975288 0.0329796 0.218462 0 -652.849 10.3667 -799.524 1 3
0.214259 0.0270776 -0.976401 0 -0.0355957 0.999168 0.0198979 0 0.976128 0.0304924 0.215045 0 -657.794 10.9847 -799.19 1 3
0.211377 0.0215143 -0.977168 0 -0.032131 0.99937 0.0150527 0 0.976876 0.0282155 0.211935 0 -662.331 11.847 -799.189 1 3
0.208822 0.017232 -0.977802 0 -0.0292495 0.999507 0.0113679 0 0.977516 0.0262263 0.209223 0 -666.434 12.6049 -799.465 1 3
0.206647 0.0139824 -0.978316 0 -0.0269394 0.9996 0.00859623 0 0.978045 0.0245788 0.206941 0 -670.12 13.3176 -800.031 1 3
0.204629 0.0114707 -0.978772 0 -0.0249999 0.999666 0.00648893 0 0.97852 0.0231414 0.204848 0 -673.492 13.9102 -800.813 1 3
0.202855 0.00963707 -0.979161 0 -0.0233459 0.999715 0.00500274 0 0.97893 0.0218446 0.203022 0 -676.53 14.3869 -801.806 1 3
0.20131 0.00821204 -0.979493 0 -0.0220432 0.99975 0.00385146 0 0.97928 0.0208158 0.20144 0 -679.31 14.7708 -802.969 1 3
0.199795 0.00709904 -0.979812 0 -0.0209536 0.999776 0.002971 0 0.979614 0.019937 0.199899 0 -681.759 15.0991 -804.214 1 3
0.198161 0.00641124 -0.980149 0 -0.0204929 0.999787 0.00239656 0 0.979955 0.0196112 0.19825 0 -683.984 15.1942 -805.656 1 3
0.196739 0.00597611 -0.980438 0 -0.0200781 0.999796 0.00206516 0 0.98025 0.019279 0.196819 0 -685.952 15.2414 -807.124 1 3
0.195403 0.00557315 -0.980707 0 -0.0196323 0.999806 0.00177001 0 0.980526 0.0189076 0.195475 0 -687.851 15.2565 -808.611 1 3
0.194212 0.00530629 -0.980945 0 -0.019287 0.999813 0.00158982 0 0.98077 0.0186107 0.194278 0 -689.677 15.2433 -810.208 1 3
0.193218 0.00504735 -0.981143 0 -0.0187971 0.999822 0.00144169 0 0.980976 0.0181641 0.193279 0 -691.402 15.3129 -811.778 1 3
0.1924 0.00495136 -0.981304 0 -0.0183794 0.99983 0.00144125 0 0.981144 0.0177585 0.192459 0 -692.998 15.3565 -813.535 1 3
0.191413 0.00561484 -0.981494 0 -0.0183913 0.999829 0.00213301 0 0.981337 0.0176427 0.191483 0 -695.374 15.7101 -815.362 1 3
0.191815 0.00678217 -0.981408 0 -0.0180489 0.999831 0.00338185 0 0.981265 0.0170647 0.191905 0 -698.358 16.493 -818.434 1 3
0.191884 0.00746622 -0.981389 0 -0.0176533 0.999836 0.00415493 0 0.981259 0.0165275 0.191984 0 -701.044 17.0597 -821.128 1 3
0.191772 0.00792143 -0.981408 0 -0.0172186 0.999841 0.00470561 0 0.981288 0.0159961 0.191878 0 -703.343 17.4418 -823.517 1 3
0.191396 0.00820619 -0.981479 0 -0.0168487 0.999845 0.00507411 0 0.981368 0.0155655 0.191505 0 -705.435 17.6617 -825.703 1 3
0.190936 0.0085341 -0.981565 0 -0.0163573 0.999851 0.00551121 0 0.981466 0.0150035 0.191047 0 -707.394 17.994 -827.658 1 3
0.190435 0.00875998 -0.981661 0 -0.0158994 0.999857 0.00583799 0 0.981571 0.014496 0.190547 0 -709.126 18.3007 -829.366 1 3
0.190005 0.00894287 -0.981742 0 -0.0155485 0.999861 0.00609867 0 0.98166 0.0141059 0.190118 0 -710.591 18.5149 -830.914 1 3
0.189598 0.00901858 -0.98182 0 -0.0151524 0.999866 0.00625827 0 0.981745 0.0136904 0.189709 0 -711.8 18.7381 -832.36 1 3
