0.673129 0 -0.739525 0 0 1 0 0 0.739525 0 0.673129 0 -2938.76 0 -2213.06 1 0
0.673129 0 -0.739525 0 0 1 0 0 0.739525 0 0.673129 0 -2938.76 0 -2213.06 1 0
0.673129 0 -0.739525 0 0 1 0 0 0.739525 0 0.673129 0 -2938.76 0 -2213.06 1 0
0.673129 0 -0.739525 0 0 1 0 0 0.739525 0 0.673129 0 -2938.76 0 -2213.06 1 0
0.673129 0 -0.739525 0 0 1 0 0 0.739525 0 0.673129 0 -2938.76 0 -2213.06 1 0
0.673129 0 -0.739525 0 0 1 0 0 0.739525 0 0.673129 0 -2938.76 0 -2213.06 1 0
0.673129 0 -0.739525 0 0 1 0 0 0.739525 0 0.673129 0 -2938.76 0 -2213.06 1 0
0.673129 0 -0.739525 0 0 1 0 0 0.739525 0 0.673129 0 -2938.76 0 -2213.06 1 0
0.673129 0 -0.739525 0 0 1 0 0 0.739525 0 0.673129 0 -2938.76 0 -2213.06 1 0
0.673129 0 -0.739525 0 0 1 0 0 0.739525 0 0.673129 0 -2938.76 0 -2213.06 1 0
0.673129 0 -0.739525 0 0 1 0 0 0.739525 0 0.673129 0 -2938.76 0 -2213.06 1 0
0.673129 0 -0.739525 0 0 1 0 0 0.739525 0 0.673129 0 -2938.76 0 -2213.06 1 0
0.673129 0 -0.739525 0 0 1 0 0 0.739525 0 0.673129 0 -2938.76 0 -2213.06 1 0
0.673129 0 -0.739525 0 0 1 0 0 0.739525 0 0.673129 0 -2938.76 0 -2213.06 1 0
0.673129 0 -0.739525 0 0 1 0 0 0.739525 0 0.673129 0 -2938.76 0 -2213.06 1 0
0.673129 0 -0.739525 0 0 1 0 0 0.739525 0 0.673129 0 -2938.76 0 -2213.06 1 0
0.673129 0 -0.739525 0 0 1 0 0 0.739525 0 0.673129 0 -2938.76 0 -2213.06 1 0
0.673129 0 -0.739525 0 0 1 0 0 0.739525 0 0.673129 0 -2938.76 0 -2213.06 1 0
0.673129 0 -0.739525 0 0 1 0 0 0.739525 0 0.673129 0 -2938.76 0 -2213.06 1 0
0.673129 0 -0.739525 0 0 1 0 0 0.739525 0 0.673129 0 -2938.76 0 -2213.06 1 0
0.673129 0 -0.739525 0 0 1 0 0 0.739525 0 0.673129 0 -2938.76 0 -2213.06 1 0
0.673129 0 -0.739525 0 0 1 0 0 0.739525 0 0.673129 0 -2938.76 0 -2213.06 1 0
0.673129 0 -0.739525 0 0 1 0 0 0.739525 0 0.673129 0 -2938.76 0 -2213.06 1 0
0.673129 0 -0.739525 0 0 1 0 0 0.739525 0 0.673129 0 -2938.76 0 -2213.06 1 0
0.673129 0 -0.739525 0 0 1 0 0 0.739525 0 0.673129 0 -2938.76 0 -2213.06 1 0
0.673129 0 -0.739525 0 0 1 0 0 0.739525 0 0.673129 0 -2938.76 0 -2213.06 1 0
0.673129 0 -0.739525 0 0 1 0 0 0.739525 0 0.673129 0 -2938.76 0 -2213.06 1 0
0.673129 0 -0.739525 0 0 1 0 0 0.739525 0 0.673129 0 -2938.76 0 -2213.06 1 0
0.673129 0 -0.739525 0 0 1 0 0 0.739525 0 0.673129 0 -2938.76 0 -2213.06 1 0
0.673129 0 -0.739525 0 0 1 0 0 0.739525 0 0.673129 0 -2938.76 0 -2213.06 1 0
0.673129 0 -0.739525 0 0 1 0 0 0.739525 0 0.673129 0 -2938.76 0 -2213.06 1 0
0.673129 0 -0.739525 0 0 1 0 0 0.739525 0 0.673129 0 -2938.76 0 -2213.06 1 0
0.673129 0 -0.739525 0 0 1 0 0 0.739525 0 0.673129 0 -2938.76 0 -2213.06 1 0
0.673129 0 -0.739525 0 0 1 0 0 0.739525 0 0.673129 0 -2938.76 0 -2213.06 1 0
0.673129 0 -0.739525 0 0 1 0 0 0.739525 0 0.673129 0 -2938.76 0 -2213.06 1 0
0.673129 0 -0.739525 0 0 1 0 0 0.739525 0 0.673129 0 -2938.76 0 -2213.06 1 0
0.673129 0 -0.739525 0 0 1 0 0 0.739525 0 0.673129 0 -2938.76 0 -2213.06 1 0
0.673129 0 -0.739525 0 0 1 0 0 0.739525 0 0.673129 0 -2938.76 0 -2213.06 1 0
0.673129 0 -0.739525 0 0 1 0 0 0.739525 0 0.673129 0 -2938.76 0 -2213.06 1 0
0.673129 0 -0.739525 0 0 1 0 0 0.739525 0 0.673129 0 -2938.76 0 -2213.06 1 0
0.673129 0 -0.739525 0 0 1 0 0 0.739525 0 0.673129 0 -2938.76 0 -2213.06 1 0
0.673129 0 -0.739525 0 0 1 0 0 0.739525 0 0.673129 0 -2938.76 0 -2213.06 1 0
0.673129 0 -0.739525 0 0 1 0 0 0.739525 0 0.673129 0 -2938.76 0 -2213.06 1 0
0.673129 0 -0.739525 0 0 1 0 0 0.739525 0 0.673129 0 -2938.76 0 -2213.06 1 0
0.673129 0 -0.739525 0 0 1 0 0 0.739525 0 0.673129 0 -2938.76 0 -2213.06 1 0
0.673129 0 -0.739525 0 0 1 0 0 0.739525 0 0.673129 0 -2938.76 0 -2213.06 1 0
0.673129 0 -0.739525 0 0 1 0 0 0.739525 0 0.673129 0 -2938.76 0 -2213.06 1 0
0.673129 0 -0.739525 0 0 1 0 0 0.739525 0 0.673129 0 -2938.76 0 -2213.06 1 0
0.673129 0 -0.739525 0 0 1 0 0 0.739525 0 0.673129 0 -2938.76 0 -2213.06 1 0
0.673129 0 -0.739525 0 0 1 0 0 0.739525 0 0.673129 0 -2938.76 0 -2213.06 1 0
0.673129 0 -0.739525 0 0 1 0 0 0.739525 0 0.673129 0 -2938.76 0 -2213.06 1 0
0.673129 0 -0.739525 0 0 1 0 0 0.739525 0 0.673129 0 -2938.76 0 -2213.06 1 0
0.673129 0 -0.739525 0 0 1 0 0 0.739525 0 0.673129 0 -2938.76 0 -2213.06 1 0
0.673129 0 -0.739525 0 0 1 0 0 0.739525 0 0.673129 0 -2938.76 0 -2213.06 1 0
0.673129 0 -0.739525 0 0 1 0 0 0.739525 0 0.673129 0 -2938.76 0 -2213.06 1 0
0.673129 0 -0.739525 0 0 1 0 0 0.739525 0 0.673129 0 -2938.76 0 -2213.06 1 0
0.673129 0 -0.739525 0 0 1 0 0 0.739525 0 0.673129 0 -2938.76 0 -2213.06 1 0
0.673129 0 -0.739525 0 0 1 0 0 0.739525 0 0.673129 0 -2938.76 0 -2213.06 1 0
0.673129 0 -0.739525 0 0 1 0 0 0.739525 0 0.673129 0 -2938.76 0 -2213.06 1 0
0.673129 0 -0.739525 0 0 1 0 0 0.739525 0 0.673129 0 -2938.76 0 -2213.06 1 0
0.673129 0 -0.739525 0 0 1 0 0 0.739525 0 0.673129 0 -2938.76 0 -2213.06 1 0
0.673129 0 -0.739525 0 0 1 0 0 0.739525 0 0.673129 0 -2938.76 0 -2213.06 1 0
0.673129 0 -0.739525 0 0 1 0 0 0.739525 0 0.673129 0 -2938.76 0 -2213.06 1 0
0.673129 0 -0.739525 0 0 1 0 0 0.739525 0 0.673129 0 -2938.76 0 -2213.06 1 0
0.673129 0 -0.739525 0 0 1 0 0 0.739525 0 0.673129 0 -2938.76 0 -2213.06 1 0
0.673129 0 -0.739525 0 0 1 0 0 0.739525 0 0.673129 0 -2938.76 0 -2213.06 1 0
0.673129 0 -0.739525 0 0 1 0 0 0.739525 0 0.673129 0 -2938.76 0 -2213.06 1 0
0.673129 0 -0.739525 0 0 1 0 0 0.739525 0 0.673129 0 -2938.76 0 -2213.06 1 0
0.673129 0 -0.739525 0 0 1 0 0 0.739525 0 0.673129 0 -2938.76 0 -2213.06 1 0
0.673129 0 -0.739525 0 0 1 0 0 0.739525 0 0.673129 0 -2938.76 0 -2213.06 1 0
0.673129 0 -0.739525 0 0 1 0 0 0.739525 0 0.673129 0 -2938.76 0 -2213.06 1 0
0.673129 0 -0.739525 0 0 1 0 0 0.739525 0 0.673129 0 -2938.76 0 -2213.06 1 0
0.673129 0 -0.739525 0 0 1 0 0 0.739525 0 0.673129 0 -2938.76 0 -2213.06 1 0
0.673129 0 -0.739525 0 0 1 0 0 0.739525 0 0.673129 0 -2938.76 0 -2213.06 1 0
0.673129 0 -0.739525 0 0 1 0 0 0.739525 0 0.673129 0 -2938.76 0 -2213.06 1 0
0.673129 0 -0.739525 0 0 1 0 0 0.739525 0 0.673129 0 -2938.76 0 -2213.06 1 0
0.673129 0 -0.739525 0 0 1 0 0 0.739525 0 0.673129 0 -2938.76 0 -2213.06 1 0
0.673129 0 -0.739525 0 0 1 0 0 0.739525 0 0.673129 0 -2938.76 0 -2213.06 1 0
0.673129 0 -0.739525 0 0 1 0 0 0.739525 0 0.673129 0 -2938.76 0 -2213.06 1 0
0.673129 0 -0.739525 0 0 1 0 0 0.739525 0 0.673129 0 -2938.76 0 -2213.06 1 0
0.673129 0 -0.739525 0 0 1 0 0 0.739525 0 0.673129 0 -2938.76 0 -2213.06 1 0
0.673129 0 -0.739525 0 0 1 0 0 0.739525 0 0.673129 0 -2938.76 0 -2213.06 1 0
0.673129 0 -0.739525 0 0 1 0 0 0.739525 0 0.673129 0 -2938.76 0 -2213.06 1 0
0.673129 0 -0.739525 0 0 1 0 0 0.739525 0 0.673129 0 -2938.76 0 -2213.06 1 0
0.673129 0 -0.739525 0 0 1 0 0 0.739525 0 0.673129 0 -2938.76 0 -2213.06 1 0
0.673129 0 -0.739525 0 0 1 0 0 0.739525 0 0.673129 0 -2938.76 0 -2213.06 1 0
0.673129 0 -0.739525 0 0 1 0 0 0.739525 0 0.673129 0 -2938.76 0 -2213.06 1 0
0.673129 0 -0.739525 0 0 1 0 0 0.739525 0 0.673129 0 -2938.76 0 -2213.06 1 0
0.673129 0 -0.739525 0 0 1 0 0 0.739525 0 0.673129 0 -2938.76 0 -2213.06 1 0
0.673129 0 -0.739525 0 0 1 0 0 0.739525 0 0.673129 0 -2938.76 0 -2213.06 1 0
0.673129 0 -0.739525 0 0 1 0 0 0.739525 0 0.673129 0 -2938.76 0 -2213.06 1 0
0.673129 0 -0.739525 0 0 1 0 0 0.739525 0 0.673129 0 -2938.76 0 -2213.06 1 0
0.673129 0 -0.739525 0 0 1 0 0 0.739525 0 0.673129 0 -2938.76 0 -2213.06 1 0
0.673129 0 -0.739525 0 0 1 0 0 0.739525 0 0.673129 0 -2938.76 0 -2213.06 1 0
0.580719 0.087238 -0.809417 0 -0.00946087 0.994898 0.100441 0 0.814049 -0.0506703 0.578581 0 -3799.95 315.32 -1008.96 1 1
0.567198 0.0839916 -0.819287 0 -0.0120282 0.995525 0.093732 0 0.823493 -0.0433101 0.56567 0 -3738.5 318.354 -1058.72 1 1
0.567198 0.0839916 -0.819287 0 -0.0120282 0.995525 0.093732 0 0.823493 -0.0433101 0.56567 0 -3738.5 318.354 -1058.72 1 2
0.567198 0.0839916 -0.819287 0 -0.0120282 0.995525 0.093732 0 0.823493 -0.0433101 0.56567 0 -3738.5 318.354 -1058.72 1 2
0.567198 0.0839916 -0.819287 0 -0.0120282 0.995525 0.093732 0 0.823493 -0.0433101 0.56567 0 -3738.5 318.354 -1058.72 1 2
0.567198 0.0839916 -0.819287 0 -0.0120282 0.995525 0.093732 0 0.823493 -0.0433101 0.56567 0 -3738.5 318.354 -1058.72 1 2
0.567198 0.0839916 -0.819287 0 -0.0120282 0.995525 0.093732 0 0.823493 -0.0433101 0.56567 0 -3738.5 318.354 -1058.72 1 2
0.567198 0.0839916 -0.819287 0 -0.0120282 0.995525 0.093732 0 0.823493 -0.0433101 0.56567 0 -3738.5 318.354 -1058.72 1 2
0.567198 0.0839916 -0.819287 0 -0.0120282 0.995525 0.093732 0 0.823493 -0.0433101 0.56567 0 -3738.5 318.354 -1058.72 1 2
0.567198 0.0839916 -0.819287 0 -0.0120282 0.995525 0.093732 0 0.823493 -0.0433101 0.56567 0 -3738.5 318.354 -1058.72 1 2
0.567198 0.0839916 -0.819287 0 -0.0120282 0.995525 0.093732 0 0.823493 -0.0433101 0.56567 0 -3738.5 318.354 -1058.72 1 2
0.567198 0.0839916 -0.819287 0 -0.0120282 0.995525 0.093732 0 0.823493 -0.0433101 0.56567 0 -3738.5 318.354 -1058.72 1 2
0.567198 0.0839916 -0.819287 0 -0.0120282 0.995525 0.093732 0 0.823493 -0.0433101 0.56567 0 -3738.5 318.354 -1058.72 1 2
0.567198 0.0839916 -0.819287 0 -0.0120282 0.995525 0.093732 0 0.823493 -0.0433101 0.56567 0 -3738.5 318.354 -1058.72 1 2
0.567198 0.0839916 -0.819287 0 -0.0120282 0.995525 0.093732 0 0.823493 -0.0433101 0.56567 0 -3738.5 318.354 -1058.72 1 2
0.567198 0.0839916 -0.819287 0 -0.0120282 0.995525 0.093732 0 0.823493 -0.0433101 0.56567 0 -3738.5 318.354 -1058.72 1 2
0.567198 0.0839916 -0.819287 0 -0.0120282 0.995525 0.093732 0 0.823493 -0.0433101 0.56567 0 -3738.5 318.354 -1058.72 1 2
0.567198 0.0839916 -0.819287 0 -0.0120282 0.995525 0.093732 0 0.823493 -0.0433101 0.56567 0 -3738.5 318.354 -1058.72 1 2
0.567198 0.0839916 -0.819287 0 -0.0120282 0.995525 0.093732 0 0.823493 -0.0433101 0.56567 0 -3738.5 318.354 -1058.72 1 2
0.567198 0.0839916 -0.819287 0 -0.0120282 0.995525 0.093732 0 0.823493 -0.0433101 0.56567 0 -3738.5 318.354 -1058.72 1 2
0.567198 0.0839916 -0.819287 0 -0.0120282 0.995525 0.093732 0 0.823493 -0.0433101 0.56567 0 -3738.5 318.354 -1058.72 1 2
0.567198 0.0839916 -0.819287 0 -0.0120282 0.995525 0.093732 0 0.823493 -0.0433101 0.56567 0 -3738.5 318.354 -1058.72 1 2
0.567198 0.0839916 -0.819287 0 -0.0120282 0.995525 0.093732 0 0.823493 -0.0433101 0.56567 0 -3738.5 318.354 -1058.72 1 2
0.567198 0.0839916 -0.819287 0 -0.0120282 0.995525 0.093732 0 0.823493 -0.0433101 0.56567 0 -3738.5 318.354 -1058.72 1 2
0.567198 0.0839916 -0.819287 0 -0.0120282 0.995525 0.093732 0 0.823493 -0.0433101 0.56567 0 -3738.5 318.354 -1058.72 1 2
0.567198 0.0839916 -0.819287 0 -0.0120282 0.995525 0.093732 0 0.823493 -0.0433101 0.56567 0 -3738.5 318.354 -1058.72 1 2
0.567198 0.0839916 -0.819287 0 -0.0120282 0.995525 0.093732 0 0.823493 -0.0433101 0.56567 0 -3738.5 318.354 -1058.72 1 2
0.567198 0.0839916 -0.819287 0 -0.0120282 0.995525 0.093732 0 0.823493 -0.0433101 0.56567 0 -3738.5 318.354 -1058.72 1 2
0.567198 0.0839916 -0.819287 0 -0.0120282 0.995525 0.093732 0 0.823493 -0.0433101 0.56567 0 -3738.5 318.354 -1058.72 1 2
0.567198 0.0839916 -0.819287 0 -0.0120282 0.995525 0.093732 0 0.823493 -0.0433101 0.56567 0 -3738.5 318.354 -1058.72 1 2
0.567198 0.0839916 -0.819287 0 -0.0120282 0.995525 0.093732 0 0.823493 -0.0433101 0.56567 0 -3738.5 318.354 -1058.72 1 2
0.567198 0.0839916 -0.819287 0 -0.0120282 0.995525 0.093732 0 0.823493 -0.0433101 0.56567 0 -3738.5 318.354 -1058.72 1 2
0.567198 0.0839916 -0.819287 0 -0.0120282 0.995525 0.093732 0 0.823493 -0.0433101 0.56567 0 -3738.5 318.354 -1058.72 1 2
0.567198 0.0839916 -0.819287 0 -0.0120282 0.995525 0.093732 0 0.823493 -0.0433101 0.56567 0 -3738.5 318.354 -1058.72 1 2
0.563868 0.102415 -0.819491 0 -0.0179742 0.993568 0.111802 0 0.82567 -0.0483118 0.562081 0 -3737.46 319.616 -1069.94 1 3
0.561385 0.116649 -0.819292 0 -0.0217281 0.991752 0.126315 0 0.827269 -0.0531097 0.559289 0 -3738.15 318.759 -1081.51 1 3
0.559404 0.128826 -0.818823 0 -0.024377 0.989978 0.1391 0 0.828537 -0.0578527 0.556938 0 -3739.59 314.674 -1091.78 1 3
0.557342 0.140767 -0.818263 0 -0.026848 0.988063 0.151691 0 0.829849 -0.0625751 0.554469 0 -3740.84 305.776 -1099.68 1 3
0.555576 0.150583 -0.817716 0 -0.0288304 0.986361 0.162051 0 0.830966 -0.0664566 0.55234 0 -3742.56 294.241 -1105.71 1 3
0.553772 0.157955 -0.817549 0 -0.031223 0.985091 0.169176 0 0.832083 -0.0681587 0.550448 0 -3744.71 278.734 -1109.84 1 3
0.551933 0.163509 -0.817701 0 -0.0342517 0.984206 0.173684 0 0.833185 -0.0678545 0.548816 0 -3747.07 257.814 -1112.63 1 3
0.550168 0.168011 -0.817978 0 -0.0377814 0.983556 0.176608 0 0.834199 -0.0662599 0.547468 0 -3749.4 233.844 -1114.84 1 3
0.548512 0.171307 -0.818406 0 -0.0414353 0.983154 0.17802 0 0.835115 -0.0637354 0.54637 0 -3751.56 208.48 -1116.48 1 3
0.546971 0.174092 -0.818849 0 -0.0452631 0.982857 0.178727 0 0.835927 -0.0606947 0.545474 0 -3753.55 182.522 -1117.59 1 3
0.545479 0.176068 -0.819422 0 -0.0490029 0.982713 0.178533 0 0.836691 -0.0572319 0.544677 0 -3755.81 155.902 -1117.87 1 3
0.54399 0.177554 -0.820091 0 -0.0527441 0.982659 0.177764 0 0.837432 -0.0534469 0.543922 0 -3758.06 127.586 -1117.09 1 3
0.542336 0.178266 -0.821032 0 -0.0566545 0.982766 0.175959 0 0.838249 -0.0489135 0.543089 0 -3760.39 95.8024 -1114.45 1 3
0.54056 0.178545 -0.822141 0 -0.0609178 0.982963 0.173417 0 0.839097 -0.0436596 0.542227 0 -3762.96 60.8753 -1110.49 1 3
0.538877 0.177979 -0.823368 0 -0.0643235 0.983266 0.170444 0 0.839925 -0.038886 0.541307 0 -3765.75 29.1407 -1105.88 1 3
0.537179 0.176768 -0.824737 0 -0.0668347 0.983639 0.167294 0 0.840816 -0.0347459 0.540204 0 -3768.77 1.75186 -1100.23 1 3
0.535562 0.17486 -0.826194 0 -0.0679359 0.984079 0.164238 0 0.841759 -0.0318312 0.538915 0 -3772.74 -19.2653 -1093.63 1 3
0.534234 0.170927 -0.827876 0 -0.0674613 0.984841 0.159802 0 0.842641 -0.0295221 0.537666 0 -3777.18 -35.5088 -1086.54 1 3
0.532953 0.164223 -0.830055 0 -0.0656593 0.986053 0.152929 0 0.843594 -0.0270032 0.536303 0 -3782.24 -49.7811 -1077.87 1 3
0.531798 0.153482 -0.832847 0 -0.0616312 0.987846 0.142693 0 0.844626 -0.0245547 0.534794 0 -3788.46 -59.6444 -1067.26 1 3
0.530703 0.138127 -0.836227 0 -0.0550137 0.990164 0.128641 0 0.84577 -0.0222662 0.533082 0 -3795.77 -62.968 -1054.81 1 3
0.529164 0.122349 -0.839652 0 -0.0481175 0.992284 0.114265 0 0.847154 -0.0200631 0.530969 0 -3803.75 -59.2649 -1040.59 1 3
0.527434 0.10729 -0.842794 0 -0.0415726 0.994065 0.100531 0 0.848578 -0.0179861 0.528764 0 -3811.55 -50.817 -1026.34 1 3
0.525178 0.0939775 -0.845787 0 -0.0353987 0.995436 0.0886251 0 0.850256 -0.0166042 0.526108 0 -3819.19 -39.3239 -1012.16 1 3
0.522917 0.0828062 -0.848352 0 -0.0301061 0.996443 0.078704 0 0.851852 -0.015615 0.52355 0 -3826.32 -26.8581 -999.271 1 3
0.520883 0.0739047 -0.850423 0 -0.0258061 0.997153 0.0708499 0 0.853238 -0.0149585 0.521308 0 -3832.71 -15.5019 -988.628 1 3
0.518959 0.0671358 -0.852159 0 -0.0222675 0.997634 0.0650361 0 0.854509 -0.0147756 0.519226 0 -3838.52 -5.16885 -979.82 1 3
0.517144 0.062027 -0.853648 0 -0.0194058 0.997964 0.060757 0 0.855678 -0.0148544 0.517295 0 -3843.7 3.7821 -972.408 1 3
0.515369 0.0582477 -0.854986 0 -0.0168753 0.998184 0.0578312 0 0.856802 -0.0153762 0.515416 0 -3848.47 12.1712 -965.689 1 3
0.51386 0.0553199 -0.856089 0 -0.0148049 0.998342 0.0556257 0 0.857746 -0.0159096 0.513827 0 -3852.68 19.2906 -960.196 1 3
0.512587 0.0529151 -0.857003 0 -0.0130621 0.998464 0.0538369 0 0.858536 -0.0164018 0.512491 0 -3856.42 25.1673 -955.725 1 3
0.511391 0.0511896 -0.857822 0 -0.0116316 0.998545 0.0526529 0 0.85927 -0.0169483 0.511242 0 -3859.72 30.2194 -951.899 1 3
0.510205 0.050069 -0.858594 0 -0.0104124 0.99859 0.0520455 0 0.85999 -0.0176139 0.510007 0 -3862.68 34.572 -948.533 1 3
0.509082 0.0491182 -0.859315 0 -0.00954845 0.998631 0.0514246 0 0.860665 -0.0179742 0.508854 0 -3865.31 37.7002 -945.612 1 3
0.507989 0.0483433 -0.860006 0 -0.00868621 0.998661 0.0510066 0 0.86132 -0.0184406 0.507729 0 -3867.66 40.7132 -943.011 1 3
0.506888 0.0477343 -0.860689 0 -0.00816475 0.998687 0.0505792 0 0.861973 -0.0186107 0.506612 0 -3869.9 42.2273 -940.109 1 3
0.505906 0.0472687 -0.861292 0 -0.00775279 0.998706 0.0502563 0 0.862554 -0.0187476 0.505618 0 -3871.86 43.4316 -937.714 1 3
0.504932 0.0469286 -0.861883 0 -0.00735233 0.998719 0.0500719 0 0.863128 -0.018946 0.50463 0 -3873.72 44.637 -935.535 1 3
0.503954 0.0466647 -0.862469 0 -0.00707997 0.998729 0.0499002 0 0.863701 -0.0190412 0.503644 0 -3875.55 45.4622 -933.581 1 3
0.50313 0.0464411 -0.862962 0 -0.00670406 0.998735 0.0498392 0 0.864185 -0.0192902 0.502804 0 -3877.23 46.7327 -932.159 1 3
0.502413 0.04631 -0.863387 0 -0.00642157 0.998737 0.0498331 0 0.864604 -0.0194925 0.502076 0 -3878.77 47.7333 -931.343 1 3
0.50149 0.0468025 -0.863897 0 -0.00639474 0.998709 0.050394 0 0.86514 -0.0197477 0.501142 0 -3881.13 48.1339 -929.837 1 3
0.501203 0.0475346 -0.864023 0 -0.00612765 0.99866 0.0513872 0 0.865308 -0.020461 0.500823 0 -3883.74 50.0138 -932.414 1 3
0.500912 0.0478957 -0.864172 0 -0.00577128 0.99863 0.0520026 0 0.865479 -0.0210614 0.500503 0 -3886.08 51.8638 -934.228 1 3
0.500596 0.048117 -0.864343 0 -0.00533695 0.998607 0.0525004 0 0.865664 -0.0216686 0.500156 0 -3888.12 53.6732 -935.562 1 3
0.500192 0.0482657 -0.864568 0 -0.00501222 0.99859 0.0528479 0 0.8659 -0.0221007 0.499729 0 -3890.01 54.9415 -936.266 1 3
0.499779 0.0483657 -0.864802 0 -0.00458952 0.998574 0.0531949 0 0.866141 -0.0226166 0.499288 0 -3891.81 56.6251 -936.622 1 3
0.499343 0.0484464 -0.865049 0 -0.00426972 0.998561 0.053459 0 0.866394 -0.0230008 0.498831 0 -3893.4 57.9911 -936.66 1 3
0.498949 0.048502 -0.865273 0 -0.00400731 0.998551 0.0536619 0 0.866622 -0.0233071 0.49842 0 -3894.76 59.0834 -936.716 1 3
0.49857 0.0485179 -0.86549 0 -0.00371219 0.998543 0.0538381 0 0.866841 -0.0236292 0.498024 0 -3895.87 60.3346 -936.802 1 3
