0.485802 0 -0.874069 0 0 1 0 0 0.874069 0 0.485802 0 -641.667 0 -472.739 1 0
0.485802 0 -0.874069 0 0 1 0 0 0.874069 0 0.485802 0 -641.667 0 -472.739 1 0
0.485802 0 -0.874069 0 0 1 0 0 0.874069 0 0.485802 0 -641.667 0 -472.739 1 0
0.485802 0 -0.874069 0 0 1 0 0 0.874069 0 0.485802 0 -641.667 0 -472.739 1 0
0.485802 0 -0.874069 0 0 1 0 0 0.874069 0 0.485802 0 -641.667 0 -472.739 1 0
0.485802 0 -0.874069 0 0 1 0 0 0.874069 0 0.485802 0 -641.667 0 -472.739 1 0
0.485802 0 -0.874069 0 0 1 0 0 0.874069 0 0.485802 0 -641.667 0 -472.739 1 0
0.485802 0 -0.874069 0 0 1 0 0 0.874069 0 0.485802 0 -641.667 0 -472.739 1 0
0.485802 0 -0.874069 0 0 1 0 0 0.874069 0 0.485802 0 -641.667 0 -472.739 1 0
0.485802 0 -0.874069 0 0 1 0 0 0.874069 0 0.485802 0 -641.667 0 -472.739 1 0
0.485802 0 -0.874069 0 0 1 0 0 0.874069 0 0.485802 0 -641.667 0 -472.739 1 0
0.485802 0 -0.874069 0 0 1 0 0 0.874069 0 0.485802 0 -641.667 0 -472.739 1 0
0.485802 0 -0.874069 0 0 1 0 0 0.874069 0 0.485802 0 -641.667 0 -472.739 1 0
0.485802 0 -0.874069 0 0 1 0 0 0.874069 0 0.485802 0 -641.667 0 -472.739 1 0
0.485802 0 -0.874069 0 0 1 0 0 0.874069 0 0.485802 0 -641.667 0 -472.739 1 0
0.485802 0 -0.874069 0 0 1 0 0 0.874069 0 0.485802 0 -641.667 0 -472.739 1 0
0.485802 0 -0.874069 0 0 1 0 0 0.874069 0 0.485802 0 -641.667 0 -472.739 1 0
0.485802 0 -0.874069 0 0 1 0 0 0.874069 0 0.485802 0 -641.667 0 -472.739 1 0
0.485802 0 -0.874069 0 0 1 0 0 0.874069 0 0.485802 0 -641.667 0 -472.739 1 0
0.485802 0 -0.874069 0 0 1 0 0 0.874069 0 0.485802 0 -641.667 0 -472.739 1 0
0.485802 0 -0.874069 0 0 1 0 0 0.874069 0 0.485802 0 -641.667 0 -472.739 1 0
0.485802 0 -0.874069 0 0 1 0 0 0.874069 0 0.485802 0 -641.667 0 -472.739 1 0
0.485802 0 -0.874069 0 0 1 0 0 0.874069 0 0.485802 0 -641.667 0 -472.739 1 0
0.485802 0 -0.874069 0 0 1 0 0 0.874069 0 0.485802 0 -641.667 0 -472.739 1 0
0.485802 0 -0.874069 0 0 1 0 0 0.874069 0 0.485802 0 -641.667 0 -472.739 1 0
0.485802 0 -0.874069 0 0 1 0 0 0.874069 0 0.485802 0 -641.667 0 -472.739 1 0
0.485802 0 -0.874069 0 0 1 0 0 0.874069 0 0.485802 0 -641.667 0 -472.739 1 0
0.485802 0 -0.874069 0 0 1 0 0 0.874069 0 0.485802 0 -641.667 0 -472.739 1 0
0.485802 0 -0.874069 0 0 1 0 0 0.874069 0 0.485802 0 -641.667 0 -472.739 1 0
0.485802 0 -0.874069 0 0 1 0 0 0.874069 0 0.485802 0 -641.667 0 -472.739 1 0
0.485802 0 -0.874069 0 0 1 0 0 0.874069 0 0.485802 0 -641.667 0 -472.739 1 0
0.485802 0 -0.874069 0 0 1 0 0 0.874069 0 0.485802 0 -641.667 0 -472.739 1 0
0.485802 0 -0.874069 0 0 1 0 0 0.874069 0 0.485802 0 -641.667 0 -472.739 1 0
0.485802 0 -0.874069 0 0 1 0 0 0.874069 0 0.485802 0 -641.667 0 -472.739 1 0
0.485802 0 -0.874069 0 0 1 0 0 0.874069 0 0.485802 0 -641.667 0 -472.739 1 0
0.485802 0 -0.874069 0 0 1 0 0 0.874069 0 0.485802 0 -641.667 0 -472.739 1 0
0.485802 0 -0.874069 0 0 1 0 0 0.874069 0 0.485802 0 -641.667 0 -472.739 1 0
0.485802 0 -0.874069 0 0 1 0 0 0.874069 0 0.485802 0 -641.667 0 -472.739 1 0
0.485802 0 -0.874069 0 0 1 0 0 0.874069 0 0.485802 0 -641.667 0 -472.739 1 0
0.485802 0 -0.874069 0 0 1 0 0 0.874069 0 0.485802 0 -641.667 0 -472.739 1 0
0.485802 0 -0.874069 0 0 1 0 0 0.874069 0 0.485802 0 -641.667 0 -472.739 1 0
0.485802 0 -0.874069 0 0 1 0 0 0.874069 0 0.485802 0 -641.667 0 -472.739 1 0
0.485802 0 -0.874069 0 0 1 0 0 0.874069 0 0.485802 0 -641.667 0 -472.739 1 0
0.485802 0 -0.874069 0 0 1 0 0 0.874069 0 0.485802 0 -641.667 0 -472.739 1 0
0.485802 0 -0.874069 0 0 1 0 0 0.874069 0 0.485802 0 -641.667 0 -472.739 1 0
0.485802 0 -0.874069 0 0 1 0 0 0.874069 0 0.485802 0 -641.667 0 -472.739 1 0
0.485802 0 -0.874069 0 0 1 0 0 0.874069 0 0.485802 0 -641.667 0 -472.739 1 0
0.485802 0 -0.874069 0 0 1 0 0 0.874069 0 0.485802 0 -641.667 0 -472.739 1 0
0.485802 0 -0.874069 0 0 1 0 0 0.874069 0 0.485802 0 -641.667 0 -472.739 1 0
0.485802 0 -0.874069 0 0 1 0 0 0.874069 0 0.485802 0 -641.667 0 -472.739 1 0
0.485802 0 -0.874069 0 0 1 0 0 0.874069 0 0.485802 0 -641.667 0 -472.739 1 0
0.485802 0 -0.874069 0 0 1 0 0 0.874069 0 0.485802 0 -641.667 0 -472.739 1 0
0.485802 0 -0.874069 0 0 1 0 0 0.874069 0 0.485802 0 -641.667 0 -472.739 1 0
0.485802 0 -0.874069 0 0 1 0 0 0.874069 0 0.485802 0 -641.667 0 -472.739 1 0
0.485802 0 -0.874069 0 0 1 0 0 0.874069 0 0.485802 0 -641.667 0 -472.739 1 0
0.485802 0 -0.874069 0 0 1 0 0 0.874069 0 0.485802 0 -641.667 0 -472.739 1 0
0.485802 0 -0.874069 0 0 1 0 0 0.874069 0 0.485802 0 -641.667 0 -472.739 1 0
0.485802 0 -0.874069 0 0 1 0 0 0.874069 0 0.485802 0 -641.667 0 -472.739 1 0
0.485802 0 -0.874069 0 0 1 0 0 0.874069 0 0.485802 0 -641.667 0 -472.739 1 0
0.485802 0 -0.874069 0 0 1 0 0 0.874069 0 0.485802 0 -641.667 0 -472.739 1 0
0.485802 0 -0.874069 0 0 1 0 0 0.874069 0 0.485802 0 -641.667 0 -472.739 1 0
0.485802 0 -0.874069 0 0 1 0 0 0.874069 0 0.485802 0 -641.667 0 -472.739 1 0
0.485802 0 -0.874069 0 0 1 0 0 0.874069 0 0.485802 0 -641.667 0 -472.739 1 0
0.485802 0 -0.874069 0 0 1 0 0 0.874069 0 0.485802 0 -641.667 0 -472.739 1 0
0.485802 0 -0.874069 0 0 1 0 0 0.874069 0 0.485802 0 -641.667 0 -472.739 1 0
0.485802 0 -0.874069 0 0 1 0 0 0.874069 0 0.485802 0 -641.667 0 -472.739 1 0
0.485802 0 -0.874069 0 0 1 0 0 0.874069 0 0.485802 0 -641.667 0 -472.739 1 0
0.485802 0 -0.874069 0 0 1 0 0 0.874069 0 0.485802 0 -641.667 0 -472.739 1 0
0.485802 0 -0.874069 0 0 1 0 0 0.874069 0 0.485802 0 -641.667 0 -472.739 1 0
0.485802 0 -0.874069 0 0 1 0 0 0.874069 0 0.485802 0 -641.667 0 -472.739 1 0
0.485802 0 -0.874069 0 0 1 0 0 0.874069 0 0.485802 0 -641.667 0 -472.739 1 0
0.485802 0 -0.874069 0 0 1 0 0 0.874069 0 0.485802 0 -641.667 0 -472.739 1 0
0.485802 0 -0.874069 0 0 1 0 0 0.874069 0 0.485802 0 -641.667 0 -472.739 1 0
0.485802 0 -0.874069 0 0 1 0 0 0.874069 0 0.485802 0 -641.667 0 -472.739 1 0
0.485802 0 -0.874069 0 0 1 0 0 0.874069 0 0.485802 0 -641.667 0 -472.739 1 0
0.485802 0 -0.874069 0 0 1 0 0 0.874069 0 0.485802 0 -641.667 0 -472.739 1 0
0.485802 0 -0.874069 0 0 1 0 0 0.874069 0 0.485802 0 -641.667 0 -472.739 1 0
0.485802 0 -0.874069 0 0 1 0 0 0.874069 0 0.485802 0 -641.667 0 -472.739 1 0
0.485802 0 -0.874069 0 0 1 0 0 0.874069 0 0.485802 0 -641.667 0 -472.739 1 0
0.485802 0 -0.874069 0 0 1 0 0 0.874069 0 0.485802 0 -641.667 0 -472.739 1 0
0.485802 0 -0.874069 0 0 1 0 0 0.874069 0 0.485802 0 -641.667 0 -472.739 1 0
0.485802 0 -0.874069 0 0 1 0 0 0.874069 0 0.485802 0 -641.667 0 -472.739 1 0
0.485802 0 -0.874069 0 0 1 0 0 0.874069 0 0.485802 0 -641.667 0 -472.739 1 0
0.485802 0 -0.874069 0 0 1 0 0 0.874069 0 0.485802 0 -641.667 0 -472.739 1 0
0.485802 0 -0.874069 0 0 1 0 0 0.874069 0 0.485802 0 -641.667 0 -472.739 1 0
0.485802 0 -0.874069 0 0 1 0 0 0.874069 0 0.485802 0 -641.667 0 -472.739 1 0
0.485802 0 -0.874069 0 0 1 0 0 0.874069 0 0.485802 0 -641.667 0 -472.739 1 0
0.485802 0 -0.874069 0 0 1 0 0 0.874069 0 0.485802 0 -641.667 0 -472.739 1 0
0.485802 0 -0.874069 0 0 1 0 0 0.874069 0 0.485802 0 -641.667 0 -472.739 1 0
0.485802 0 -0.874069 0 0 1 0 0 0.874069 0 0.485802 0 -641.667 0 -472.739 1 0
0.485802 0 -0.874069 0 0 1 0 0 0.874069 0 0.485802 0 -641.667 0 -472.739 1 0
0.485802 0 -0.874069 0 0 1 0 0 0.874069 0 0.485802 0 -641.667 0 -472.739 1 0
0.485802 0 -0.874069 0 0 1 0 0 0.874069 0 0.485802 0 -641.667 0 -472.739 1 0
0.485802 0 -0.874069 0 0 1 0 0 0.874069 0 0.485802 0 -641.667 0 -472.739 1 0
0.485802 0 -0.874069 0 0 1 0 0 0.874069 0 0.485802 0 -641.667 0 -472.739 1 0
0.485802 0 -0.874069 0 0 1 0 0 0.874069 0 0.485802 0 -641.667 0 -472.739 1 0
0.485802 0 -0.874069 0 0 1 0 0 0.874069 0 0.485802 0 -641.667 0 -472.739 1 0
0.485802 0 -0.874069 0 0 1 0 0 0.874069 0 0.485802 0 -641.667 0 -472.739 1 0
0.485802 0 -0.874069 0 0 1 0 0 0.874069 0 0.485802 0 -641.667 0 -472.739 1 0
0.485802 0 -0.874069 0 0 1 0 0 0.874069 0 0.485802 0 -641.667 0 -472.739 1 0
0.485802 0 -0.874069 0 0 1 0 0 0.874069 0 0.485802 0 -641.667 0 -472.739 1 0
0.485802 0 -0.874069 0 0 1 0 0 0.874069 0 0.485802 0 -641.667 0 -472.739 1 0
0.485802 0 -0.874069 0 0 1 0 0 0.874069 0 0.485802 0 -641.667 0 -472.739 1 0
0.485802 0 -0.874069 0 0 1 0 0 0.874069 0 0.485802 0 -641.667 0 -472.739 1 0
0.485802 0 -0.874069 0 0 1 0 0 0.874069 0 0.485802 0 -641.667 0 -472.739 1 0
0.485802 0 -0.874069 0 0 1 0 0 0.874069 0 0.485802 0 -641.667 0 -472.739 1 0
0.485802 0 -0.874069 0 0 1 0 0 0.874069 0 0.485802 0 -641.667 0 -472.739 1 0
0.485802 0 -0.874069 0 0 1 0 0 0.874069 0 0.485802 0 -641.667 0 -472.739 1 0
0.485802 0 -0.874069 0 0 1 0 0 0.874069 0 0.485802 0 -641.667 0 -472.739 1 0
0.485802 0 -0.874069 0 0 1 0 0 0.874069 0 0.485802 0 -641.667 0 -472.739 1 0
0.485802 0 -0.874069 0 0 1 0 0 0.874069 0 0.485802 0 -641.667 0 -472.739 1 0
0.485802 0 -0.874069 0 0 1 0 0 0.874069 0 0.485802 0 -641.667 0 -472.739 1 0
0.485802 0 -0.874069 0 0 1 0 0 0.874069 0 0.485802 0 -641.667 0 -472.739 1 0
0.485802 0 -0.874069 0 0 1 0 0 0.874069 0 0.485802 0 -641.667 0 -472.739 1 0
0.485802 0 -0.874069 0 0 1 0 0 0.874069 0 0.485802 0 -641.667 0 -472.739 1 0
0.485802 0 -0.874069 0 0 1 0 0 0.874069 0 0.485802 0 -641.667 0 -472.739 1 0
0.485802 0 -0.874069 0 0 1 0 0 0.874069 0 0.485802 0 -641.667 0 -472.739 1 0
0.485802 0 -0.874069 0 0 1 0 0 0.874069 0 0.485802 0 -641.667 0 -472.739 1 0
0.288067 0.072287 -0.954878 0 -0.0183196 0.99738 0.0699779 0 0.957435 -0.00266534 0.288637 0 -865.672 309.438 -683.198 1 1
0.279283 0.0777674 -0.957054 0 -0.0212271 0.996971 0.0748166 0 0.959974 -0.000579459 0.280088 0 -824.879 314.172 -750.7 1 1
0.279283 0.0777674 -0.957054 0 -0.0212271 0.996971 0.0748166 0 0.959974 -0.000579459 0.280088 0 -824.879 314.172 -750.7 1 2
0.279283 0.0777674 -0.957054 0 -0.0212271 0.996971 0.0748166 0 0.959974 -0.000579459 0.280088 0 -824.879 314.172 -750.7 1 2
0.279283 0.0777674 -0.957054 0 -0.0212271 0.996971 0.0748166 0 0.959974 -0.000579459 0.280088 0 -824.879 314.172 -750.7 1 2
0.279283 0.0777674 -0.957054 0 -0.0212271 0.996971 0.0748166 0 0.959974 -0.000579459 0.280088 0 -824.879 314.172 -750.7 1 2
0.279283 0.0777674 -0.957054 0 -0.0212271 0.996971 0.0748166 0 0.959974 -0.000579459 0.280088 0 -824.879 314.172 -750.7 1 2
0.279283 0.0777674 -0.957054 0 -0.0212271 0.996971 0.0748166 0 0.959974 -0.000579459 0.280088 0 -824.879 314.172 -750.7 1 2
0.279283 0.0777674 -0.957054 0 -0.0212271 0.996971 0.0748166 0 0.959974 -0.000579459 0.280088 0 -824.879 314.172 -750.7 1 2
0.279283 0.0777674 -0.957054 0 -0.0212271 0.996971 0.0748166 0 0.959974 -0.000579459 0.280088 0 -824.879 314.172 -750.7 1 2
0.278652 0.0909024 -0.956081 0 -0.0244861 0.995859 0.087548 0 0.96008 -0.000984737 0.279724 0 -821.352 314.684 -774.015 1 3
0.277874 0.104385 -0.954929 0 -0.0269907 0.994534 0.100861 0 0.960238 -0.00225227 0.279172 0 -820.035 313.048 -794.916 1 3
0.276934 0.11861 -0.95354 0 -0.0296766 0.992935 0.114891 0 0.960431 -0.00351939 0.278497 0 -819.515 309.118 -813.241 1 3
0.275335 0.133501 -0.952034 0 -0.0327764 0.991039 0.129491 0 0.960789 -0.00444925 0.277243 0 -818.651 301.829 -829.376 1 3
0.273491 0.146797 -0.950607 0 -0.0356507 0.989154 0.142493 0 0.961214 -0.00508083 0.275758 0 -818.347 292.427 -842.914 1 3
0.271394 0.156983 -0.94958 0 -0.0391141 0.987593 0.152088 0 0.961673 -0.00413386 0.274167 0 -818.623 281.728 -853.741 1 3
0.269207 0.164739 -0.948888 0 -0.0436537 0.986336 0.158855 0 0.962093 -0.00134238 0.27272 0 -819.206 269.23 -862.47 1 3
0.267144 0.170828 -0.948394 0 -0.0489526 0.985297 0.163686 0 0.962412 0.00269855 0.271579 0 -819.944 256.229 -869.472 1 3
0.265264 0.174784 -0.948201 0 -0.0541974 0.98458 0.166328 0 0.962651 0.00726926 0.270646 0 -820.774 242.584 -875.168 1 3
0.263584 0.17808 -0.948056 0 -0.0596188 0.983941 0.168245 0 0.962792 0.0121753 0.269968 0 -821.783 229.015 -879.692 1 3
0.261963 0.180312 -0.948084 0 -0.0649935 0.983457 0.169082 0 0.962887 0.0173262 0.269348 0 -823.244 214.832 -883.035 1 3
0.260206 0.181979 -0.948249 0 -0.0705777 0.983036 0.169288 0 0.96297 0.0228755 0.268635 0 -824.8 199.293 -885.326 1 3
0.258167 0.182588 -0.948689 0 -0.0762691 0.982765 0.168391 0 0.963085 0.0288826 0.267643 0 -826.619 181.181 -886.316 1 3
0.255936 0.182419 -0.949326 0 -0.0821184 0.982587 0.166671 0 0.963199 0.0353 0.266459 0 -828.731 160.953 -886.301 1 3
0.253752 0.181362 -0.950115 0 -0.0868864 0.982568 0.164352 0 0.963359 0.0408475 0.265086 0 -831.149 141.452 -885.72 1 3
0.251535 0.179516 -0.951054 0 -0.0903265 0.982713 0.161603 0 0.963624 0.0452568 0.263401 0 -833.889 123.534 -884.823 1 3
0.249493 0.176835 -0.952094 0 -0.0921151 0.983061 0.158448 0 0.963985 0.0481703 0.261556 0 -837.534 107.465 -883.441 1 3
0.247671 0.171732 -0.953503 0 -0.0918942 0.983892 0.153336 0 0.964476 0.0496447 0.259463 0 -841.486 91.445 -881.753 1 3
0.24567 0.163014 -0.955548 0 -0.0898971 0.985342 0.144984 0 0.965176 0.0502828 0.256723 0 -845.935 73.9213 -879.417 1 3
0.243576 0.148935 -0.958378 0 -0.0849946 0.987616 0.131877 0 0.96615 0.049335 0.253218 0 -851.389 54.4264 -876.095 1 3
0.241262 0.128764 -0.96188 0 -0.0765382 0.990596 0.113411 0 0.967437 0.0462589 0.248848 0 -857.813 33.9116 -871.991 1 3
0.238133 0.107841 -0.965227 0 -0.0675318 0.99325 0.094311 0 0.968882 0.042725 0.243808 0 -864.961 19.8267 -867.25 1 3
0.234429 0.0874473 -0.968192 0 -0.0587721 0.995399 0.0756741 0 0.970355 0.0391625 0.238489 0 -872.21 11.2538 -862.394 1 3
0.230336 0.0693689 -0.970636 0 -0.0507292 0.996956 0.0592117 0 0.971788 0.035601 0.233154 0 -879.239 6.88689 -858.201 1 3
0.22619 0.0541548 -0.972577 0 -0.043723 0.998011 0.0454025 0 0.973101 0.0322543 0.228108 0 -885.937 5.1369 -854.746 1 3
0.222563 0.0420777 -0.97401 0 -0.0380164 0.998683 0.0344567 0 0.974177 0.0293596 0.22387 0 -892.019 4.97923 -852.341 1 3
0.21925 0.0327652 -0.975118 0 -0.0332858 0.999105 0.026087 0 0.975101 0.026738 0.220144 0 -897.552 5.71063 -850.587 1 3
0.2163 0.0256296 -0.975991 0 -0.0293675 0.999374 0.0197352 0 0.975885 0.0243937 0.216917 0 -902.532 6.94708 -849.648 1 3
0.213563 0.0202907 -0.976719 0 -0.0260806 0.999546 0.0150623 0 0.976581 0.0222566 0.213995 0 -907.074 8.37979 -849.134 1 3
0.211048 0.0161482 -0.977342 0 -0.0232689 0.999663 0.0114923 0 0.977199 0.0203163 0.211353 0 -911.222 9.64453 -848.911 1 3
0.208909 0.0129466 -0.977849 0 -0.0210058 0.999741 0.00874869 0 0.977709 0.0187128 0.209127 0 -914.966 10.7603 -849.03 1 3
0.206936 0.010476 -0.978298 0 -0.0191122 0.999795 0.00666349 0 0.978168 0.0173185 0.207094 0 -918.396 11.7054 -849.387 1 3
0.205187 0.00866986 -0.978684 0 -0.0174887 0.999834 0.0051906 0 0.978566 0.0160509 0.205305 0 -921.488 12.5008 -849.994 1 3
0.203648 0.00727624 -0.979017 0 -0.0162248 0.99986 0.00405619 0 0.97891 0.0150583 0.203738 0 -924.304 13.1348 -850.82 1 3
0.202171 0.00617557 -0.979331 0 -0.0151518 0.99988 0.00317723 0 0.979233 0.0141963 0.202241 0 -926.798 13.6855 -851.744 1 3
0.200581 0.00547878 -0.979662 0 -0.0146758 0.999889 0.0025871 0 0.979567 0.0138584 0.20064 0 -929.081 13.8755 -852.819 1 3
0.199193 0.0050345 -0.979947 0 -0.0142524 0.999896 0.00223991 0 0.979857 0.0135204 0.199244 0 -931.097 14.0142 -853.965 1 3
0.197875 0.00464107 -0.980216 0 -0.0138147 0.999903 0.00194552 0 0.98013 0.0131564 0.19792 0 -933.038 14.1293 -855.141 1 3
0.196691 0.00436059 -0.980456 0 -0.0134671 0.999908 0.00174544 0 0.980373 0.0128606 0.196732 0 -934.902 14.195 -856.454 1 3
0.195701 0.00410373 -0.980655 0 -0.0129923 0.999914 0.00159156 0 0.980577 0.0124295 0.195738 0 -936.652 14.373 -857.791 1 3
0.194888 0.00400891 -0.980817 0 -0.0125817 0.99992 0.00158701 0 0.980745 0.012031 0.194923 0 -938.271 14.5147 -859.36 1 3
0.19389 0.0046595 -0.981012 0 -0.0125854 0.999918 0.00226188 0 0.980943 0.0119079 0.193933 0 -940.681 14.9017 -860.947 1 3
0.194192 0.00579972 -0.980946 0 -0.0122476 0.999919 0.0034873 0 0.980887 0.011337 0.194248 0 -943.622 15.8265 -864.079 1 3
0.194198 0.00646169 -0.980941 0 -0.0118567 0.999921 0.00423943 0 0.980891 0.0108074 0.194259 0 -946.3 16.5207 -866.764 1 3
0.19405 0.00690202 -0.980967 0 -0.0114299 0.999923 0.00477438 0 0.980925 0.0102859 0.194114 0 -948.591 17.0274 -869.102 1 3
0.19367 0.00718754 -0.98104 0 -0.0110805 0.999925 0.00513846 0 0.981004 0.00987526 0.193736 0 -950.697 17.3476 -871.186 1 3
0.193216 0.00748828 -0.981128 0 -0.0106313 0.999928 0.00553812 0 0.981099 0.00936062 0.193282 0 -952.674 17.8071 -873.022 1 3
0.192726 0.00768469 -0.981223 0 -0.0102163 0.999931 0.00582459 0 0.981199 0.0089019 0.192791 0 -954.418 18.2201 -874.604 1 3
0.192293 0.00786168 -0.981306 0 -0.00988556 0.999933 0.00607377 0 0.981288 0.00853281 0.192358 0 -955.9 18.5227 -876.038 1 3
0.191869 0.00795159 -0.981388 0 -0.00952771 0.999935 0.00623912 0 0.981374 0.00815329 0.191932 0 -957.121 18.8438 -877.391 1 3
