0.221651 0 -0.975126 0 0 1 0 0 0.975126 0 0.221651 0 -1153.94 0 -980.474 1 0
0.221651 0 -0.975126 0 0 1 0 0 0.975126 0 0.221651 0 -1153.94 0 -980.474 1 0
0.221651 0 -0.975126 0 0 1 0 0 0.975126 0 0.221651 0 -1153.94 0 -980.474 1 0
0.221651 0 -0.975126 0 0 1 0 0 0.975126 0 0.221651 0 -1153.94 0 -980.474 1 0
0.221651 0 -0.975126 0 0 1 0 0 0.975126 0 0.221651 0 -1153.94 0 -980.474 1 0
0.221651 0 -0.975126 0 0 1 0 0 0.975126 0 0.221651 0 -1153.94 0 -980.474 1 0
0.221651 0 -0.975126 0 0 1 0 0 0.975126 0 0.221651 0 -1153.94 0 -980.474 1 0
0.221651 0 -0.975126 0 0 1 0 0 0.975126 0 0.221651 0 -1153.94 0 -980.474 1 0
0.221651 0 -0.975126 0 0 1 0 0 0.975126 0 0.221651 0 -1153.94 0 -980.474 1 0
0.221651 0 -0.975126 0 0 1 0 0 0.975126 0 0.221651 0 -1153.94 0 -980.474 1 0
0.221651 0 -0.975126 0 0 1 0 0 0.975126 0 0.221651 0 -1153.94 0 -980.474 1 0
0.221651 0 -0.975126 0 0 1 0 0 0.975126 0 0.221651 0 -1153.94 0 -980.474 1 0
0.221651 0 -0.975126 0 0 1 0 0 0.975126 0 0.221651 0 -1153.94 0 -980.474 1 0
0.221651 0 -0.975126 0 0 1 0 0 0.975126 0 0.221651 0 -1153.94 0 -980.474 1 0
0.221651 0 -0.975126 0 0 1 0 0 0.975126 0 0.221651 0 -1153.94 0 -980.474 1 0
0.221651 0 -0.975126 0 0 1 0 0 0.975126 0 0.221651 0 -1153.94 0 -980.474 1 0
0.221651 0 -0.975126 0 0 1 0 0 0.975126 0 0.221651 0 -1153.94 0 -980.474 1 0
0.221651 0 -0.975126 0 0 1 0 0 0.975126 0 0.221651 0 -1153.94 0 -980.474 1 0
0.221651 0 -0.975126 0 0 1 0 0 0.975126 0 0.221651 0 -1153.94 0 -980.474 1 0
0.221651 0 -0.975126 0 0 1 0 0 0.975126 0 0.221651 0 -1153.94 0 -980.474 1 0
0.221651 0 -0.975126 0 0 1 0 0 0.975126 0 0.221651 0 -1153.94 0 -980.474 1 0
0.221651 0 -0.975126 0 0 1 0 0 0.975126 0 0.221651 0 -1153.94 0 -980.474 1 0
0.221651 0 -0.975126 0 0 1 0 0 0.975126 0 0.221651 0 -1153.94 0 -980.474 1 0
0.221651 0 -0.975126 0 0 1 0 0 0.975126 0 0.221651 0 -1153.94 0 -980.474 1 0
0.221651 0 -0.975126 0 0 1 0 0 0.975126 0 0.221651 0 -1153.94 0 -980.474 1 0
0.221651 0 -0.975126 0 0 1 0 0 0.975126 0 0.221651 0 -1153.94 0 -980.474 1 0
0.221651 0 -0.975126 0 0 1 0 0 0.975126 0 0.221651 0 -1153.94 0 -980.474 1 0
0.221651 0 -0.975126 0 0 1 0 0 0.975126 0 0.221651 0 -1153.94 0 -980.474 1 0
0.221651 0 -0.975126 0 0 1 0 0 0.975126 0 0.221651 0 -1153.94 0 -980.474 1 0
0.221651 0 -0.975126 0 0 1 0 0 0.975126 0 0.221651 0 -1153.94 0 -980.474 1 0
0.221651 0 -0.975126 0 0 1 0 0 0.975126 0 0.221651 0 -1153.94 0 -980.474 1 0
0.221651 0 -0.975126 0 0 1 0 0 0.975126 0 0.221651 0 -1153.94 0 -980.474 1 0
0.221651 0 -0.975126 0 0 1 0 0 0.975126 0 0.221651 0 -1153.94 0 -980.474 1 0
0.221651 0 -0.975126 0 0 1 0 0 0.975126 0 0.221651 0 -1153.94 0 -980.474 1 0
0.221651 0 -0.975126 0 0 1 0 0 0.975126 0 0.221651 0 -1153.94 0 -980.474 1 0
0.221651 0 -0.975126 0 0 1 0 0 0.975126 0 0.221651 0 -1153.94 0 -980.474 1 0
0.221651 0 -0.975126 0 0 1 0 0 0.975126 0 0.221651 0 -1153.94 0 -980.474 1 0
0.221651 0 -0.975126 0 0 1 0 0 0.975126 0 0.221651 0 -1153.94 0 -980.474 1 0
0.221651 0 -0.975126 0 0 1 0 0 0.975126 0 0.221651 0 -1153.94 0 -980.474 1 0
0.221651 0 -0.975126 0 0 1 0 0 0.975126 0 0.221651 0 -1153.94 0 -980.474 1 0
0.221651 0 -0.975126 0 0 1 0 0 0.975126 0 0.221651 0 -1153.94 0 -980.474 1 0
0.221651 0 -0.975126 0 0 1 0 0 0.975126 0 0.221651 0 -1153.94 0 -980.474 1 0
0.221651 0 -0.975126 0 0 1 0 0 0.975126 0 0.221651 0 -1153.94 0 -980.474 1 0
0.221651 0 -0.975126 0 0 1 0 0 0.975126 0 0.221651 0 -1153.94 0 -980.474 1 0
0.221651 0 -0.975126 0 0 1 0 0 0.975126 0 0.221651 0 -1153.94 0 -980.474 1 0
0.221651 0 -0.975126 0 0 1 0 0 0.975126 0 0.221651 0 -1153.94 0 -980.474 1 0
0.221651 0 -0.975126 0 0 1 0 0 0.975126 0 0.221651 0 -1153.94 0 -980.474 1 0
0.221651 0 -0.975126 0 0 1 0 0 0.975126 0 0.221651 0 -1153.94 0 -980.474 1 0
0.221651 0 -0.975126 0 0 1 0 0 0.975126 0 0.221651 0 -1153.94 0 -980.474 1 0
0.221651 0 -0.975126 0 0 1 0 0 0.975126 0 0.221651 0 -1153.94 0 -980.474 1 0
0.221651 0 -0.975126 0 0 1 0 0 0.975126 0 0.221651 0 -1153.94 0 -980.474 1 0
0.221651 0 -0.975126 0 0 1 0 0 0.975126 0 0.221651 0 -1153.94 0 -980.474 1 0
0.221651 0 -0.975126 0 0 1 0 0 0.975126 0 0.221651 0 -1153.94 0 -980.474 1 0
0.221651 0 -0.975126 0 0 1 0 0 0.975126 0 0.221651 0 -1153.94 0 -980.474 1 0
0.221651 0 -0.975126 0 0 1 0 0 0.975126 0 0.221651 0 -1153.94 0 -980.474 1 0
0.221651 0 -0.975126 0 0 1 0 0 0.975126 0 0.221651 0 -1153.94 0 -980.474 1 0
0.221651 0 -0.975126 0 0 1 0 0 0.975126 0 0.221651 0 -1153.94 0 -980.474 1 0
0.221651 0 -0.975126 0 0 1 0 0 0.975126 0 0.221651 0 -1153.94 0 -980.474 1 0
0.221651 0 -0.975126 0 0 1 0 0 0.975126 0 0.221651 0 -1153.94 0 -980.474 1 0
0.221651 0 -0.975126 0 0 1 0 0 0.975126 0 0.221651 0 -1153.94 0 -980.474 1 0
0.221651 0 -0.975126 0 0 1 0 0 0.975126 0 0.221651 0 -1153.94 0 -980.474 1 0
0.221651 0 -0.975126 0 0 1 0 0 0.975126 0 0.221651 0 -1153.94 0 -980.474 1 0
0.221651 0 -0.975126 0 0 1 0 0 0.975126 0 0.221651 0 -1153.94 0 -980.474 1 0
0.221651 0 -0.975126 0 0 1 0 0 0.975126 0 0.221651 0 -1153.94 0 -980.474 1 0
0.221651 0 -0.975126 0 0 1 0 0 0.975126 0 0.221651 0 -1153.94 0 -980.474 1 0
0.221651 0 -0.975126 0 0 1 0 0 0.975126 0 0.221651 0 -1153.94 0 -980.474 1 0
0.221651 0 -0.975126 0 0 1 0 0 0.975126 0 0.221651 0 -1153.94 0 -980.474 1 0
0.221651 0 -0.975126 0 0 1 0 0 0.975126 0 0.221651 0 -1153.94 0 -980.474 1 0
0.221651 0 -0.975126 0 0 1 0 0 0.975126 0 0.221651 0 -1153.94 0 -980.474 1 0
0.221651 0 -0.975126 0 0 1 0 0 0.975126 0 0.221651 0 -1153.94 0 -980.474 1 0
0.221651 0 -0.975126 0 0 1 0 0 0.975126 0 0.221651 0 -1153.94 0 -980.474 1 0
0.221651 0 -0.975126 0 0 1 0 0 0.975126 0 0.221651 0 -1153.94 0 -980.474 1 0
0.221651 0 -0.975126 0 0 1 0 0 0.975126 0 0.221651 0 -1153.94 0 -980.474 1 0
0.221651 0 -0.975126 0 0 1 0 0 0.975126 0 0.221651 0 -1153.94 0 -980.474 1 0
0.221651 0 -0.975126 0 0 1 0 0 0.975126 0 0.221651 0 -1153.94 0 -980.474 1 0
0.221651 0 -0.975126 0 0 1 0 0 0.975126 0 0.221651 0 -1153.94 0 -980.474 1 0
0.221651 0 -0.975126 0 0 1 0 0 0.975126 0 0.221651 0 -1153.94 0 -980.474 1 0
0.221651 0 -0.975126 0 0 1 0 0 0.975126 0 0.221651 0 -1153.94 0 -980.474 1 0
0.221651 0 -0.975126 0 0 1 0 0 0.975126 0 0.221651 0 -1153.94 0 -980.474 1 0
0.221651 0 -0.975126 0 0 1 0 0 0.975126 0 0.221651 0 -1153.94 0 -980.474 1 0
0.221651 0 -0.975126 0 0 1 0 0 0.975126 0 0.221651 0 -1153.94 0 -980.474 1 0
0.221651 0 -0.975126 0 0 1 0 0 0.975126 0 0.221651 0 -1153.94 0 -980.474 1 0
0.221651 0 -0.975126 0 0 1 0 0 0.975126 0 0.221651 0 -1153.94 0 -980.474 1 0
0.221651 0 -0.975126 0 0 1 0 0 0.975126 0 0.221651 0 -1153.94 0 -980.474 1 0
0.221651 0 -0.975126 0 0 1 0 0 0.975126 0 0.221651 0 -1153.94 0 -980.474 1 0
0.221651 0 -0.975126 0 0 1 0 0 0.975126 0 0.221651 0 -1153.94 0 -980.474 1 0
0.221651 0 -0.975126 0 0 1 0 0 0.975126 0 0.221651 0 -1153.94 0 -980.474 1 0
0.221651 0 -0.975126 0 0 1 0 0 0.975126 0 0.221651 0 -1153.94 0 -980.474 1 0
0.221651 0 -0.975126 0 0 1 0 0 0.975126 0 0.221651 0 -1153.94 0 -980.474 1 0
0.221651 0 -0.975126 0 0 1 0 0 0.975126 0 0.221651 0 -1153.94 0 -980.474 1 0
0.221651 0 -0.975126 0 0 1 0 0 0.975126 0 0.221651 0 -1153.94 0 -980.474 1 0
0.221651 0 -0.975126 0 0 1 0 0 0.975126 0 0.221651 0 -1153.94 0 -980.474 1 0
0.221651 0 -0.975126 0 0 1 0 0 0.975126 0 0.221651 0 -1153.94 0 -980.474 1 0
0.221651 0 -0.975126 0 0 1 0 0 0.975126 0 0.221651 0 -1153.94 0 -980.474 1 0
0.221651 0 -0.975126 0 0 1 0 0 0.975126 0 0.221651 0 -1153.94 0 -980.474 1 0
0.221651 0 -0.975126 0 0 1 0 0 0.975126 0 0.221651 0 -1153.94 0 -980.474 1 0
0.221651 0 -0.975126 0 0 1 0 0 0.975126 0 0.221651 0 -1153.94 0 -980.474 1 0
0.221651 0 -0.975126 0 0 1 0 0 0.975126 0 0.221651 0 -1153.94 0 -980.474 1 0
0.221651 0 -0.975126 0 0 1 0 0 0.975126 0 0.221651 0 -1153.94 0 -980.474 1 0
0.221651 0 -0.975126 0 0 1 0 0 0.975126 0 0.221651 0 -1153.94 0 -980.474 1 0
0.221651 0 -0.975126 0 0 1 0 0 0.975126 0 0.221651 0 -1153.94 0 -980.474 1 0
0.221651 0 -0.975126 0 0 1 0 0 0.975126 0 0.221651 0 -1153.94 0 -980.474 1 0
0.221651 0 -0.975126 0 0 1 0 0 0.975126 0 0.221651 0 -1153.94 0 -980.474 1 0
0.221651 0 -0.975126 0 0 1 0 0 0.975126 0 0.221651 0 -1153.94 0 -980.474 1 0
0.221651 0 -0.975126 0 0 1 0 0 0.975126 0 0.221651 0 -1153.94 0 -980.474 1 0
0.221651 0 -0.975126 0 0 1 0 0 0.975126 0 0.221651 0 -1153.94 0 -980.474 1 0
0.221651 0 -0.975126 0 0 1 0 0 0.975126 0 0.221651 0 -1153.94 0 -980.474 1 0
0.221651 0 -0.975126 0 0 1 0 0 0.975126 0 0.221651 0 -1153.94 0 -980.474 1 0
0.221651 0 -0.975126 0 0 1 0 0 0.975126 0 0.221651 0 -1153.94 0 -980.474 1 0
0.221651 0 -0.975126 0 0 1 0 0 0.975126 0 0.221651 0 -1153.94 0 -980.474 1 0
0.221651 0 -0.975126 0 0 1 0 0 0.975126 0 0.221651 0 -1153.94 0 -980.474 1 0
0.221651 0 -0.975126 0 0 1 0 0 0.975126 0 0.221651 0 -1153.94 0 -980.474 1 0
0.0249565 0.0869152 -0.995903 0 -0.0236028 0.995987 0.0863311 0 0.99941 0.0213516 0.0269078 0 -1562.73 314.202 -823.098 1 1
0.00888493 0.0949695 -0.995441 0 -0.0231905 0.995232 0.0947426 0 0.999692 0.022243 0.011045 0 -1546.08 321.008 -903.156 1 1
0.00888493 0.0949695 -0.995441 0 -0.0231905 0.995232 0.0947426 0 0.999692 0.022243 0.011045 0 -1546.08 321.008 -903.156 1 2
0.00888493 0.0949695 -0.995441 0 -0.0231905 0.995232 0.0947426 0 0.999692 0.022243 0.011045 0 -1546.08 321.008 -903.156 1 2
0.00888493 0.0949695 -0.995441 0 -0.0231905 0.995232 0.0947426 0 0.999692 0.022243 0.011045 0 -1546.08 321.008 -903.156 1 2
0.00888493 0.0949695 -0.995441 0 -0.0231905 0.995232 0.0947426 0 0.999692 0.022243 0.011045 0 -1546.08 321.008 -903.156 1 2
0.00888493 0.0949695 -0.995441 0 -0.0231905 0.995232 0.0947426 0 0.999692 0.022243 0.011045 0 -1546.08 321.008 -903.156 1 2
0.00888493 0.0949695 -0.995441 0 -0.0231905 0.995232 0.0947426 0 0.999692 0.022243 0.011045 0 -1546.08 321.008 -903.156 1 2
0.00888493 0.0949695 -0.995441 0 -0.0231905 0.995232 0.0947426 0 0.999692 0.022243 0.011045 0 -1546.08 321.008 -903.156 1 2
0.00888493 0.0949695 -0.995441 0 -0.0231905 0.995232 0.0947426 0 0.999692 0.022243 0.011045 0 -1546.08 321.008 -903.156 1 2
0.00888493 0.0949695 -0.995441 0 -0.0231905 0.995232 0.0947426 0 0.999692 0.022243 0.011045 0 -1546.08 321.008 -903.156 1 2
0.00888493 0.0949695 -0.995441 0 -0.0231905 0.995232 0.0947426 0 0.999692 0.022243 0.011045 0 -1546.08 321.008 -903.156 1 2
0.00888493 0.0949695 -0.995441 0 -0.0231905 0.995232 0.0947426 0 0.999692 0.022243 0.011045 0 -1546.08 321.008 -903.156 1 2
0.00888493 0.0949695 -0.995441 0 -0.0231905 0.995232 0.0947426 0 0.999692 0.022243 0.011045 0 -1546.08 321.008 -903.156 1 2
0.00888493 0.0949695 -0.995441 0 -0.0231905 0.995232 0.0947426 0 0.999692 0.022243 0.011045 0 -1546.08 321.008 -903.156 1 2
0.00888493 0.0949695 -0.995441 0 -0.0231905 0.995232 0.0947426 0 0.999692 0.022243 0.011045 0 -1546.08 321.008 -903.156 1 2
0.00371311 0.105342 -0.994429 0 -0.0228441 0.994185 0.105231 0 0.999732 0.0223261 0.00609797 0 -1544.84 322.536 -923.827 1 3
-0.000230189 0.116343 -0.993209 0 -0.0228958 0.992948 0.116317 0 0.999738 0.0227671 0.00243519 0 -1545.46 322.042 -942.375 1 3
-0.0034872 0.128029 -0.991764 0 -0.0235349 0.991485 0.128076 0 0.999717 0.0237877 -0.000444342 0 -1546.64 319.026 -958.589 1 3
-0.00663137 0.140632 -0.99004 0 -0.024897 0.989731 0.140755 0 0.999668 0.0255825 -0.00306196 0 -1547.43 312.283 -972.367 1 3
-0.00935926 0.151827 -0.988363 0 -0.0263463 0.988025 0.152025 0 0.999609 0.0274625 -0.00524711 0 -1548.63 303.204 -983.639 1 3
-0.0118577 0.159779 -0.987082 0 -0.0285095 0.986696 0.160059 0 0.999523 0.0300391 -0.00714471 0 -1550.35 291.811 -992.411 1 3
-0.0141496 0.165114 -0.986173 0 -0.0318107 0.985698 0.165491 0 0.999394 0.0337125 -0.00869483 0 -1552.28 277.469 -999.308 1 3
-0.0160842 0.168785 -0.985522 0 -0.0359019 0.984916 0.169267 0 0.999226 0.0381046 -0.00978184 0 -1554.23 261.722 -1004.87 1 3
-0.0178546 0.170534 -0.98519 0 -0.0400911 0.984432 0.17113 0 0.999036 0.0425528 -0.0107397 0 -1556.09 245.013 -1009.35 1 3
-0.0194621 0.171638 -0.984968 0 -0.0444529 0.984032 0.172354 0 0.998822 0.047139 -0.0115215 0 -1557.97 228.164 -1012.82 1 3
-0.021 0.171704 -0.984925 0 -0.0487963 0.983792 0.172546 0 0.998588 0.0516841 -0.0122811 0 -1560.16 210.559 -1015.23 1 3
-0.0226314 0.171158 -0.984984 0 -0.0532107 0.983633 0.172146 0 0.998327 0.0563075 -0.0131535 0 -1562.39 191.456 -1016.6 1 3
-0.0245154 0.169509 -0.985224 0 -0.0578585 0.983627 0.170674 0 0.998024 0.0611877 -0.0143064 0 -1564.75 169.404 -1016.57 1 3
-0.0265394 0.167143 -0.985575 0 -0.0627433 0.9837 0.168514 0 0.997677 0.0663106 -0.0156198 0 -1567.45 144.991 -1015.46 1 3
-0.02848 0.164266 -0.986005 0 -0.0667157 0.983893 0.165841 0 0.997365 0.0705052 -0.0170621 0 -1570.36 121.895 -1013.76 1 3
-0.0304856 0.16103 -0.986479 0 -0.0695771 0.984201 0.162808 0 0.997111 0.0735996 -0.0188 0 -1573.49 101.147 -1011.6 1 3
-0.0324103 0.157723 -0.986951 0 -0.0708216 0.984626 0.159677 0 0.996962 0.0750727 -0.0207418 0 -1577.52 83.4807 -1008.88 1 3
-0.034093 0.152704 -0.987684 0 -0.0702628 0.985447 0.154784 0 0.996946 0.0746745 -0.0228675 0 -1581.9 67.0229 -1005.79 1 3
-0.0358412 0.144783 -0.988814 0 -0.0682364 0.986786 0.14696 0 0.997025 0.0727403 -0.0254881 0 -1586.81 49.7573 -1001.82 1 3
-0.0375105 0.132705 -0.990446 0 -0.0636365 0.988814 0.134896 0 0.997268 0.0680885 -0.0286461 0 -1592.71 31.9146 -996.588 1 3
-0.0390241 0.116059 -0.992475 0 -0.0560096 0.991416 0.118138 0 0.997667 0.0601983 -0.0321887 0 -1599.54 14.8514 -990.339 1 3
-0.0413643 0.0990369 -0.994224 0 -0.0480637 0.993726 0.100987 0 0.997987 0.0519633 -0.0363447 0 -1607.11 4.37126 -983.143 1 3
-0.0441982 0.082684 -0.995595 0 -0.0404191 0.995605 0.0844792 0 0.998205 0.0439749 -0.0406619 0 -1614.62 -0.739282 -975.886 1 3
-0.0477031 0.0683224 -0.996522 0 -0.0333236 0.996994 0.0699499 0 0.998306 0.0365445 -0.0452829 0 -1622 -1.84735 -969.242 1 3
-0.0513441 0.0563221 -0.997092 0 -0.0270717 0.997963 0.0577653 0 0.998314 0.0299589 -0.0497148 0 -1629.02 -0.584658 -963.411 1 3
-0.0547481 0.0469331 -0.997397 0 -0.0220862 0.998593 0.0482018 0 0.998256 0.0246677 -0.0536345 0 -1635.37 1.7208 -958.875 1 3
-0.057815 0.0398483 -0.997532 0 -0.0180466 0.998998 0.0409528 0 0.998164 0.0203697 -0.0570379 0 -1641.15 4.60039 -955.34 1 3
-0.0605326 0.0346119 -0.997566 0 -0.014948 0.999255 0.0355776 0 0.998054 0.0170653 -0.0599701 0 -1646.31 7.59272 -952.798 1 3
-0.0631379 0.0308895 -0.997527 0 -0.0121976 0.999422 0.0317203 0 0.99793 0.0141702 -0.0627247 0 -1651.06 10.6294 -950.698 1 3
-0.0653898 0.0282088 -0.997461 0 -0.00990766 0.999533 0.0289169 0 0.997811 0.0117734 -0.0650798 0 -1655.32 13.2872 -949.143 1 3
-0.067361 0.0260299 -0.997389 0 -0.00805923 0.999613 0.0266322 0 0.997696 0.00983216 -0.0671252 0 -1659.15 15.5189 -948.075 1 3
-0.0690947 0.0244664 -0.99731 0 -0.00646996 0.999667 0.0249724 0 0.997589 0.00817802 -0.0689134 0 -1662.61 17.4988 -947.322 1 3
-0.0707468 0.0234739 -0.997218 0 -0.00516903 0.999701 0.0238991 0 0.997481 0.00684543 -0.0706043 0 -1665.75 19.2342 -946.87 1 3
-0.0722196 0.0226437 -0.997132 0 -0.00423268 0.999726 0.0230092 0 0.99738 0.00588225 -0.072104 0 -1668.59 20.5153 -946.727 1 3
-0.073602 0.0220626 -0.997044 0 -0.00332581 0.999744 0.0223679 0 0.997282 0.0049623 -0.0735098 0 -1671.13 21.7196 -946.761 1 3
-0.0751365 0.0216163 -0.996939 0 -0.00283186 0.999756 0.0218908 0 0.997169 0.00446799 -0.075057 0 -1673.53 22.2295 -946.783 1 3
-0.0764979 0.021318 -0.996842 0 -0.002429 0.999764 0.0215669 0 0.997067 0.00407115 -0.0764281 0 -1675.65 22.6368 -946.99 1 3
-0.0777659 0.0211144 -0.996748 0 -0.00203073 0.99977 0.0213369 0 0.99697 0.00368341 -0.0777052 0 -1677.66 23.0266 -947.284 1 3
-0.0789344 0.020956 -0.99666 0 -0.00173843 0.999775 0.0211592 0 0.996878 0.00340281 -0.0788802 0 -1679.61 23.2977 -947.771 1 3
-0.0799271 0.0208672 -0.996582 0 -0.00133654 0.999778 0.0210413 0 0.9968 0.00301374 -0.0798815 0 -1681.4 23.7571 -948.415 1 3
-0.0807549 0.020888 -0.996515 0 -0.00100192 0.999778 0.0210376 0 0.996733 0.00269731 -0.080716 0 -1683.04 24.1349 -949.393 1 3
-0.0817962 0.0215177 -0.996417 0 -0.000984535 0.999765 0.0216708 0 0.996649 0.0027536 -0.0817557 0 -1685.49 24.5676 -950.206 1 3
-0.0817978 0.0226659 -0.996391 0 -0.000674116 0.99974 0.0227974 0 0.996649 0.00253646 -0.0817613 0 -1688.28 25.8392 -953.318 1 3
-0.0819906 0.0233985 -0.996358 0 -0.000282437 0.999724 0.0235008 0 0.996633 0.00220825 -0.0819613 0 -1690.83 26.8878 -955.839 1 3
-0.0822529 0.0239563 -0.996324 0 0.000162326 0.999711 0.0240243 0 0.996611 0.00181434 -0.0822331 0 -1693.04 27.762 -957.975 1 3
-0.0826822 0.0243564 -0.996278 0 0.000517481 0.999702 0.0243971 0 0.996576 0.00150165 -0.0826702 0 -1695.1 28.3677 -959.76 1 3
-0.0831517 0.0247667 -0.996229 0 0.000964062 0.999693 0.0247723 0 0.996536 0.00109944 -0.0831501 0 -1697.04 29.1769 -961.233 1 3
-0.0836681 0.0250472 -0.996179 0 0.00131008 0.999686 0.0250254 0 0.996493 0.000788751 -0.0836746 0 -1698.75 29.8626 -962.421 1 3
-0.0841197 0.0252844 -0.996135 0 0.00160494 0.99968 0.0252388 0 0.996454 0.000524348 -0.0841334 0 -1700.22 30.3875 -963.509 1 3
-0.0845393 0.0254646 -0.996095 0 0.00195434 0.999676 0.0253902 0 0.996418 0.000199769 -0.0845616 0 -1701.43 30.9711 -964.543 1 3
