-0.0200525 0 -0.999799 0 0 1 0 0 0.999799 0 -0.0200525 0 -3554.23 0 -2919.3 1 0
-0.0200525 0 -0.999799 0 0 1 0 0 0.999799 0 -0.0200525 0 -3554.23 0 -2919.3 1 0
-0.0200525 0 -0.999799 0 0 1 0 0 0.999799 0 -0.0200525 0 -3554.23 0 -2919.3 1 0
-0.0200525 0 -0.999799 0 0 1 0 0 0.999799 0 -0.0200525 0 -3554.23 0 -2919.3 1 0
-0.0200525 0 -0.999799 0 0 1 0 0 0.999799 0 -0.0200525 0 -3554.23 0 -2919.3 1 0
-0.0200525 0 -0.999799 0 0 1 0 0 0.999799 0 -0.0200525 0 -3554.23 0 -2919.3 1 0
-0.0200525 0 -0.999799 0 0 1 0 0 0.999799 0 -0.0200525 0 -3554.23 0 -2919.3 1 0
-0.0200525 0 -0.999799 0 0 1 0 0 0.999799 0 -0.0200525 0 -3554.23 0 -2919.3 1 0
-0.0200525 0 -0.999799 0 0 1 0 0 0.999799 0 -0.0200525 0 -3554.23 0 -2919.3 1 0
-0.0200525 0 -0.999799 0 0 1 0 0 0.999799 0 -0.0200525 0 -3554.23 0 -2919.3 1 0
-0.0200525 0 -0.999799 0 0 1 0 0 0.999799 0 -0.0200525 0 -3554.23 0 -2919.3 1 0
-0.0200525 0 -0.999799 0 0 1 0 0 0.999799 0 -0.0200525 0 -3554.23 0 -2919.3 1 0
-0.0200525 0 -0.999799 0 0 1 0 0 0.999799 0 -0.0200525 0 -3554.23 0 -2919.3 1 0
-0.0200525 0 -0.999799 0 0 1 0 0 0.999799 0 -0.0200525 0 -3554.23 0 -2919.3 1 0
-0.0200525 0 -0.999799 0 0 1 0 0 0.999799 0 -0.0200525 0 -3554.23 0 -2919.3 1 0
-0.0200525 0 -0.999799 0 0 1 0 0 0.999799 0 -0.0200525 0 -3554.23 0 -2919.3 1 0
-0.0200525 0 -0.999799 0 0 1 0 0 0.999799 0 -0.0200525 0 -3554.23 0 -2919.3 1 0
-0.0200525 0 -0.999799 0 0 1 0 0 0.999799 0 -0.0200525 0 -3554.23 0 -2919.3 1 0
-0.0200525 0 -0.999799 0 0 1 0 0 0.999799 0 -0.0200525 0 -3554.23 0 -2919.3 1 0
-0.0200525 0 -0.999799 0 0 1 0 0 0.999799 0 -0.0200525 0 -3554.23 0 -2919.3 1 0
-0.0200525 0 -0.999799 0 0 1 0 0 0.999799 0 -0.0200525 0 -3554.23 0 -2919.3 1 0
-0.0200525 0 -0.999799 0 0 1 0 0 0.999799 0 -0.0200525 0 -3554.23 0 -2919.3 1 0
-0.0200525 0 -0.999799 0 0 1 0 0 0.999799 0 -0.0200525 0 -3554.23 0 -2919.3 1 0
-0.0200525 0 -0.999799 0 0 1 0 0 0.999799 0 -0.0200525 0 -3554.23 0 -2919.3 1 0
-0.0200525 0 -0.999799 0 0 1 0 0 0.999799 0 -0.0200525 0 -3554.23 0 -2919.3 1 0
-0.0200525 0 -0.999799 0 0 1 0 0 0.999799 0 -0.0200525 0 -3554.23 0 -2919.3 1 0
-0.0200525 0 -0.999799 0 0 1 0 0 0.999799 0 -0.0200525 0 -3554.23 0 -2919.3 1 0
-0.0200525 0 -0.999799 0 0 1 0 0 0.999799 0 -0.0200525 0 -3554.23 0 -2919.3 1 0
-0.0200525 0 -0.999799 0 0 1 0 0 0.999799 0 -0.0200525 0 -3554.23 0 -2919.3 1 0
-0.0200525 0 -0.999799 0 0 1 0 0 0.999799 0 -0.0200525 0 -3554.23 0 -2919.3 1 0
-0.0200525 0 -0.999799 0 0 1 0 0 0.999799 0 -0.0200525 0 -3554.23 0 -2919.3 1 0
-0.0200525 0 -0.999799 0 0 1 0 0 0.999799 0 -0.0200525 0 -3554.23 0 -2919.3 1 0
-0.0200525 0 -0.999799 0 0 1 0 0 0.999799 0 -0.0200525 0 -3554.23 0 -2919.3 1 0
-0.0200525 0 -0.999799 0 0 1 0 0 0.999799 0 -0.0200525 0 -3554.23 0 -2919.3 1 0
-0.0200525 0 -0.999799 0 0 1 0 0 0.999799 0 -0.0200525 0 -3554.23 0 -2919.3 1 0
-0.0200525 0 -0.999799 0 0 1 0 0 0.999799 0 -0.0200525 0 -3554.23 0 -2919.3 1 0
-0.0200525 0 -0.999799 0 0 1 0 0 0.999799 0 -0.0200525 0 -3554.23 0 -2919.3 1 0
-0.0200525 0 -0.999799 0 0 1 0 0 0.999799 0 -0.0200525 0 -3554.23 0 -2919.3 1 0
-0.0200525 0 -0.999799 0 0 1 0 0 0.999799 0 -0.0200525 0 -3554.23 0 -2919.3 1 0
-0.0200525 0 -0.999799 0 0 1 0 0 0.999799 0 -0.0200525 0 -3554.23 0 -2919.3 1 0
-0.0200525 0 -0.999799 0 0 1 0 0 0.999799 0 -0.0200525 0 -3554.23 0 -2919.3 1 0
-0.0200525 0 -0.999799 0 0 1 0 0 0.999799 0 -0.0200525 0 -3554.23 0 -2919.3 1 0
-0.0200525 0 -0.999799 0 0 1 0 0 0.999799 0 -0.0200525 0 -3554.23 0 -2919.3 1 0
-0.0200525 0 -0.999799 0 0 1 0 0 0.999799 0 -0.0200525 0 -3554.23 0 -2919.3 1 0
-0.0200525 0 -0.999799 0 0 1 0 0 0.999799 0 -0.0200525 0 -3554.23 0 -2919.3 1 0
-0.0200525 0 -0.999799 0 0 1 0 0 0.999799 0 -0.0200525 0 -3554.23 0 -2919.3 1 0
-0.0200525 0 -0.999799 0 0 1 0 0 0.999799 0 -0.0200525 0 -3554.23 0 -2919.3 1 0
-0.0200525 0 -0.999799 0 0 1 0 0 0.999799 0 -0.0200525 0 -3554.23 0 -2919.3 1 0
-0.0200525 0 -0.999799 0 0 1 0 0 0.999799 0 -0.0200525 0 -3554.23 0 -2919.3 1 0
-0.0200525 0 -0.999799 0 0 1 0 0 0.999799 0 -0.0200525 0 -3554.23 0 -2919.3 1 0
-0.0200525 0 -0.999799 0 0 1 0 0 0.999799 0 -0.0200525 0 -3554.23 0 -2919.3 1 0
-0.0200525 0 -0.999799 0 0 1 0 0 0.999799 0 -0.0200525 0 -3554.23 0 -2919.3 1 0
-0.0200525 0 -0.999799 0 0 1 0 0 0.999799 0 -0.0200525 0 -3554.23 0 -2919.3 1 0
-0.0200525 0 -0.999799 0 0 1 0 0 0.999799 0 -0.0200525 0 -3554.23 0 -2919.3 1 0
-0.0200525 0 -0.999799 0 0 1 0 0 0.999799 0 -0.0200525 0 -3554.23 0 -2919.3 1 0
-0.0200525 0 -0.999799 0 0 1 0 0 0.999799 0 -0.0200525 0 -3554.23 0 -2919.3 1 0
-0.0200525 0 -0.999799 0 0 1 0 0 0.999799 0 -0.0200525 0 -3554.23 0 -2919.3 1 0
-0.0200525 0 -0.999799 0 0 1 0 0 0.999799 0 -0.0200525 0 -3554.23 0 -2919.3 1 0
-0.0200525 0 -0.999799 0 0 1 0 0 0.999799 0 -0.0200525 0 -3554.23 0 -2919.3 1 0
-0.0200525 0 -0.999799 0 0 1 0 0 0.999799 0 -0.0200525 0 -3554.23 0 -2919.3 1 0
-0.0200525 0 -0.999799 0 0 1 0 0 0.999799 0 -0.0200525 0 -3554.23 0 -2919.3 1 0
-0.0200525 0 -0.999799 0 0 1 0 0 0.999799 0 -0.0200525 0 -3554.23 0 -2919.3 1 0
-0.0200525 0 -0.999799 0 0 1 0 0 0.999799 0 -0.0200525 0 -3554.23 0 -2919.3 1 0
-0.0200525 0 -0.999799 0 0 1 0 0 0.999799 0 -0.0200525 0 -3554.23 0 -2919.3 1 0
-0.0200525 0 -0.999799 0 0 1 0 0 0.999799 0 -0.0200525 0 -3554.23 0 -2919.3 1 0
-0.0200525 0 -0.999799 0 0 1 0 0 0.999799 0 -0.0200525 0 -3554.23 0 -2919.3 1 0
-0.0200525 0 -0.999799 0 0 1 0 0 0.999799 0 -0.0200525 0 -3554.23 0 -2919.3 1 0
-0.0200525 0 -0.999799 0 0 1 0 0 0.999799 0 -0.0200525 0 -3554.23 0 -2919.3 1 0
-0.0200525 0 -0.999799 0 0 1 0 0 0.999799 0 -0.0200525 0 -3554.23 0 -2919.3 1 0
-0.0200525 0 -0.999799 0 0 1 0 0 0.999799 0 -0.0200525 0 -3554.23 0 -2919.3 1 0
-0.0200525 0 -0.999799 0 0 1 0 0 0.999799 0 -0.0200525 0 -3554.23 0 -2919.3 1 0
-0.0200525 0 -0.999799 0 0 1 0 0 0.999799 0 -0.0200525 0 -3554.23 0 -2919.3 1 0
-0.0200525 0 -0.999799 0 0 1 0 0 0.999799 0 -0.0200525 0 -3554.23 0 -2919.3 1 0
-0.0200525 0 -0.999799 0 0 1 0 0 0.999799 0 -0.0200525 0 -3554.23 0 -2919.3 1 0
-0.0200525 0 -0.999799 0 0 1 0 0 0.999799 0 -0.0200525 0 -3554.23 0 -2919.3 1 0
-0.0200525 0 -0.999799 0 0 1 0 0 0.999799 0 -0.0200525 0 -3554.23 0 -2919.3 1 0
-0.0200525 0 -0.999799 0 0 1 0 0 0.999799 0 -0.0200525 0 -3554.23 0 -2919.3 1 0
-0.0200525 0 -0.999799 0 0 1 0 0 0.999799 0 -0.0200525 0 -3554.23 0 -2919.3 1 0
-0.0200525 0 -0.999799 0 0 1 0 0 0.999799 0 -0.0200525 0 -3554.23 0 -2919.3 1 0
-0.0200525 0 -0.999799 0 0 1 0 0 0.999799 0 -0.0200525 0 -3554.23 0 -2919.3 1 0
-0.0200525 0 -0.999799 0 0 1 0 0 0.999799 0 -0.0200525 0 -3554.23 0 -2919.3 1 0
-0.0200525 0 -0.999799 0 0 1 0 0 0.999799 0 -0.0200525 0 -3554.23 0 -2919.3 1 0
-0.0200525 0 -0.999799 0 0 1 0 0 0.999799 0 -0.0200525 0 -3554.23 0 -2919.3 1 0
-0.0200525 0 -0.999799 0 0 1 0 0 0.999799 0 -0.0200525 0 -3554.23 0 -2919.3 1 0
-0.0200525 0 -0.999799 0 0 1 0 0 0.999799 0 -0.0200525 0 -3554.23 0 -2919.3 1 0
-0.0200525 0 -0.999799 0 0 1 0 0 0.999799 0 -0.0200525 0 -3554.23 0 -2919.3 1 0
-0.123615 0.118645 -0.985212 0 -0.0283382 0.992 0.123018 0 0.991926 0.0431259 -0.119264 0 -4622.91 343.03 -1325.92 1 1
-0.130656 0.122346 -0.98385 0 -0.0233274 0.991702 0.126421 0 0.991153 0.0394682 -0.126718 0 -4622.56 352.308 -1409.36 1 1
-0.130656 0.122346 -0.98385 0 -0.0233274 0.991702 0.126421 0 0.991153 0.0394682 -0.126718 0 -4622.56 352.308 -1409.36 1 2
-0.130656 0.122346 -0.98385 0 -0.0233274 0.991702 0.126421 0 0.991153 0.0394682 -0.126718 0 -4622.56 352.308 -1409.36 1 2
-0.130656 0.122346 -0.98385 0 -0.0233274 0.991702 0.126421 0 0.991153 0.0394682 -0.126718 0 -4622.56 352.308 -1409.36 1 2
-0.130656 0.122346 -0.98385 0 -0.0233274 0.991702 0.126421 0 0.991153 0.0394682 -0.126718 0 -4622.56 352.308 -1409.36 1 2
-0.130656 0.122346 -0.98385 0 -0.0233274 0.991702 0.126421 0 0.991153 0.0394682 -0.126718 0 -4622.56 352.308 -1409.36 1 2
-0.130656 0.122346 -0.98385 0 -0.0233274 0.991702 0.126421 0 0.991153 0.0394682 -0.126718 0 -4622.56 352.308 -1409.36 1 2
-0.130656 0.122346 -0.98385 0 -0.0233274 0.991702 0.126421 0 0.991153 0.0394682 -0.126718 0 -4622.56 352.308 -1409.36 1 2
-0.130656 0.122346 -0.98385 0 -0.0233274 0.991702 0.126421 0 0.991153 0.0394682 -0.126718 0 -4622.56 352.308 -1409.36 1 2
-0.130656 0.122346 -0.98385 0 -0.0233274 0.991702 0.126421 0 0.991153 0.0394682 -0.126718 0 -4622.56 352.308 -1409.36 1 2
-0.130656 0.122346 -0.98385 0 -0.0233274 0.991702 0.126421 0 0.991153 0.0394682 -0.126718 0 -4622.56 352.308 -1409.36 1 2
-0.130656 0.122346 -0.98385 0 -0.0233274 0.991702 0.126421 0 0.991153 0.0394682 -0.126718 0 -4622.56 352.308 -1409.36 1 2
-0.130656 0.122346 -0.98385 0 -0.0233274 0.991702 0.126421 0 0.991153 0.0394682 -0.126718 0 -4622.56 352.308 -1409.36 1 2
-0.130656 0.122346 -0.98385 0 -0.0233274 0.991702 0.126421 0 0.991153 0.0394682 -0.126718 0 -4622.56 352.308 -1409.36 1 2
-0.130656 0.122346 -0.98385 0 -0.0233274 0.991702 0.126421 0 0.991153 0.0394682 -0.126718 0 -4622.56 352.308 -1409.36 1 2
-0.130656 0.122346 -0.98385 0 -0.0233274 0.991702 0.126421 0 0.991153 0.0394682 -0.126718 0 -4622.56 352.308 -1409.36 1 2
-0.130656 0.122346 -0.98385 0 -0.0233274 0.991702 0.126421 0 0.991153 0.0394682 -0.126718 0 -4622.56 352.308 -1409.36 1 2
-0.130656 0.122346 -0.98385 0 -0.0233274 0.991702 0.126421 0 0.991153 0.0394682 -0.126718 0 -4622.56 352.308 -1409.36 1 2
-0.130656 0.122346 -0.98385 0 -0.0233274 0.991702 0.126421 0 0.991153 0.0394682 -0.126718 0 -4622.56 352.308 -1409.36 1 2
-0.130656 0.122346 -0.98385 0 -0.0233274 0.991702 0.126421 0 0.991153 0.0394682 -0.126718 0 -4622.56 352.308 -1409.36 1 2
-0.130656 0.122346 -0.98385 0 -0.0233274 0.991702 0.126421 0 0.991153 0.0394682 -0.126718 0 -4622.56 352.308 -1409.36 1 2
-0.130656 0.122346 -0.98385 0 -0.0233274 0.991702 0.126421 0 0.991153 0.0394682 -0.126718 0 -4622.56 352.308 -1409.36 1 2
-0.130656 0.122346 -0.98385 0 -0.0233274 0.991702 0.126421 0 0.991153 0.0394682 -0.126718 0 -4622.56 352.308 -1409.36 1 2
-0.130656 0.122346 -0.98385 0 -0.0233274 0.991702 0.126421 0 0.991153 0.0394682 -0.126718 0 -4622.56 352.308 -1409.36 1 2
-0.130656 0.122346 -0.98385 0 -0.0233274 0.991702 0.126421 0 0.991153 0.0394682 -0.126718 0 -4622.56 352.308 -1409.36 1 2
-0.130656 0.122346 -0.98385 0 -0.0233274 0.991702 0.126421 0 0.991153 0.0394682 -0.126718 0 -4622.56 352.308 -1409.36 1 2
-0.130656 0.122346 -0.98385 0 -0.0233274 0.991702 0.126421 0 0.991153 0.0394682 -0.126718 0 -4622.56 352.308 -1409.36 1 2
-0.130656 0.122346 -0.98385 0 -0.0233274 0.991702 0.126421 0 0.991153 0.0394682 -0.126718 0 -4622.56 352.308 -1409.36 1 2
-0.130656 0.122346 -0.98385 0 -0.0233274 0.991702 0.126421 0 0.991153 0.0394682 -0.126718 0 -4622.56 352.308 -1409.36 1 2
-0.130656 0.122346 -0.98385 0 -0.0233274 0.991702 0.126421 0 0.991153 0.0394682 -0.126718 0 -4622.56 352.308 -1409.36 1 2
-0.130656 0.122346 -0.98385 0 -0.0233274 0.991702 0.126421 0 0.991153 0.0394682 -0.126718 0 -4622.56 352.308 -1409.36 1 2
-0.130656 0.122346 -0.98385 0 -0.0233274 0.991702 0.126421 0 0.991153 0.0394682 -0.126718 0 -4622.56 352.308 -1409.36 1 2
-0.130656 0.122346 -0.98385 0 -0.0233274 0.991702 0.126421 0 0.991153 0.0394682 -0.126718 0 -4622.56 352.308 -1409.36 1 2
-0.130656 0.122346 -0.98385 0 -0.0233274 0.991702 0.126421 0 0.991153 0.0394682 -0.126718 0 -4622.56 352.308 -1409.36 1 2
-0.130656 0.122346 -0.98385 0 -0.0233274 0.991702 0.126421 0 0.991153 0.0394682 -0.126718 0 -4622.56 352.308 -1409.36 1 2
-0.130656 0.122346 -0.98385 0 -0.0233274 0.991702 0.126421 0 0.991153 0.0394682 -0.126718 0 -4622.56 352.308 -1409.36 1 2
-0.130656 0.122346 -0.98385 0 -0.0233274 0.991702 0.126421 0 0.991153 0.0394682 -0.126718 0 -4622.56 352.308 -1409.36 1 2
-0.130656 0.122346 -0.98385 0 -0.0233274 0.991702 0.126421 0 0.991153 0.0394682 -0.126718 0 -4622.56 352.308 -1409.36 1 2
-0.130656 0.122346 -0.98385 0 -0.0233274 0.991702 0.126421 0 0.991153 0.0394682 -0.126718 0 -4622.56 352.308 -1409.36 1 2
-0.130656 0.122346 -0.98385 0 -0.0233274 0.991702 0.126421 0 0.991153 0.0394682 -0.126718 0 -4622.56 352.308 -1409.36 1 2
-0.130656 0.122346 -0.98385 0 -0.0233274 0.991702 0.126421 0 0.991153 0.0394682 -0.126718 0 -4622.56 352.308 -1409.36 1 2
-0.133779 0.13141 -0.98226 0 -0.0281625 0.990265 0.136316 0 0.990611 0.0458991 -0.128776 0 -4624.24 355.873 -1419.15 1 3
-0.135986 0.138948 -0.980919 0 -0.0315299 0.989007 0.144465 0 0.990209 0.0505734 -0.13011 0 -4626.86 356.785 -1429.4 1 3
-0.137751 0.146247 -0.97961 0 -0.0340153 0.987757 0.152246 0 0.989883 0.0542938 -0.13109 0 -4630.05 354.531 -1438.31 1 3
-0.139299 0.154167 -0.978176 0 -0.0367608 0.986321 0.160685 0 0.989568 0.0583418 -0.131726 0 -4632.73 347.367 -1444.67 1 3
-0.140272 0.160744 -0.976978 0 -0.0391501 0.985061 0.167695 0 0.989339 0.0617717 -0.131883 0 -4635.48 337.134 -1449.42 1 3
-0.141377 0.164907 -0.976124 0 -0.0418571 0.98415 0.172325 0 0.989071 0.0652205 -0.132234 0 -4638.58 321.519 -1452.44 1 3
-0.14264 0.166685 -0.975638 0 -0.0450451 0.983603 0.174632 0 0.988749 0.0688572 -0.132793 0 -4641.82 299.118 -1454.22 1 3
-0.143955 0.16683 -0.97542 0 -0.0484929 0.983313 0.175337 0 0.988395 0.0725416 -0.133463 0 -4645.06 272.661 -1455.3 1 3
-0.145383 0.165655 -0.975409 0 -0.0521071 0.983233 0.17475 0 0.988002 0.0762314 -0.134314 0 -4648.14 244.215 -1455.79 1 3
-0.146738 0.164261 -0.975442 0 -0.0557868 0.983172 0.173955 0 0.987601 0.0799425 -0.135105 0 -4650.96 214.915 -1455.82 1 3
-0.148136 0.162238 -0.975569 0 -0.0591776 0.983231 0.172498 0 0.987195 0.0832849 -0.136051 0 -4653.98 184.761 -1455.03 1 3
-0.149691 0.159861 -0.975724 0 -0.0627723 0.983315 0.170736 0 0.986738 0.0868061 -0.137159 0 -4656.97 152.656 -1453.11 1 3
-0.151374 0.156497 -0.97601 0 -0.0666211 0.983527 0.168034 0 0.986229 0.0904589 -0.138454 0 -4660.07 116.553 -1449.33 1 3
-0.153136 0.152419 -0.97638 0 -0.0707953 0.983803 0.164682 0 0.985666 0.0943419 -0.139865 0 -4663.33 76.761 -1444.28 1 3
-0.154914 0.148108 -0.976763 0 -0.0741146 0.98417 0.160986 0 0.985144 0.0973314 -0.141485 0 -4666.7 40.7808 -1438.41 1 3
-0.15668 0.143905 -0.977109 0 -0.0765713 0.98458 0.157284 0 0.984677 0.0994618 -0.143245 0 -4670.32 9.91098 -1431.45 1 3
-0.158515 0.140342 -0.977332 0 -0.0777409 0.985 0.154052 0 0.984291 0.100398 -0.145227 0 -4674.86 -13.3682 -1423.44 1 3
-0.160182 0.136209 -0.977645 0 -0.0773378 0.985657 0.149997 0 0.984053 0.0996356 -0.14735 0 -4679.85 -30.8654 -1415.04 1 3
-0.161861 0.130422 -0.978157 0 -0.0755853 0.986677 0.144065 0 0.983915 0.0972529 -0.149847 0 -4685.51 -45.9137 -1405.06 1 3
-0.163575 0.122703 -0.97887 0 -0.0716318 0.988139 0.135835 0 0.983927 0.0923373 -0.152845 0 -4692.43 -55.4917 -1393.18 1 3
-0.165253 0.112699 -0.979791 0 -0.0651468 0.990033 0.124865 0 0.984097 0.0844646 -0.156264 0 -4700.49 -57.3828 -1379.56 1 3
-0.167249 0.103016 -0.980518 0 -0.0579981 0.991776 0.114091 0 0.984207 0.0759499 -0.159899 0 -4709.45 -52.0168 -1364.05 1 3
-0.16936 0.0940667 -0.981055 0 -0.051065 0.99326 0.104052 0 0.98423 0.0677198 -0.163415 0 -4718.34 -41.9499 -1348.58 1 3
-0.172068 0.08664 -0.981268 0 -0.0446196 0.994417 0.0956252 0 0.984074 0.0602378 -0.167241 0 -4727.2 -28.5511 -1332.77 1 3
-0.174789 0.0806666 -0.981296 0 -0.039018 0.995288 0.0887667 0 0.983832 0.0538036 -0.170818 0 -4735.55 -14.3168 -1318.39 1 3
-0.177179 0.0759267 -0.981246 0 -0.0344118 0.995932 0.0832767 0 0.983577 0.0485213 -0.173845 0 -4742.99 -1.50069 -1306.52 1 3
-0.179295 0.0723539 -0.981131 0 -0.0306421 0.996397 0.0790793 0 0.983318 0.0442424 -0.176432 0 -4749.72 10.2698 -1296.6 1 3
-0.181114 0.0698128 -0.980981 0 -0.0276429 0.996722 0.0760365 0 0.983074 0.0408884 -0.17859 0 -4755.69 20.6086 -1288.24 1 3
-0.182935 0.0682758 -0.980751 0 -0.0251266 0.996935 0.0740892 0 0.982804 0.0381964 -0.180659 0 -4761.14 30.3932 -1280.41 1 3
-0.184328 0.0673231 -0.980556 0 -0.0231731 0.997076 0.0728134 0 0.982592 0.0361441 -0.182229 0 -4765.8 38.6111 -1274.25 1 3
-0.185394 0.0666544 -0.980401 0 -0.0215018 0.997183 0.0718613 0 0.982429 0.034403 -0.183439 0 -4769.85 45.5734 -1269.33 1 3
-0.186264 0.0662896 -0.980261 0 -0.020128 0.997254 0.0712634 0 0.982294 0.0330045 -0.184418 0 -4773.35 51.558 -1265.14 1 3
-0.187101 0.0662519 -0.980104 0 -0.0189441 0.997294 0.0710303 0 0.982158 0.031857 -0.18534 0 -4776.5 56.8246 -1261.31 1 3
-0.187894 0.0661633 -0.979958 0 -0.018126 0.997325 0.0708113 0 0.982022 0.0310677 -0.186192 0 -4779.29 60.5277 -1257.94 1 3
-0.188587 0.0662424 -0.97982 0 -0.0172105 0.997346 0.0707399 0 0.981906 0.0302038 -0.186947 0 -4781.76 64.2519 -1254.91 1 3
-0.189326 0.0662061 -0.97968 0 -0.0166866 0.997363 0.0706259 0 0.981772 0.0297189 -0.187722 0 -4784.16 66.2066 -1251.58 1 3
-0.189929 0.0661975 -0.979564 0 -0.0162589 0.997375 0.0705537 0 0.981663 0.0293269 -0.188355 0 -4786.23 67.7613 -1248.81 1 3
-0.190578 0.0661635 -0.97944 0 -0.0158678 0.997388 0.0704635 0 0.981544 0.0289703 -0.18903 0 -4788.24 69.2223 -1246.26 1 3
-0.191159 0.0661839 -0.979325 0 -0.0156849 0.997391 0.0704664 0 0.981434 0.0288309 -0.189622 0 -4790.15 70.2062 -1243.98 1 3
-0.191676 0.0663015 -0.979216 0 -0.0153507 0.997391 0.0705369 0 0.981338 0.0285518 -0.190158 0 -4791.89 71.7537 -1242.15 1 3
-0.192127 0.0664753 -0.979116 0 -0.0150523 0.997386 0.0706693 0 0.981255 0.0283154 -0.190624 0 -4793.47 73.014 -1240.96 1 3
-0.192854 0.0670267 -0.978936 0 -0.0150525 0.997345 0.0712526 0 0.981112 0.0284767 -0.191333 0 -4795.97 73.549 -1238.79 1 3
-0.193106 0.0679482 -0.978822 0 -0.0147622 0.997285 0.0721422 0 0.981067 0.0283806 -0.191578 0 -4798.49 75.9464 -1241.08 1 3
-0.193408 0.0686129 -0.978716 0 -0.014363 0.997247 0.0727503 0 0.981013 0.0281278 -0.19189 0 -4800.76 78.2893 -1242.58 1 3
-0.193672 0.0691591 -0.978626 0 -0.0139818 0.997216 0.0732399 0 0.980967 0.0278675 -0.192166 0 -4802.69 80.5997 -1243.64 1 3
-0.194004 0.0695433 -0.978533 0 -0.0137598 0.997193 0.0735975 0 0.980904 0.0277426 -0.192502 0 -4804.5 82.2171 -1244.02 1 3
-0.194343 0.0700071 -0.978432 0 -0.0133975 0.997168 0.0740087 0 0.980842 0.0274916 -0.192855 0 -4806.28 84.3527 -1244.01 1 3
-0.194714 0.0703693 -0.978332 0 -0.0131546 0.997146 0.0743406 0 0.980772 0.0273448 -0.193233 0 -4807.88 86.0171 -1243.67 1 3
-0.195035 0.0706107 -0.978251 0 -0.0129676 0.997132 0.0745589 0 0.980711 0.0272271 -0.19356 0 -4809.26 87.3303 -1243.38 1 3
-0.195224 0.0708747 -0.978194 0 -0.0126366 0.997121 0.074768 0 0.980677 0.0269576 -0.193766 0 -4810.35 88.8881 -1243.2 1 3
