-0.967639 0 0.25234 0 0 1 0 0 -0.25234 0 -0.967639 0 -5134.96 0 -1070.83 1 0
-0.967639 0 0.25234 0 0 1 0 0 -0.25234 0 -0.967639 0 -5134.96 0 -1070.83 1 0
-0.967639 0 0.25234 0 0 1 0 0 -0.25234 0 -0.967639 0 -5134.96 0 -1070.83 1 0
-0.967639 0 0.25234 0 0 1 0 0 -0.25234 0 -0.967639 0 -5134.96 0 -1070.83 1 0
-0.967639 0 0.25234 0 0 1 0 0 -0.25234 0 -0.967639 0 -5134.96 0 -1070.83 1 0
-0.967639 0 0.25234 0 0 1 0 0 -0.25234 0 -0.967639 0 -5134.96 0 -1070.83 1 0
-0.967639 0 0.25234 0 0 1 0 0 -0.25234 0 -0.967639 0 -5134.96 0 -1070.83 1 0
-0.967639 0 0.25234 0 0 1 0 0 -0.25234 0 -0.967639 0 -5134.96 0 -1070.83 1 0
-0.967639 0 0.25234 0 0 1 0 0 -0.25234 0 -0.967639 0 -5134.96 0 -1070.83 1 0
-0.967639 0 0.25234 0 0 1 0 0 -0.25234 0 -0.967639 0 -5134.96 0 -1070.83 1 0
-0.967639 0 0.25234 0 0 1 0 0 -0.25234 0 -0.967639 0 -5134.96 0 -1070.83 1 0
-0.967639 0 0.25234 0 0 1 0 0 -0.25234 0 -0.967639 0 -5134.96 0 -1070.83 1 0
-0.967639 0 0.25234 0 0 1 0 0 -0.25234 0 -0.967639 0 -5134.96 0 -1070.83 1 0
-0.967639 0 0.25234 0 0 1 0 0 -0.25234 0 -0.967639 0 -5134.96 0 -1070.83 1 0
-0.967639 0 0.25234 0 0 1 0 0 -0.25234 0 -0.967639 0 -5134.96 0 -1070.83 1 0
-0.967639 0 0.25234 0 0 1 0 0 -0.25234 0 -0.967639 0 -5134.96 0 -1070.83 1 0
-0.967639 0 0.25234 0 0 1 0 0 -0.25234 0 -0.967639 0 -5134.96 0 -1070.83 1 0
-0.967639 0 0.25234 0 0 1 0 0 -0.25234 0 -0.967639 0 -5134.96 0 -1070.83 1 0
-0.967639 0 0.25234 0 0 1 0 0 -0.25234 0 -0.967639 0 -5134.96 0 -1070.83 1 0
-0.967639 0 0.25234 0 0 1 0 0 -0.25234 0 -0.967639 0 -5134.96 0 -1070.83 1 0
-0.967639 0 0.25234 0 0 1 0 0 -0.25234 0 -0.967639 0 -5134.96 0 -1070.83 1 0
-0.967639 0 0.25234 0 0 1 0 0 -0.25234 0 -0.967639 0 -5134.96 0 -1070.83 1 0
-0.967639 0 0.25234 0 0 1 0 0 -0.25234 0 -0.967639 0 -5134.96 0 -1070.83 1 0
-0.967639 0 0.25234 0 0 1 0 0 -0.25234 0 -0.967639 0 -5134.96 0 -1070.83 1 0
-0.967639 0 0.25234 0 0 1 0 0 -0.25234 0 -0.967639 0 -5134.96 0 -1070.83 1 0
-0.967639 0 0.25234 0 0 1 0 0 -0.25234 0 -0.967639 0 -5134.96 0 -1070.83 1 0
-0.967639 0 0.25234 0 0 1 0 0 -0.25234 0 -0.967639 0 -5134.96 0 -1070.83 1 0
-0.967639 0 0.25234 0 0 1 0 0 -0.25234 0 -0.967639 0 -5134.96 0 -1070.83 1 0
-0.967639 0 0.25234 0 0 1 0 0 -0.25234 0 -0.967639 0 -5134.96 0 -1070.83 1 0
-0.967639 0 0.25234 0 0 1 0 0 -0.25234 0 -0.967639 0 -5134.96 0 -1070.83 1 0
-0.967639 0 0.25234 0 0 1 0 0 -0.25234 0 -0.967639 0 -5134.96 0 -1070.83 1 0
-0.967639 0 0.25234 0 0 1 0 0 -0.25234 0 -0.967639 0 -5134.96 0 -1070.83 1 0
-0.967639 0 0.25234 0 0 1 0 0 -0.25234 0 -0.967639 0 -5134.96 0 -1070.83 1 0
-0.967639 0 0.25234 0 0 1 0 0 -0.25234 0 -0.967639 0 -5134.96 0 -1070.83 1 0
-0.967639 0 0.25234 0 0 1 0 0 -0.25234 0 -0.967639 0 -5134.96 0 -1070.83 1 0
-0.967639 0 0.25234 0 0 1 0 0 -0.25234 0 -0.967639 0 -5134.96 0 -1070.83 1 0
-0.967639 0 0.25234 0 0 1 0 0 -0.25234 0 -0.967639 0 -5134.96 0 -1070.83 1 0
-0.967639 0 0.25234 0 0 1 0 0 -0.25234 0 -0.967639 0 -5134.96 0 -1070.83 1 0
-0.967639 0 0.25234 0 0 1 0 0 -0.25234 0 -0.967639 0 -5134.96 0 -1070.83 1 0
-0.967639 0 0.25234 0 0 1 0 0 -0.25234 0 -0.967639 0 -5134.96 0 -1070.83 1 0
-0.967639 0 0.25234 0 0 1 0 0 -0.25234 0 -0.967639 0 -5134.96 0 -1070.83 1 0
-0.967639 0 0.25234 0 0 1 0 0 -0.25234 0 -0.967639 0 -5134.96 0 -1070.83 1 0
-0.967639 0 0.25234 0 0 1 0 0 -0.25234 0 -0.967639 0 -5134.96 0 -1070.83 1 0
-0.967639 0 0.25234 0 0 1 0 0 -0.25234 0 -0.967639 0 -5134.96 0 -1070.83 1 0
-0.967639 0 0.25234 0 0 1 0 0 -0.25234 0 -0.967639 0 -5134.96 0 -1070.83 1 0
-0.967639 0 0.25234 0 0 1 0 0 -0.25234 0 -0.967639 0 -5134.96 0 -1070.83 1 0
-0.967639 0 0.25234 0 0 1 0 0 -0.25234 0 -0.967639 0 -5134.96 0 -1070.83 1 0
-0.967639 0 0.25234 0 0 1 0 0 -0.25234 0 -0.967639 0 -5134.96 0 -1070.83 1 0
-0.967639 0 0.25234 0 0 1 0 0 -0.25234 0 -0.967639 0 -5134.96 0 -1070.83 1 0
-0.967639 0 0.25234 0 0 1 0 0 -0.25234 0 -0.967639 0 -5134.96 0 -1070.83 1 0
-0.967639 0 0.25234 0 0 1 0 0 -0.25234 0 -0.967639 0 -5134.96 0 -1070.83 1 0
-0.967639 0 0.25234 0 0 1 0 0 -0.25234 0 -0.967639 0 -5134.96 0 -1070.83 1 0
-0.967639 0 0.25234 0 0 1 0 0 -0.25234 0 -0.967639 0 -5134.96 0 -1070.83 1 0
-0.967639 0 0.25234 0 0 1 0 0 -0.25234 0 -0.967639 0 -5134.96 0 -1070.83 1 0
-0.967639 0 0.25234 0 0 1 0 0 -0.25234 0 -0.967639 0 -5134.96 0 -1070.83 1 0
-0.967639 0 0.25234 0 0 1 0 0 -0.25234 0 -0.967639 0 -5134.96 0 -1070.83 1 0
-0.967639 0 0.25234 0 0 1 0 0 -0.25234 0 -0.967639 0 -5134.96 0 -1070.83 1 0
-0.967639 0 0.25234 0 0 1 0 0 -0.25234 0 -0.967639 0 -5134.96 0 -1070.83 1 0
-0.967639 0 0.25234 0 0 1 0 0 -0.25234 0 -0.967639 0 -5134.96 0 -1070.83 1 0
-0.967639 0 0.25234 0 0 1 0 0 -0.25234 0 -0.967639 0 -5134.96 0 -1070.83 1 0
-0.967639 0 0.25234 0 0 1 0 0 -0.25234 0 -0.967639 0 -5134.96 0 -1070.83 1 0
-0.967639 0 0.25234 0 0 1 0 0 -0.25234 0 -0.967639 0 -5134.96 0 -1070.83 1 0
-0.949417 -0.0219075 0.313254 0 0.00473558 0.996451 0.0840397 0 -0.313983 0.0812722 -0.945944 0 -5186.55 60.2678 968.267 1 1
-0.950915 -0.0257112 0.308383 0 -0.000870182 0.996761 0.0804209 0 -0.309451 0.0762051 -0.947857 0 -5269.13 59.2316 987.511 1 1
-0.950915 -0.0257112 0.308383 0 -0.000870182 0.996761 0.0804209 0 -0.309451 0.0762051 -0.947857 0 -5269.13 59.2316 987.511 1 2
-0.950915 -0.0257112 0.308383 0 -0.000870182 0.996761 0.0804209 0 -0.309451 0.0762051 -0.947857 0 -5269.13 59.2316 987.511 1 2
-0.950915 -0.0257112 0.308383 0 -0.000870182 0.996761 0.0804209 0 -0.309451 0.0762051 -0.947857 0 -5269.13 59.2316 987.511 1 2
-0.950915 -0.0257112 0.308383 0 -0.000870182 0.996761 0.0804209 0 -0.309451 0.0762051 -0.947857 0 -5269.13 59.2316 987.511 1 2
-0.950915 -0.0257112 0.308383 0 -0.000870182 0.996761 0.0804209 0 -0.309451 0.0762051 -0.947857 0 -5269.13 59.2316 987.511 1 2
-0.950915 -0.0257112 0.308383 0 -0.000870182 0.996761 0.0804209 0 -0.309451 0.0762051 -0.947857 0 -5269.13 59.2316 987.511 1 2
-0.950915 -0.0257112 0.308383 0 -0.000870182 0.996761 0.0804209 0 -0.309451 0.0762051 -0.947857 0 -5269.13 59.2316 987.511 1 2
-0.950915 -0.0257112 0.308383 0 -0.000870182 0.996761 0.0804209 0 -0.309451 0.0762051 -0.947857 0 -5269.13 59.2316 987.511 1 2
-0.950915 -0.0257112 0.308383 0 -0.000870182 0.996761 0.0804209 0 -0.309451 0.0762051 -0.947857 0 -5269.13 59.2316 987.511 1 2
-0.950915 -0.0257112 0.308383 0 -0.000870182 0.996761 0.0804209 0 -0.309451 0.0762051 -0.947857 0 -5269.13 59.2316 987.511 1 2
-0.950915 -0.0257112 0.308383 0 -0.000870182 0.996761 0.0804209 0 -0.309451 0.0762051 -0.947857 0 -5269.13 59.2316 987.511 1 2
-0.950915 -0.0257112 0.308383 0 -0.000870182 0.996761 0.0804209 0 -0.309451 0.0762051 -0.947857 0 -5269.13 59.2316 987.511 1 2
-0.950915 -0.0257112 0.308383 0 -0.000870182 0.996761 0.0804209 0 -0.309451 0.0762051 -0.947857 0 -5269.13 59.2316 987.511 1 2
-0.950915 -0.0257112 0.308383 0 -0.000870182 0.996761 0.0804209 0 -0.309451 0.0762051 -0.947857 0 -5269.13 59.2316 987.511 1 2
-0.950915 -0.0257112 0.308383 0 -0.000870182 0.996761 0.0804209 0 -0.309451 0.0762051 -0.947857 0 -5269.13 59.2316 987.511 1 2
-0.950915 -0.0257112 0.308383 0 -0.000870182 0.996761 0.0804209 0 -0.309451 0.0762051 -0.947857 0 -5269.13 59.2316 987.511 1 2
-0.950915 -0.0257112 0.308383 0 -0.000870182 0.996761 0.0804209 0 -0.309451 0.0762051 -0.947857 0 -5269.13 59.2316 987.511 1 2
-0.950915 -0.0257112 0.308383 0 -0.000870182 0.996761 0.0804209 0 -0.309451 0.0762051 -0.947857 0 -5269.13 59.2316 987.511 1 2
-0.950915 -0.0257112 0.308383 0 -0.000870182 0.996761 0.0804209 0 -0.309451 0.0762051 -0.947857 0 -5269.13 59.2316 987.511 1 2
-0.950915 -0.0257112 0.308383 0 -0.000870182 0.996761 0.0804209 0 -0.309451 0.0762051 -0.947857 0 -5269.13 59.2316 987.511 1 2
-0.950915 -0.0257112 0.308383 0 -0.000870182 0.996761 0.0804209 0 -0.309451 0.0762051 -0.947857 0 -5269.13 59.2316 987.511 1 2
-0.950915 -0.0257112 0.308383 0 -0.000870182 0.996761 0.0804209 0 -0.309451 0.0762051 -0.947857 0 -5269.13 59.2316 987.511 1 2
-0.950915 -0.0257112 0.308383 0 -0.000870182 0.996761 0.0804209 0 -0.309451 0.0762051 -0.947857 0 -5269.13 59.2316 987.511 1 2
-0.950915 -0.0257112 0.308383 0 -0.000870182 0.996761 0.0804209 0 -0.309451 0.0762051 -0.947857 0 -5269.13 59.2316 987.511 1 2
-0.950915 -0.0257112 0.308383 0 -0.000870182 0.996761 0.0804209 0 -0.309451 0.0762051 -0.947857 0 -5269.13 59.2316 987.511 1 2
-0.950915 -0.0257112 0.308383 0 -0.000870182 0.996761 0.0804209 0 -0.309451 0.0762051 -0.947857 0 -5269.13 59.2316 987.511 1 2
-0.950915 -0.0257112 0.308383 0 -0.000870182 0.996761 0.0804209 0 -0.309451 0.0762051 -0.947857 0 -5269.13 59.2316 987.511 1 2
-0.950915 -0.0257112 0.308383 0 -0.000870182 0.996761 0.0804209 0 -0.309451 0.0762051 -0.947857 0 -5269.13 59.2316 987.511 1 2
-0.950915 -0.0257112 0.308383 0 -0.000870182 0.996761 0.0804209 0 -0.309451 0.0762051 -0.947857 0 -5269.13 59.2316 987.511 1 2
-0.950915 -0.0257112 0.308383 0 -0.000870182 0.996761 0.0804209 0 -0.309451 0.0762051 -0.947857 0 -5269.13 59.2316 987.511 1 2
-0.950915 -0.0257112 0.308383 0 -0.000870182 0.996761 0.0804209 0 -0.309451 0.0762051 -0.947857 0 -5269.13 59.2316 987.511 1 2
-0.950915 -0.0257112 0.308383 0 -0.000870182 0.996761 0.0804209 0 -0.309451 0.0762051 -0.947857 0 -5269.13 59.2316 987.511 1 2
-0.950915 -0.0257112 0.308383 0 -0.000870182 0.996761 0.0804209 0 -0.309451 0.0762051 -0.947857 0 -5269.13 59.2316 987.511 1 2
-0.950915 -0.0257112 0.308383 0 -0.000870182 0.996761 0.0804209 0 -0.309451 0.0762051 -0.947857 0 -5269.13 59.2316 987.511 1 2
-0.950915 -0.0257112 0.308383 0 -0.000870182 0.996761 0.0804209 0 -0.309451 0.0762051 -0.947857 0 -5269.13 59.2316 987.511 1 2
-0.950915 -0.0257112 0.308383 0 -0.000870182 0.996761 0.0804209 0 -0.309451 0.0762051 -0.947857 0 -5269.13 59.2316 987.511 1 2
-0.950915 -0.0257112 0.308383 0 -0.000870182 0.996761 0.0804209 0 -0.309451 0.0762051 -0.947857 0 -5269.13 59.2316 987.511 1 2
-0.950915 -0.0257112 0.308383 0 -0.000870182 0.996761 0.0804209 0 -0.309451 0.0762051 -0.947857 0 -5269.13 59.2316 987.511 1 2
-0.950915 -0.0257112 0.308383 0 -0.000870182 0.996761 0.0804209 0 -0.309451 0.0762051 -0.947857 0 -5269.13 59.2316 987.511 1 2
-0.950915 -0.0257112 0.308383 0 -0.000870182 0.996761 0.0804209 0 -0.309451 0.0762051 -0.947857 0 -5269.13 59.2316 987.511 1 2
-0.950915 -0.0257112 0.308383 0 -0.000870182 0.996761 0.0804209 0 -0.309451 0.0762051 -0.947857 0 -5269.13 59.2316 987.511 1 2
-0.950915 -0.0257112 0.308383 0 -0.000870182 0.996761 0.0804209 0 -0.309451 0.0762051 -0.947857 0 -5269.13 59.2316 987.511 1 2
-0.950915 -0.0257112 0.308383 0 -0.000870182 0.996761 0.0804209 0 -0.309451 0.0762051 -0.947857 0 -5269.13 59.2316 987.511 1 2
-0.950915 -0.0257112 0.308383 0 -0.000870182 0.996761 0.0804209 0 -0.309451 0.0762051 -0.947857 0 -5269.13 59.2316 987.511 1 2
-0.950915 -0.0257112 0.308383 0 -0.000870182 0.996761 0.0804209 0 -0.309451 0.0762051 -0.947857 0 -5269.13 59.2316 987.511 1 2
-0.950915 -0.0257112 0.308383 0 -0.000870182 0.996761 0.0804209 0 -0.309451 0.0762051 -0.947857 0 -5269.13 59.2316 987.511 1 2
-0.950915 -0.0257112 0.308383 0 -0.000870182 0.996761 0.0804209 0 -0.309451 0.0762051 -0.947857 0 -5269.13 59.2316 987.511 1 2
-0.950915 -0.0257112 0.308383 0 -0.000870182 0.996761 0.0804209 0 -0.309451 0.0762051 -0.947857 0 -5269.13 59.2316 987.511 1 2
-0.950915 -0.0257112 0.308383 0 -0.000870182 0.996761 0.0804209 0 -0.309451 0.0762051 -0.947857 0 -5269.13 59.2316 987.511 1 2
-0.950915 -0.0257112 0.308383 0 -0.000870182 0.996761 0.0804209 0 -0.309451 0.0762051 -0.947857 0 -5269.13 59.2316 987.511 1 2
-0.950915 -0.0257112 0.308383 0 -0.000870182 0.996761 0.0804209 0 -0.309451 0.0762051 -0.947857 0 -5269.13 59.2316 987.511 1 2
-0.950915 -0.0257112 0.308383 0 -0.000870182 0.996761 0.0804209 0 -0.309451 0.0762051 -0.947857 0 -5269.13 59.2316 987.511 1 2
-0.950915 -0.0257112 0.308383 0 -0.000870182 0.996761 0.0804209 0 -0.309451 0.0762051 -0.947857 0 -5269.13 59.2316 987.511 1 2
-0.950915 -0.0257112 0.308383 0 -0.000870182 0.996761 0.0804209 0 -0.309451 0.0762051 -0.947857 0 -5269.13 59.2316 987.511 1 2
-0.950915 -0.0257112 0.308383 0 -0.000870182 0.996761 0.0804209 0 -0.309451 0.0762051 -0.947857 0 -5269.13 59.2316 987.511 1 2
-0.950915 -0.0257112 0.308383 0 -0.000870182 0.996761 0.0804209 0 -0.309451 0.0762051 -0.947857 0 -5269.13 59.2316 987.511 1 2
-0.950915 -0.0257112 0.308383 0 -0.000870182 0.996761 0.0804209 0 -0.309451 0.0762051 -0.947857 0 -5269.13 59.2316 987.511 1 2
-0.950915 -0.0257112 0.308383 0 -0.000870182 0.996761 0.0804209 0 -0.309451 0.0762051 -0.947857 0 -5269.13 59.2316 987.511 1 2
-0.950915 -0.0257112 0.308383 0 -0.000870182 0.996761 0.0804209 0 -0.309451 0.0762051 -0.947857 0 -5269.13 59.2316 987.511 1 2
-0.950915 -0.0257112 0.308383 0 -0.000870182 0.996761 0.0804209 0 -0.309451 0.0762051 -0.947857 0 -5269.13 59.2316 987.511 1 2
-0.950915 -0.0257112 0.308383 0 -0.000870182 0.996761 0.0804209 0 -0.309451 0.0762051 -0.947857 0 -5269.13 59.2316 987.511 1 2
-0.950915 -0.0257112 0.308383 0 -0.000870182 0.996761 0.0804209 0 -0.309451 0.0762051 -0.947857 0 -5269.13 59.2316 987.511 1 2
-0.950915 -0.0257112 0.308383 0 -0.000870182 0.996761 0.0804209 0 -0.309451 0.0762051 -0.947857 0 -5269.13 59.2316 987.511 1 2
-0.950915 -0.0257112 0.308383 0 -0.000870182 0.996761 0.0804209 0 -0.309451 0.0762051 -0.947857 0 -5269.13 59.2316 987.511 1 2
-0.952375 -0.0353134 0.302878 0 -0.00771568 0.995744 0.0918353 0 -0.304832 0.0851247 -0.948594 0 -5271.61 33.9718 981.189 1 3
-0.953219 -0.0423219 0.299302 0 -0.0131067 0.995006 0.0989535 0 -0.301995 0.0904015 -0.949013 0 -5274.04 14.1746 973.634 1 3
-0.953643 -0.0482373 0.297048 0 -0.0178837 0.994409 0.104067 0 -0.300407 0.0939307 -0.949175 0 -5275.87 -4.44024 966.971 1 3
-0.953987 -0.0543607 0.29488 0 -0.0230675 0.99382 0.108582 0 -0.29896 0.0967834 -0.949345 0 -5277.78 -27.7938 962.317 1 3
-0.954138 -0.0597251 0.293349 0 -0.0277888 0.993336 0.111856 0 -0.298074 0.098574 -0.949439 0 -5279.19 -50.612 958.921 1 3
-0.954036 -0.064732 0.292618 0 -0.0326391 0.993029 0.11326 0 -0.29791 0.0985031 -0.949498 0 -5279.8 -73.7397 957.753 1 3
-0.95377 -0.0694695 0.292397 0 -0.0377193 0.992895 0.112862 0 -0.29816 0.096615 -0.949614 0 -5279.71 -99.0046 958.372 1 3
-0.953383 -0.0741306 0.292517 0 -0.0429999 0.992838 0.111461 0 -0.298685 0.0936869 -0.949742 0 -5279.18 -125.348 959.837 1 3
-0.952937 -0.0784503 0.292844 0 -0.0481358 0.992839 0.109335 0 -0.299324 0.0900931 -0.949889 0 -5278.27 -151.656 962.03 1 3
-0.952414 -0.0828198 0.29334 0 -0.0533608 0.99282 0.107055 0 -0.3001 0.0863082 -0.949995 0 -5277.16 -178.435 964.436 1 3
-0.951816 -0.0868494 0.294115 0 -0.0583781 0.992836 0.104252 0 -0.301062 0.0820585 -0.950067 0 -5275.86 -204.586 967.826 1 3
-0.9511 -0.0909619 0.295187 0 -0.0635225 0.992829 0.101269 0 -0.302282 0.0775662 -0.950057 0 -5274.01 -231.962 972.394 1 3
-0.950238 -0.0952774 0.296598 0 -0.069065 0.992821 0.0976583 0 -0.303773 0.0723141 -0.949996 0 -5271.72 -261.526 978.897 1 3
-0.949216 -0.09989 0.298348 0 -0.0750915 0.992785 0.0934855 0 -0.305533 0.0663346 -0.949868 0 -5268.91 -293.276 986.848 1 3
-0.948214 -0.103484 0.300303 0 -0.0801064 0.992789 0.0891749 0 -0.307366 0.0605006 -0.949666 0 -5266.18 -320.249 995.667 1 3
-0.947272 -0.106112 0.302351 0 -0.0840438 0.992819 0.0851247 0 -0.309213 0.0552255 -0.949388 0 -5263.95 -342.074 1005.42 1 3
-0.946341 -0.107539 0.304753 0 -0.0864872 0.992889 0.0817971 0 -0.311383 0.0510507 -0.948912 0 -5262.2 -357.17 1015.92 1 3
-0.945577 -0.107182 0.307239 0 -0.0871279 0.993115 0.0783046 0 -0.313517 0.0472739 -0.948405 0 -5261.43 -364.75 1026.73 1 3
-0.944888 -0.105092 0.31007 0 -0.0863183 0.993538 0.073699 0 -0.315811 0.0428726 -0.947853 0 -5261.43 -365.994 1039.35 1 3
-0.944315 -0.100582 0.313293 0 -0.0832879 0.994193 0.0681419 0 -0.318328 0.0382539 -0.947209 0 -5262.5 -357.349 1054.1 1 3
-0.943965 -0.0928534 0.316715 0 -0.0773399 0.995122 0.0612362 0 -0.320856 0.0333101 -0.946542 0 -5265.26 -335.494 1070.74 1 3
-0.943597 -0.0839883 0.320267 0 -0.0700369 0.996035 0.0548563 0 -0.323605 0.0293317 -0.945738 0 -5268.71 -307.468 1088.67 1 3
-0.94317 -0.0749809 0.323741 0 -0.0623327 0.996838 0.0492786 0 -0.326412 0.0262984 -0.944862 0 -5272.05 -276.888 1105.99 1 3
-0.942615 -0.066767 0.327136 0 -0.0550311 0.99747 0.0450116 0 -0.329314 0.024426 -0.943904 0 -5274.93 -246.973 1123.3 1 3
-0.942026 -0.0593345 0.330251 0 -0.0482245 0.997964 0.0417406 0 -0.332055 0.0233946 -0.94297 0 -5277.39 -219.478 1138.72 1 3
-0.941464 -0.053149 0.332898 0 -0.0424963 0.998327 0.0392053 0 -0.334425 0.0227634 -0.942147 0 -5279.79 -196.231 1151.21 1 3
-0.940935 -0.0482069 0.335138 0 -0.0378033 0.998581 0.0375012 0 -0.33647 0.0226169 -0.941423 0 -5281.99 -176.791 1161.45 1 3
-0.940446 -0.0441808 0.33706 0 -0.033894 0.998764 0.0363459 0 -0.33825 0.022757 -0.940781 0 -5284.04 -160.774 1169.98 1 3
-0.939934 -0.0410301 0.338883 0 -0.0306384 0.998883 0.0359601 0 -0.33998 0.0234173 -0.940141 0 -5285.62 -147.788 1177.91 1 3
-0.939522 -0.0386634 0.3403 0 -0.0280782 0.998958 0.035977 0 -0.341336 0.0242461 -0.939628 0 -5287.24 -137.817 1183.8 1 3
-0.939175 -0.0367129 0.34147 0 -0.0259726 0.999015 0.0359738 0 -0.342454 0.0249169 -0.939204 0 -5288.67 -129.448 1188.37 1 3
-0.938884 -0.0350894 0.342441 0 -0.0241805 0.999057 0.0360749 0 -0.343384 0.0255898 -0.938846 0 -5289.96 -122.594 1192.22 1 3
-0.938596 -0.0338396 0.343355 0 -0.022722 0.999081 0.0363524 0 -0.344269 0.0263185 -0.938502 0 -5291.02 -117.109 1195.81 1 3
-0.938323 -0.0329417 0.344188 0 -0.0216495 0.999095 0.0366012 0 -0.345082 0.0268923 -0.938187 0 -5291.88 -113.292 1198.95 1 3
-0.93808 -0.0320766 0.34493 0 -0.0206071 0.999108 0.0368681 0 -0.345805 0.0274773 -0.937904 0 -5292.63 -109.529 1201.75 1 3
-0.937829 -0.0315268 0.345663 0 -0.0200263 0.999122 0.0367926 0 -0.34652 0.0275828 -0.937637 0 -5293.29 -107.092 1205.07 1 3
-0.937622 -0.0310691 0.346264 0 -0.0195159 0.999132 0.0368033 0 -0.347107 0.0277499 -0.937415 0 -5293.93 -105.265 1207.8 1 3
-0.937418 -0.0306748 0.346852 0 -0.0190619 0.999139 0.0368441 0 -0.347683 0.0279266 -0.937196 0 -5294.44 -103.638 1210.39 1 3
-0.937226 -0.03048 0.347387 0 -0.0188291 0.999143 0.0368659 0 -0.348213 0.0280108 -0.936997 0 -5294.94 -102.603 1212.71 1 3
-0.937066 -0.030208 0.347843 0 -0.0184836 0.999145 0.036976 0 -0.348663 0.0282195 -0.936823 0 -5295.46 -101.201 1214.54 1 3
-0.936928 -0.0300249 0.348229 0 -0.0182049 0.999143 0.0371666 0 -0.349047 0.028483 -0.936672 0 -5295.99 -100.257 1215.75 1 3
-0.936664 -0.0302751 0.348919 0 -0.0182404 0.999122 0.0377261 0 -0.349755 0.0289723 -0.936393 0 -5296.51 -101.083 1218.04 1 3
-0.936627 -0.0303129 0.349015 0 -0.018016 0.999099 0.0384262 0 -0.349865 0.0297031 -0.936329 0 -5298.11 -100.376 1215.83 1 3
-0.936582 -0.0301706 0.349148 0 -0.0176749 0.999086 0.0389206 0 -0.350003 0.0302811 -0.936259 0 -5299.51 -99.1909 1214.48 1 3
-0.93654 -0.0300034 0.349274 0 -0.0173231 0.999074 0.0393726 0 -0.350132 0.0308235 -0.936193 0 -5300.72 -97.8551 1213.59 1 3
-0.936449 -0.0299075 0.349525 0 -0.0170821 0.999065 0.0397196 0 -0.350387 0.0312248 -0.936085 0 -5301.69 -97.0053 1213.37 1 3
-0.936346 -0.0297608 0.349816 0 -0.0167578 0.999054 0.0401398 0 -0.350679 0.0317226 -0.935958 0 -5302.58 -95.7548 1213.52 1 3
-0.936242 -0.029686 0.350099 0 -0.0165433 0.999044 0.0404717 0 -0.350965 0.0320996 -0.935838 0 -5303.3 -94.8115 1214.01 1 3
-0.936156 -0.0296247 0.350335 0 -0.0163804 0.999037 0.0407084 0 -0.351204 0.0323708 -0.935739 0 -5303.89 -93.9894 1214.44 1 3
-0.936101 -0.0294627 0.350494 0 -0.0161011 0.99903 0.0409762 0 -0.351361 0.0327146 -0.935668 0 -5304.47 -92.8647 1214.65 1 3
