0.466711 0 -0.88441 0 0 1 0 0 0.88441 0 0.466711 0 -958.4 0 -839.228 1 0
0.466711 0 -0.88441 0 0 1 0 0 0.88441 0 0.466711 0 -958.4 0 -839.228 1 0
0.466711 0 -0.88441 0 0 1 0 0 0.88441 0 0.466711 0 -958.4 0 -839.228 1 0
0.466711 0 -0.88441 0 0 1 0 0 0.88441 0 0.466711 0 -958.4 0 -839.228 1 0
0.466711 0 -0.88441 0 0 1 0 0 0.88441 0 0.466711 0 -958.4 0 -839.228 1 0
0.466711 0 -0.88441 0 0 1 0 0 0.88441 0 0.466711 0 -958.4 0 -839.228 1 0
0.466711 0 -0.88441 0 0 1 0 0 0.88441 0 0.466711 0 -958.4 0 -839.228 1 0
0.466711 0 -0.88441 0 0 1 0 0 0.88441 0 0.466711 0 -958.4 0 -839.228 1 0
0.466711 0 -0.88441 0 0 1 0 0 0.88441 0 0.466711 0 -958.4 0 -839.228 1 0
0.466711 0 -0.88441 0 0 1 0 0 0.88441 0 0.466711 0 -958.4 0 -839.228 1 0
0.466711 0 -0.88441 0 0 1 0 0 0.88441 0 0.466711 0 -958.4 0 -839.228 1 0
0.466711 0 -0.88441 0 0 1 0 0 0.88441 0 0.466711 0 -958.4 0 -839.228 1 0
0.466711 0 -0.88441 0 0 1 0 0 0.88441 0 0.466711 0 -958.4 0 -839.228 1 0
0.466711 0 -0.88441 0 0 1 0 0 0.88441 0 0.466711 0 -958.4 0 -839.228 1 0
0.466711 0 -0.88441 0 0 1 0 0 0.88441 0 0.466711 0 -958.4 0 -839.228 1 0
0.466711 0 -0.88441 0 0 1 0 0 0.88441 0 0.466711 0 -958.4 0 -839.228 1 0
0.466711 0 -0.88441 0 0 1 0 0 0.88441 0 0.466711 0 -958.4 0 -839.228 1 0
0.466711 0 -0.88441 0 0 1 0 0 0.88441 0 0.466711 0 -958.4 0 -839.228 1 0
0.466711 0 -0.88441 0 0 1 0 0 0.88441 0 0.466711 0 -958.4 0 -839.228 1 0
0.466711 0 -0.88441 0 0 1 0 0 0.88441 0 0.466711 0 -958.4 0 -839.228 1 0
0.466711 0 -0.88441 0 0 1 0 0 0.88441 0 0.466711 0 -958.4 0 -839.228 1 0
0.466711 0 -0.88441 0 0 1 0 0 0.88441 0 0.466711 0 -958.4 0 -839.228 1 0
0.466711 0 -0.88441 0 0 1 0 0 0.88441 0 0.466711 0 -958.4 0 -839.228 1 0
0.466711 0 -0.88441 0 0 1 0 0 0.88441 0 0.466711 0 -958.4 0 -839.228 1 0
0.466711 0 -0.88441 0 0 1 0 0 0.88441 0 0.466711 0 -958.4 0 -839.228 1 0
0.466711 0 -0.88441 0 0 1 0 0 0.88441 0 0.466711 0 -958.4 0 -839.228 1 0
0.466711 0 -0.88441 0 0 1 0 0 0.88441 0 0.466711 0 -958.4 0 -839.228 1 0
0.466711 0 -0.88441 0 0 1 0 0 0.88441 0 0.466711 0 -958.4 0 -839.228 1 0
0.466711 0 -0.88441 0 0 1 0 0 0.88441 0 0.466711 0 -958.4 0 -839.228 1 0
0.466711 0 -0.88441 0 0 1 0 0 0.88441 0 0.466711 0 -958.4 0 -839.228 1 0
0.466711 0 -0.88441 0 0 1 0 0 0.88441 0 0.466711 0 -958.4 0 -839.228 1 0
0.466711 0 -0.88441 0 0 1 0 0 0.88441 0 0.466711 0 -958.4 0 -839.228 1 0
0.466711 0 -0.88441 0 0 1 0 0 0.88441 0 0.466711 0 -958.4 0 -839.228 1 0
0.466711 0 -0.88441 0 0 1 0 0 0.88441 0 0.466711 0 -958.4 0 -839.228 1 0
0.466711 0 -0.88441 0 0 1 0 0 0.88441 0 0.466711 0 -958.4 0 -839.228 1 0
0.466711 0 -0.88441 0 0 1 0 0 0.88441 0 0.466711 0 -958.4 0 -839.228 1 0
0.466711 0 -0.88441 0 0 1 0 0 0.88441 0 0.466711 0 -958.4 0 -839.228 1 0
0.466711 0 -0.88441 0 0 1 0 0 0.88441 0 0.466711 0 -958.4 0 -839.228 1 0
0.466711 0 -0.88441 0 0 1 0 0 0.88441 0 0.466711 0 -958.4 0 -839.228 1 0
0.466711 0 -0.88441 0 0 1 0 0 0.88441 0 0.466711 0 -958.4 0 -839.228 1 0
0.466711 0 -0.88441 0 0 1 0 0 0.88441 0 0.466711 0 -958.4 0 -839.228 1 0
0.466711 0 -0.88441 0 0 1 0 0 0.88441 0 0.466711 0 -958.4 0 -839.228 1 0
0.466711 0 -0.88441 0 0 1 0 0 0.88441 0 0.466711 0 -958.4 0 -839.228 1 0
0.466711 0 -0.88441 0 0 1 0 0 0.88441 0 0.466711 0 -958.4 0 -839.228 1 0
0.466711 0 -0.88441 0 0 1 0 0 0.88441 0 0.466711 0 -958.4 0 -839.228 1 0
0.466711 0 -0.88441 0 0 1 0 0 0.88441 0 0.466711 0 -958.4 0 -839.228 1 0
0.466711 0 -0.88441 0 0 1 0 0 0.88441 0 0.466711 0 -958.4 0 -839.228 1 0
0.466711 0 -0.88441 0 0 1 0 0 0.88441 0 0.466711 0 -958.4 0 -839.228 1 0
0.466711 0 -0.88441 0 0 1 0 0 0.88441 0 0.466711 0 -958.4 0 -839.228 1 0
0.466711 0 -0.88441 0 0 1 0 0 0.88441 0 0.466711 0 -958.4 0 -839.228 1 0
0.466711 0 -0.88441 0 0 1 0 0 0.88441 0 0.466711 0 -958.4 0 -839.228 1 0
0.466711 0 -0.88441 0 0 1 0 0 0.88441 0 0.466711 0 -958.4 0 -839.228 1 0
0.466711 0 -0.88441 0 0 1 0 0 0.88441 0 0.466711 0 -958.4 0 -839.228 1 0
0.466711 0 -0.88441 0 0 1 0 0 0.88441 0 0.466711 0 -958.4 0 -839.228 1 0
0.466711 0 -0.88441 0 0 1 0 0 0.88441 0 0.466711 0 -958.4 0 -839.228 1 0
0.466711 0 -0.88441 0 0 1 0 0 0.88441 0 0.466711 0 -958.4 0 -839.228 1 0
0.466711 0 -0.88441 0 0 1 0 0 0.88441 0 0.466711 0 -958.4 0 -839.228 1 0
0.466711 0 -0.88441 0 0 1 0 0 0.88441 0 0.466711 0 -958.4 0 -839.228 1 0
0.466711 0 -0.88441 0 0 1 0 0 0.88441 0 0.466711 0 -958.4 0 -839.228 1 0
0.466711 0 -0.88441 0 0 1 0 0 0.88441 0 0.466711 0 -958.4 0 -839.228 1 0
0.466711 0 -0.88441 0 0 1 0 0 0.88441 0 0.466711 0 -958.4 0 -839.228 1 0
0.466711 0 -0.88441 0 0 1 0 0 0.88441 0 0.466711 0 -958.4 0 -839.228 1 0
0.466711 0 -0.88441 0 0 1 0 0 0.88441 0 0.466711 0 -958.4 0 -839.228 1 0
0.466711 0 -0.88441 0 0 1 0 0 0.88441 0 0.466711 0 -958.4 0 -839.228 1 0
0.466711 0 -0.88441 0 0 1 0 0 0.88441 0 0.466711 0 -958.4 0 -839.228 1 0
0.466711 0 -0.88441 0 0 1 0 0 0.88441 0 0.466711 0 -958.4 0 -839.228 1 0
0.466711 0 -0.88441 0 0 1 0 0 0.88441 0 0.466711 0 -958.4 0 -839.228 1 0
0.466711 0 -0.88441 0 0 1 0 0 0.88441 0 0.466711 0 -958.4 0 -839.228 1 0
0.466711 0 -0.88441 0 0 1 0 0 0.88441 0 0.466711 0 -958.4 0 -839.228 1 0
0.466711 0 -0.88441 0 0 1 0 0 0.88441 0 0.466711 0 -958.4 0 -839.228 1 0
0.466711 0 -0.88441 0 0 1 0 0 0.88441 0 0.466711 0 -958.4 0 -839.228 1 0
0.466711 0 -0.88441 0 0 1 0 0 0.88441 0 0.466711 0 -958.4 0 -839.228 1 0
0.466711 0 -0.88441 0 0 1 0 0 0.88441 0 0.466711 0 -958.4 0 -839.228 1 0
0.466711 0 -0.88441 0 0 1 0 0 0.88441 0 0.466711 0 -958.4 0 -839.228 1 0
0.466711 0 -0.88441 0 0 1 0 0 0.88441 0 0.466711 0 -958.4 0 -839.228 1 0
0.466711 0 -0.88441 0 0 1 0 0 0.88441 0 0.466711 0 -958.4 0 -839.228 1 0
0.466711 0 -0.88441 0 0 1 0 0 0.88441 0 0.466711 0 -958.4 0 -839.228 1 0
0.466711 0 -0.88441 0 0 1 0 0 0.88441 0 0.466711 0 -958.4 0 -839.228 1 0
0.466711 0 -0.88441 0 0 1 0 0 0.88441 0 0.466711 0 -958.4 0 -839.228 1 0
0.466711 0 -0.88441 0 0 1 0 0 0.88441 0 0.466711 0 -958.4 0 -839.228 1 0
0.466711 0 -0.88441 0 0 1 0 0 0.88441 0 0.466711 0 -958.4 0 -839.228 1 0
0.466711 0 -0.88441 0 0 1 0 0 0.88441 0 0.466711 0 -958.4 0 -839.228 1 0
0.466711 0 -0.88441 0 0 1 0 0 0.88441 0 0.466711 0 -958.4 0 -839.228 1 0
0.466711 0 -0.88441 0 0 1 0 0 0.88441 0 0.466711 0 -958.4 0 -839.228 1 0
0.466711 0 -0.88441 0 0 1 0 0 0.88441 0 0.466711 0 -958.4 0 -839.228 1 0
0.466711 0 -0.88441 0 0 1 0 0 0.88441 0 0.466711 0 -958.4 0 -839.228 1 0
0.466711 0 -0.88441 0 0 1 0 0 0.88441 0 0.466711 0 -958.4 0 -839.228 1 0
0.466711 0 -0.88441 0 0 1 0 0 0.88441 0 0.466711 0 -958.4 0 -839.228 1 0
0.466711 0 -0.88441 0 0 1 0 0 0.88441 0 0.466711 0 -958.4 0 -839.228 1 0
0.466711 0 -0.88441 0 0 1 0 0 0.88441 0 0.466711 0 -958.4 0 -839.228 1 0
0.466711 0 -0.88441 0 0 1 0 0 0.88441 0 0.466711 0 -958.4 0 -839.228 1 0
0.466711 0 -0.88441 0 0 1 0 0 0.88441 0 0.466711 0 -958.4 0 -839.228 1 0
0.466711 0 -0.88441 0 0 1 0 0 0.88441 0 0.466711 0 -958.4 0 -839.228 1 0
0.466711 0 -0.88441 0 0 1 0 0 0.88441 0 0.466711 0 -958.4 0 -839.228 1 0
0.466711 0 -0.88441 0 0 1 0 0 0.88441 0 0.466711 0 -958.4 0 -839.228 1 0
0.466711 0 -0.88441 0 0 1 0 0 0.88441 0 0.466711 0 -958.4 0 -839.228 1 0
0.466711 0 -0.88441 0 0 1 0 0 0.88441 0 0.466711 0 -958.4 0 -839.228 1 0
0.466711 0 -0.88441 0 0 1 0 0 0.88441 0 0.466711 0 -958.4 0 -839.228 1 0
0.466711 0 -0.88441 0 0 1 0 0 0.88441 0 0.466711 0 -958.4 0 -839.228 1 0
0.466711 0 -0.88441 0 0 1 0 0 0.88441 0 0.466711 0 -958.4 0 -839.228 1 0
0.466711 0 -0.88441 0 0 1 0 0 0.88441 0 0.466711 0 -958.4 0 -839.228 1 0
0.466711 0 -0.88441 0 0 1 0 0 0.88441 0 0.466711 0 -958.4 0 -839.228 1 0
0.466711 0 -0.88441 0 0 1 0 0 0.88441 0 0.466711 0 -958.4 0 -839.228 1 0
0.466711 0 -0.88441 0 0 1 0 0 0.88441 0 0.466711 0 -958.4 0 -839.228 1 0
0.466711 0 -0.88441 0 0 1 0 0 0.88441 0 0.466711 0 -958.4 0 -839.228 1 0
0.466711 0 -0.88441 0 0 1 0 0 0.88441 0 0.466711 0 -958.4 0 -839.228 1 0
0.466711 0 -0.88441 0 0 1 0 0 0.88441 0 0.466711 0 -958.4 0 -839.228 1 0
0.466711 0 -0.88441 0 0 1 0 0 0.88441 0 0.466711 0 -958.4 0 -839.228 1 0
0.466711 0 -0.88441 0 0 1 0 0 0.88441 0 0.466711 0 -958.4 0 -839.228 1 0
0.466711 0 -0.88441 0 0 1 0 0 0.88441 0 0.466711 0 -958.4 0 -839.228 1 0
0.466711 0 -0.88441 0 0 1 0 0 0.88441 0 0.466711 0 -958.4 0 -839.228 1 0
0.466711 0 -0.88441 0 0 1 0 0 0.88441 0 0.466711 0 -958.4 0 -839.228 1 0
0.466711 0 -0.88441 0 0 1 0 0 0.88441 0 0.466711 0 -958.4 0 -839.228 1 0
0.466711 0 -0.88441 0 0 1 0 0 0.88441 0 0.466711 0 -958.4 0 -839.228 1 0
0.274103 0.0880085 -0.957665 0 -0.0234197 0.996119 0.0848392 0 0.961415 -0.000826407 0.2751 0 -1324.02 316.305 -818.684 1 1
0.262302 0.0983955 -0.959956 0 -0.0219214 0.995139 0.0960118 0 0.964737 -0.00414049 0.263184 0 -1296.69 322.474 -886.69 1 1
0.262302 0.0983955 -0.959956 0 -0.0219214 0.995139 0.0960118 0 0.964737 -0.00414049 0.263184 0 -1296.69 322.474 -886.69 1 2
0.262302 0.0983955 -0.959956 0 -0.0219214 0.995139 0.0960118 0 0.964737 -0.00414049 0.263184 0 -1296.69 322.474 -886.69 1 2
0.262302 0.0983955 -0.959956 0 -0.0219214 0.995139 0.0960118 0 0.964737 -0.00414049 0.263184 0 -1296.69 322.474 -886.69 1 2
0.262302 0.0983955 -0.959956 0 -0.0219214 0.995139 0.0960118 0 0.964737 -0.00414049 0.263184 0 -1296.69 322.474 -886.69 1 2
0.262302 0.0983955 -0.959956 0 -0.0219214 0.995139 0.0960118 0 0.964737 -0.00414049 0.263184 0 -1296.69 322.474 -886.69 1 2
0.262302 0.0983955 -0.959956 0 -0.0219214 0.995139 0.0960118 0 0.964737 -0.00414049 0.263184 0 -1296.69 322.474 -886.69 1 2
0.262302 0.0983955 -0.959956 0 -0.0219214 0.995139 0.0960118 0 0.964737 -0.00414049 0.263184 0 -1296.69 322.474 -886.69 1 2
0.262302 0.0983955 -0.959956 0 -0.0219214 0.995139 0.0960118 0 0.964737 -0.00414049 0.263184 0 -1296.69 322.474 -886.69 1 2
0.262302 0.0983955 -0.959956 0 -0.0219214 0.995139 0.0960118 0 0.964737 -0.00414049 0.263184 0 -1296.69 322.474 -886.69 1 2
0.262302 0.0983955 -0.959956 0 -0.0219214 0.995139 0.0960118 0 0.964737 -0.00414049 0.263184 0 -1296.69 322.474 -886.69 1 2
0.262302 0.0983955 -0.959956 0 -0.0219214 0.995139 0.0960118 0 0.964737 -0.00414049 0.263184 0 -1296.69 322.474 -886.69 1 2
0.262302 0.0983955 -0.959956 0 -0.0219214 0.995139 0.0960118 0 0.964737 -0.00414049 0.263184 0 -1296.69 322.474 -886.69 1 2
0.25745 0.108085 -0.960228 0 -0.0213911 0.994118 0.106164 0 0.966055 -0.00679165 0.258248 0 -1295.64 323.813 -908.784 1 3
0.253867 0.118666 -0.959932 0 -0.0211587 0.992889 0.117144 0 0.967008 -0.00942815 0.254573 0 -1296.37 323.197 -928.36 1 3
0.251003 0.130239 -0.959185 0 -0.0215625 0.991414 0.128973 0 0.967746 -0.0116901 0.251656 0 -1297.63 320.225 -945.37 1 3
0.248218 0.142982 -0.958094 0 -0.0227963 0.989635 0.141783 0 0.968436 -0.0133522 0.248905 0 -1298.45 313.752 -959.91 1 3
0.245706 0.154383 -0.956972 0 -0.0241305 0.987904 0.153177 0 0.969044 -0.0145443 0.246459 0 -1299.66 304.971 -971.828 1 3
0.243325 0.162813 -0.956182 0 -0.026223 0.986555 0.161312 0 0.96959 -0.0141772 0.244323 0 -1301.38 294.083 -981.163 1 3
0.241068 0.168966 -0.955687 0 -0.0294762 0.985548 0.16681 0 0.97006 -0.0120426 0.242565 0 -1303.29 280.561 -988.525 1 3
0.239061 0.173695 -0.955343 0 -0.033559 0.984761 0.170646 0 0.970425 -0.00873438 0.241247 0 -1305.23 265.85 -994.44 1 3
0.237217 0.176596 -0.955271 0 -0.0377933 0.984272 0.172572 0 0.970721 -0.00483428 0.24016 0 -1307.07 250.216 -999.222 1 3
0.23549 0.178887 -0.955272 0 -0.0422165 0.983869 0.173835 0 0.970959 -0.000608205 0.239243 0 -1308.94 234.47 -1002.92 1 3
0.233862 0.180142 -0.955436 0 -0.0466033 0.983633 0.174051 0 0.971152 0.00382253 0.23843 0 -1311.14 217.983 -1005.57 1 3
0.232182 0.180836 -0.955714 0 -0.0510871 0.983477 0.173678 0 0.97133 0.00849978 0.237584 0 -1313.38 200.03 -1007.17 1 3
0.230256 0.180537 -0.956237 0 -0.0558218 0.983472 0.172238 0 0.971528 0.0137201 0.236528 0 -1315.75 179.214 -1007.41 1 3
0.22816 0.179586 -0.956918 0 -0.0607914 0.983552 0.17009 0 0.971724 0.0193646 0.235324 0 -1318.47 156.094 -1006.61 1 3
0.226173 0.177895 -0.957705 0 -0.0648966 0.98375 0.167407 0 0.971923 0.0242888 0.234043 0 -1321.39 134.074 -1005.23 1 3
0.224167 0.175564 -0.958606 0 -0.0678404 0.984064 0.164363 0 0.972187 0.0281875 0.232505 0 -1324.55 114.142 -1003.45 1 3
0.222268 0.172715 -0.959566 0 -0.0691797 0.984498 0.161178 0 0.972528 0.0305579 0.23077 0 -1328.58 96.8877 -1001.16 1 3
0.220595 0.167697 -0.960841 0 -0.0686247 0.985336 0.156217 0 0.972948 0.0314768 0.228868 0 -1332.97 80.397 -998.54 1 3
0.218837 0.159462 -0.962643 0 -0.066584 0.986697 0.14831 0 0.973487 0.0316409 0.226544 0 -1337.86 62.7627 -995.154 1 3
0.217008 0.146436 -0.965124 0 -0.0619159 0.988758 0.1361 0 0.974204 0.0302218 0.223635 0 -1343.71 43.9294 -990.658 1 3
0.21505 0.128031 -0.968174 0 -0.0540909 0.991409 0.119089 0 0.975104 0.0267593 0.220128 0 -1350.49 25.0991 -985.254 1 3
0.21236 0.109218 -0.971069 0 -0.046034 0.993749 0.101702 0 0.976107 0.0231047 0.216061 0 -1357.98 12.8036 -979.079 1 3
0.209284 0.0910219 -0.973609 0 -0.0382982 0.995657 0.0848507 0 0.977105 0.0195296 0.211861 0 -1365.49 5.923 -972.796 1 3
0.205819 0.0750023 -0.975712 0 -0.0312134 0.997054 0.0700586 0 0.978092 0.0160359 0.207554 0 -1372.84 3.17277 -967.164 1 3
0.202381 0.06157 -0.977369 0 -0.0249805 0.998021 0.0576983 0 0.978988 0.0127381 0.203519 0 -1379.87 2.98428 -962.289 1 3
0.199254 0.0510625 -0.978617 0 -0.0199239 0.998646 0.0480509 0 0.979745 0.0099235 0.200001 0 -1386.26 4.11646 -958.598 1 3
0.19646 0.0430095 -0.979568 0 -0.015745 0.999047 0.040707 0 0.980385 0.00742606 0.19695 0 -1392.08 6.01234 -955.764 1 3
0.193939 0.0370013 -0.980316 0 -0.0124739 0.999301 0.0352502 0 0.980934 0.00539201 0.194265 0 -1397.28 8.23162 -953.819 1 3
0.191472 0.0325581 -0.980958 0 -0.00962021 0.999464 0.0312946 0 0.981451 0.00344497 0.191683 0 -1402.06 10.5906 -952.316 1 3
0.189331 0.029267 -0.981477 0 -0.00721611 0.99957 0.0284145 0 0.981887 0.00170269 0.189461 0 -1406.35 12.6622 -951.263 1 3
0.187435 0.0266155 -0.981916 0 -0.00526017 0.999646 0.026092 0 0.982263 0.000274488 0.187509 0 -1410.2 14.431 -950.641 1 3
0.18573 0.0246285 -0.982292 0 -0.00357586 0.999696 0.0243887 0 0.982594 -0.00101718 0.185761 0 -1413.7 16.0062 -950.277 1 3
0.184116 0.0232997 -0.982628 0 -0.00219898 0.999726 0.0232931 0 0.982902 -0.00212787 0.184117 0 -1416.87 17.4129 -950.212 1 3
0.182675 0.0222082 -0.982922 0 -0.00118693 0.999749 0.0223678 0 0.983173 -0.00291939 0.182656 0 -1419.73 18.4544 -950.423 1 3
0.181307 0.0213909 -0.983194 0 -0.000255815 0.999764 0.0217043 0 0.983426 -0.00368362 0.18127 0 -1422.28 19.4424 -950.786 1 3
0.179798 0.0208279 -0.983483 0 0.000256095 0.999775 0.0212198 0 0.983704 -0.00406714 0.179752 0 -1424.68 19.8372 -951.185 1 3
0.178458 0.0204429 -0.983735 0 0.000684817 0.999781 0.0209006 0 0.983947 -0.00440356 0.178405 0 -1426.79 20.1515 -951.729 1 3
0.177205 0.0201419 -0.983968 0 0.00109075 0.999786 0.0206621 0 0.984173 -0.0047347 0.177146 0 -1428.8 20.4485 -952.336 1 3
0.176053 0.0199185 -0.984179 0 0.001387 0.999789 0.0204825 0 0.98438 -0.00497105 0.175988 0 -1430.74 20.6535 -953.115 1 3
0.175077 0.0197318 -0.984357 0 0.00179131 0.999791 0.0203597 0 0.984553 -0.00532781 0.175005 0 -1432.54 21.0168 -953.999 1 3
0.174263 0.0196692 -0.984503 0 0.00212764 0.999791 0.0203512 0 0.984697 -0.00564114 0.174184 0 -1434.18 21.3159 -955.181 1 3
0.173239 0.0202995 -0.984671 0 0.00214423 0.999777 0.0209882 0 0.984877 -0.00574734 0.173157 0 -1436.64 21.7522 -956.256 1 3
0.173287 0.02137 -0.98464 0 0.00245685 0.999752 0.0221303 0 0.984868 -0.00625401 0.173191 0 -1439.44 22.9529 -959.382 1 3
0.173129 0.0220078 -0.984653 0 0.00285181 0.999735 0.0228463 0 0.984895 -0.00676339 0.17302 0 -1442.01 23.9091 -961.966 1 3
0.172881 0.022447 -0.984687 0 0.00329737 0.999721 0.0233686 0 0.984937 -0.00728686 0.172758 0 -1444.23 24.6786 -964.172 1 3
0.172453 0.0227545 -0.984755 0 0.00365417 0.999711 0.02374 0 0.985011 -0.00769251 0.172321 0 -1446.3 25.2012 -966.07 1 3
0.171984 0.0230503 -0.98483 0 0.00410809 0.999701 0.0241158 0 0.985091 -0.0081933 0.171838 0 -1448.26 25.9069 -967.668 1 3
0.171468 0.0232408 -0.984916 0 0.00446239 0.999693 0.0243664 0 0.98518 -0.00857313 0.171311 0 -1449.98 26.5112 -968.993 1 3
0.171021 0.0234022 -0.984989 0 0.00476269 0.999687 0.0245784 0 0.985256 -0.00889462 0.170856 0 -1451.47 26.9687 -970.201 1 3
0.170609 0.0234916 -0.985059 0 0.00511039 0.999681 0.0247254 0 0.985326 -0.00925242 0.170435 0 -1452.69 27.4683 -971.347 1 3
