0.204877 0 0.978788 0 0 1 0 0 -0.978788 0 0.204877 0 -981.996 0 609.441 1 0
0.204877 0 0.978788 0 0 1 0 0 -0.978788 0 0.204877 0 -981.996 0 609.441 1 0
0.204877 0 0.978788 0 0 1 0 0 -0.978788 0 0.204877 0 -981.996 0 609.441 1 0
0.204877 0 0.978788 0 0 1 0 0 -0.978788 0 0.204877 0 -981.996 0 609.441 1 0
0.204877 0 0.978788 0 0 1 0 0 -0.978788 0 0.204877 0 -981.996 0 609.441 1 0
0.204877 0 0.978788 0 0 1 0 0 -0.978788 0 0.204877 0 -981.996 0 609.441 1 0
0.204877 0 0.978788 0 0 1 0 0 -0.978788 0 0.204877 0 -981.996 0 609.441 1 0
0.204877 0 0.978788 0 0 1 0 0 -0.978788 0 0.204877 0 -981.996 0 609.441 1 0
0.204877 0 0.978788 0 0 1 0 0 -0.978788 0 0.204877 0 -981.996 0 609.441 1 0
0.204877 0 0.978788 0 0 1 0 0 -0.978788 0 0.204877 0 -981.996 0 609.441 1 0
0.204877 0 0.978788 0 0 1 0 0 -0.978788 0 0.204877 0 -981.996 0 609.441 1 0
0.204877 0 0.978788 0 0 1 0 0 -0.978788 0 0.204877 0 -981.996 0 609.441 1 0
0.204877 0 0.978788 0 0 1 0 0 -0.978788 0 0.204877 0 -981.996 0 609.441 1 0
0.204877 0 0.978788 0 0 1 0 0 -0.978788 0 0.204877 0 -981.996 0 609.441 1 0
0.204877 0 0.978788 0 0 1 0 0 -0.978788 0 0.204877 0 -981.996 0 609.441 1 0
0.204877 0 0.978788 0 0 1 0 0 -0.978788 0 0.204877 0 -981.996 0 609.441 1 0
0.204877 0 0.978788 0 0 1 0 0 -0.978788 0 0.204877 0 -981.996 0 609.441 1 0
0.204877 0 0.978788 0 0 1 0 0 -0.978788 0 0.204877 0 -981.996 0 609.441 1 0
0.204877 0 0.978788 0 0 1 0 0 -0.978788 0 0.204877 0 -981.996 0 609.441 1 0
0.204877 0 0.978788 0 0 1 0 0 -0.978788 0 0.204877 0 -981.996 0 609.441 1 0
0.235213 -0.0203159 0.971732 0 0.0365062 0.999261 0.0120549 0 -0.971258 0.0326388 0.235781 0 -713.975 -10.9214 901.604 1 1
0.230771 -0.0137982 0.97291 0 0.0257342 0.999636 0.00807317 0 -0.972668 0.023174 0.231042 0 -694.682 -13.2217 937.8 1 1
0.230771 -0.0137982 0.97291 0 0.0257342 0.999636 0.00807317 0 -0.972668 0.023174 0.231042 0 -694.682 -13.2217 937.8 1 2
0.230771 -0.0137982 0.97291 0 0.0257342 0.999636 0.00807317 0 -0.972668 0.023174 0.231042 0 -694.682 -13.2217 937.8 1 2
0.230771 -0.0137982 0.97291 0 0.0257342 0.999636 0.00807317 0 -0.972668 0.023174 0.231042 0 -694.682 -13.2217 937.8 1 2
0.230771 -0.0137982 0.97291 0 0.0257342 0.999636 0.00807317 0 -0.972668 0.023174 0.231042 0 -694.682 -13.2217 937.8 1 2
0.230771 -0.0137982 0.97291 0 0.0257342 0.999636 0.00807317 0 -0.972668 0.023174 0.231042 0 -694.682 -13.2217 937.8 1 2
0.230771 -0.0137982 0.97291 0 0.0257342 0.999636 0.00807317 0 -0.972668 0.023174 0.231042 0 -694.682 -13.2217 937.8 1 2
0.230771 -0.0137982 0.97291 0 0.0257342 0.999636 0.00807317 0 -0.972668 0.023174 0.231042 0 -694.682 -13.2217 937.8 1 2
0.230771 -0.0137982 0.97291 0 0.0257342 0.999636 0.00807317 0 -0.972668 0.023174 0.231042 0 -694.682 -13.2217 937.8 1 2
0.230771 -0.0137982 0.97291 0 0.0257342 0.999636 0.00807317 0 -0.972668 0.023174 0.231042 0 -694.682 -13.2217 937.8 1 2
0.230771 -0.0137982 0.97291 0 0.0257342 0.999636 0.00807317 0 -0.972668 0.023174 0.231042 0 -694.682 -13.2217 937.8 1 2
0.230771 -0.0137982 0.97291 0 0.0257342 0.999636 0.00807317 0 -0.972668 0.023174 0.231042 0 -694.682 -13.2217 937.8 1 2
0.230771 -0.0137982 0.97291 0 0.0257342 0.999636 0.00807317 0 -0.972668 0.023174 0.231042 0 -694.682 -13.2217 937.8 1 2
0.230771 -0.0137982 0.97291 0 0.0257342 0.999636 0.00807317 0 -0.972668 0.023174 0.231042 0 -694.682 -13.2217 937.8 1 2
0.230771 -0.0137982 0.97291 0 0.0257342 0.999636 0.00807317 0 -0.972668 0.023174 0.231042 0 -694.682 -13.2217 937.8 1 2
0.230771 -0.0137982 0.97291 0 0.0257342 0.999636 0.00807317 0 -0.972668 0.023174 0.231042 0 -694.682 -13.2217 937.8 1 2
0.230771 -0.0137982 0.97291 0 0.0257342 0.999636 0.00807317 0 -0.972668 0.023174 0.231042 0 -694.682 -13.2217 937.8 1 2
0.230771 -0.0137982 0.97291 0 0.0257342 0.999636 0.00807317 0 -0.972668 0.023174 0.231042 0 -694.682 -13.2217 937.8 1 2
0.230771 -0.0137982 0.97291 0 0.0257342 0.999636 0.00807317 0 -0.972668 0.023174 0.231042 0 -694.682 -13.2217 937.8 1 2
0.230771 -0.0137982 0.97291 0 0.0257342 0.999636 0.00807317 0 -0.972668 0.023174 0.231042 0 -694.682 -13.2217 937.8 1 2
0.230771 -0.0137982 0.97291 0 0.0257342 0.999636 0.00807317 0 -0.972668 0.023174 0.231042 0 -694.682 -13.2217 937.8 1 2
0.230771 -0.0137982 0.97291 0 0.0257342 0.999636 0.00807317 0 -0.972668 0.023174 0.231042 0 -694.682 -13.2217 937.8 1 2
0.230771 -0.0137982 0.97291 0 0.0257342 0.999636 0.00807317 0 -0.972668 0.023174 0.231042 0 -694.682 -13.2217 937.8 1 2
0.230771 -0.0137982 0.97291 0 0.0257342 0.999636 0.00807317 0 -0.972668 0.023174 0.231042 0 -694.682 -13.2217 937.8 1 2
0.230771 -0.0137982 0.97291 0 0.0257342 0.999636 0.00807317 0 -0.972668 0.023174 0.231042 0 -694.682 -13.2217 937.8 1 2
0.230771 -0.0137982 0.97291 0 0.0257342 0.999636 0.00807317 0 -0.972668 0.023174 0.231042 0 -694.682 -13.2217 937.8 1 2
0.230771 -0.0137982 0.97291 0 0.0257342 0.999636 0.00807317 0 -0.972668 0.023174 0.231042 0 -694.682 -13.2217 937.8 1 2
0.230771 -0.0137982 0.97291 0 0.0257342 0.999636 0.00807317 0 -0.972668 0.023174 0.231042 0 -694.682 -13.2217 937.8 1 2
0.230771 -0.0137982 0.97291 0 0.0257342 0.999636 0.00807317 0 -0.972668 0.023174 0.231042 0 -694.682 -13.2217 937.8 1 2
0.230771 -0.0137982 0.97291 0 0.0257342 0.999636 0.00807317 0 -0.972668 0.023174 0.231042 0 -694.682 -13.2217 937.8 1 2
0.230771 -0.0137982 0.97291 0 0.0257342 0.999636 0.00807317 0 -0.972668 0.023174 0.231042 0 -694.682 -13.2217 937.8 1 2
0.230771 -0.0137982 0.97291 0 0.0257342 0.999636 0.00807317 0 -0.972668 0.023174 0.231042 0 -694.682 -13.2217 937.8 1 2
0.230771 -0.0137982 0.97291 0 0.0257342 0.999636 0.00807317 0 -0.972668 0.023174 0.231042 0 -694.682 -13.2217 937.8 1 2
0.230771 -0.0137982 0.97291 0 0.0257342 0.999636 0.00807317 0 -0.972668 0.023174 0.231042 0 -694.682 -13.2217 937.8 1 2
0.230771 -0.0137982 0.97291 0 0.0257342 0.999636 0.00807317 0 -0.972668 0.023174 0.231042 0 -694.682 -13.2217 937.8 1 2
0.230771 -0.0137982 0.97291 0 0.0257342 0.999636 0.00807317 0 -0.972668 0.023174 0.231042 0 -694.682 -13.2217 937.8 1 2
0.230771 -0.0137982 0.97291 0 0.0257342 0.999636 0.00807317 0 -0.972668 0.023174 0.231042 0 -694.682 -13.2217 937.8 1 2
0.230771 -0.0137982 0.97291 0 0.0257342 0.999636 0.00807317 0 -0.972668 0.023174 0.231042 0 -694.682 -13.2217 937.8 1 2
0.230771 -0.0137982 0.97291 0 0.0257342 0.999636 0.00807317 0 -0.972668 0.023174 0.231042 0 -694.682 -13.2217 937.8 1 2
0.230771 -0.0137982 0.97291 0 0.0257342 0.999636 0.00807317 0 -0.972668 0.023174 0.231042 0 -694.682 -13.2217 937.8 1 2
0.230771 -0.0137982 0.97291 0 0.0257342 0.999636 0.00807317 0 -0.972668 0.023174 0.231042 0 -694.682 -13.2217 937.8 1 2
0.230771 -0.0137982 0.97291 0 0.0257342 0.999636 0.00807317 0 -0.972668 0.023174 0.231042 0 -694.682 -13.2217 937.8 1 2
0.230771 -0.0137982 0.97291 0 0.0257342 0.999636 0.00807317 0 -0.972668 0.023174 0.231042 0 -694.682 -13.2217 937.8 1 2
0.230771 -0.0137982 0.97291 0 0.0257342 0.999636 0.00807317 0 -0.972668 0.023174 0.231042 0 -694.682 -13.2217 937.8 1 2
0.230771 -0.0137982 0.97291 0 0.0257342 0.999636 0.00807317 0 -0.972668 0.023174 0.231042 0 -694.682 -13.2217 937.8 1 2
0.230771 -0.0137982 0.97291 0 0.0257342 0.999636 0.00807317 0 -0.972668 0.023174 0.231042 0 -694.682 -13.2217 937.8 1 2
0.230771 -0.0137982 0.97291 0 0.0257342 0.999636 0.00807317 0 -0.972668 0.023174 0.231042 0 -694.682 -13.2217 937.8 1 2
0.230771 -0.0137982 0.97291 0 0.0257342 0.999636 0.00807317 0 -0.972668 0.023174 0.231042 0 -694.682 -13.2217 937.8 1 2
0.230771 -0.0137982 0.97291 0 0.0257342 0.999636 0.00807317 0 -0.972668 0.023174 0.231042 0 -694.682 -13.2217 937.8 1 2
0.230771 -0.0137982 0.97291 0 0.0257342 0.999636 0.00807317 0 -0.972668 0.023174 0.231042 0 -694.682 -13.2217 937.8 1 2
0.230771 -0.0137982 0.97291 0 0.0257342 0.999636 0.00807317 0 -0.972668 0.023174 0.231042 0 -694.682 -13.2217 937.8 1 2
0.230771 -0.0137982 0.97291 0 0.0257342 0.999636 0.00807317 0 -0.972668 0.023174 0.231042 0 -694.682 -13.2217 937.8 1 2
0.230771 -0.0137982 0.97291 0 0.0257342 0.999636 0.00807317 0 -0.972668 0.023174 0.231042 0 -694.682 -13.2217 937.8 1 2
0.230771 -0.0137982 0.97291 0 0.0257342 0.999636 0.00807317 0 -0.972668 0.023174 0.231042 0 -694.682 -13.2217 937.8 1 2
0.230771 -0.0137982 0.97291 0 0.0257342 0.999636 0.00807317 0 -0.972668 0.023174 0.231042 0 -694.682 -13.2217 937.8 1 2
0.230771 -0.0137982 0.97291 0 0.0257342 0.999636 0.00807317 0 -0.972668 0.023174 0.231042 0 -694.682 -13.2217 937.8 1 2
0.230771 -0.0137982 0.97291 0 0.0257342 0.999636 0.00807317 0 -0.972668 0.023174 0.231042 0 -694.682 -13.2217 937.8 1 2
0.230771 -0.0137982 0.97291 0 0.0257342 0.999636 0.00807317 0 -0.972668 0.023174 0.231042 0 -694.682 -13.2217 937.8 1 2
0.230771 -0.0137982 0.97291 0 0.0257342 0.999636 0.00807317 0 -0.972668 0.023174 0.231042 0 -694.682 -13.2217 937.8 1 2
0.230771 -0.0137982 0.97291 0 0.0257342 0.999636 0.00807317 0 -0.972668 0.023174 0.231042 0 -694.682 -13.2217 937.8 1 2
0.230771 -0.0137982 0.97291 0 0.0257342 0.999636 0.00807317 0 -0.972668 0.023174 0.231042 0 -694.682 -13.2217 937.8 1 2
0.230771 -0.0137982 0.97291 0 0.0257342 0.999636 0.00807317 0 -0.972668 0.023174 0.231042 0 -694.682 -13.2217 937.8 1 2
0.230771 -0.0137982 0.97291 0 0.0257342 0.999636 0.00807317 0 -0.972668 0.023174 0.231042 0 -694.682 -13.2217 937.8 1 2
0.230771 -0.0137982 0.97291 0 0.0257342 0.999636 0.00807317 0 -0.972668 0.023174 0.231042 0 -694.682 -13.2217 937.8 1 2
0.230771 -0.0137982 0.97291 0 0.0257342 0.999636 0.00807317 0 -0.972668 0.023174 0.231042 0 -694.682 -13.2217 937.8 1 2
0.230771 -0.0137982 0.97291 0 0.0257342 0.999636 0.00807317 0 -0.972668 0.023174 0.231042 0 -694.682 -13.2217 937.8 1 2
0.230771 -0.0137982 0.97291 0 0.0257342 0.999636 0.00807317 0 -0.972668 0.023174 0.231042 0 -694.682 -13.2217 937.8 1 2
0.230771 -0.0137982 0.97291 0 0.0257342 0.999636 0.00807317 0 -0.972668 0.023174 0.231042 0 -694.682 -13.2217 937.8 1 2
0.230771 -0.0137982 0.97291 0 0.0257342 0.999636 0.00807317 0 -0.972668 0.023174 0.231042 0 -694.682 -13.2217 937.8 1 2
0.230771 -0.0137982 0.97291 0 0.0257342 0.999636 0.00807317 0 -0.972668 0.023174 0.231042 0 -694.682 -13.2217 937.8 1 2
0.230771 -0.0137982 0.97291 0 0.0257342 0.999636 0.00807317 0 -0.972668 0.023174 0.231042 0 -694.682 -13.2217 937.8 1 2
0.230771 -0.0137982 0.97291 0 0.0257342 0.999636 0.00807317 0 -0.972668 0.023174 0.231042 0 -694.682 -13.2217 937.8 1 2
0.230771 -0.0137982 0.97291 0 0.0257342 0.999636 0.00807317 0 -0.972668 0.023174 0.231042 0 -694.682 -13.2217 937.8 1 2
0.230771 -0.0137982 0.97291 0 0.0257342 0.999636 0.00807317 0 -0.972668 0.023174 0.231042 0 -694.682 -13.2217 937.8 1 2
0.230771 -0.0137982 0.97291 0 0.0257342 0.999636 0.00807317 0 -0.972668 0.023174 0.231042 0 -694.682 -13.2217 937.8 1 2
0.230771 -0.0137982 0.97291 0 0.0257342 0.999636 0.00807317 0 -0.972668 0.023174 0.231042 0 -694.682 -13.2217 937.8 1 2
0.230771 -0.0137982 0.97291 0 0.0257342 0.999636 0.00807317 0 -0.972668 0.023174 0.231042 0 -694.682 -13.2217 937.8 1 2
0.230771 -0.0137982 0.97291 0 0.0257342 0.999636 0.00807317 0 -0.972668 0.023174 0.231042 0 -694.682 -13.2217 937.8 1 2
0.230771 -0.0137982 0.97291 0 0.0257342 0.999636 0.00807317 0 -0.972668 0.023174 0.231042 0 -694.682 -13.2217 937.8 1 2
0.230771 -0.0137982 0.97291 0 0.0257342 0.999636 0.00807317 0 -0.972668 0.023174 0.231042 0 -694.682 -13.2217 937.8 1 2
0.230771 -0.0137982 0.97291 0 0.0257342 0.999636 0.00807317 0 -0.972668 0.023174 0.231042 0 -694.682 -13.2217 937.8 1 2
0.230771 -0.0137982 0.97291 0 0.0257342 0.999636 0.00807317 0 -0.972668 0.023174 0.231042 0 -694.682 -13.2217 937.8 1 2
0.230771 -0.0137982 0.97291 0 0.0257342 0.999636 0.00807317 0 -0.972668 0.023174 0.231042 0 -694.682 -13.2217 937.8 1 2
0.230771 -0.0137982 0.97291 0 0.0257342 0.999636 0.00807317 0 -0.972668 0.023174 0.231042 0 -694.682 -13.2217 937.8 1 2
0.230771 -0.0137982 0.97291 0 0.0257342 0.999636 0.00807317 0 -0.972668 0.023174 0.231042 0 -694.682 -13.2217 937.8 1 2
0.230771 -0.0137982 0.97291 0 0.0257342 0.999636 0.00807317 0 -0.972668 0.023174 0.231042 0 -694.682 -13.2217 937.8 1 2
0.230771 -0.0137982 0.97291 0 0.0257342 0.999636 0.00807317 0 -0.972668 0.023174 0.231042 0 -694.682 -13.2217 937.8 1 2
0.230771 -0.0137982 0.97291 0 0.0257342 0.999636 0.00807317 0 -0.972668 0.023174 0.231042 0 -694.682 -13.2217 937.8 1 2
0.230771 -0.0137982 0.97291 0 0.0257342 0.999636 0.00807317 0 -0.972668 0.023174 0.231042 0 -694.682 -13.2217 937.8 1 2
0.230771 -0.0137982 0.97291 0 0.0257342 0.999636 0.00807317 0 -0.972668 0.023174 0.231042 0 -694.682 -13.2217 937.8 1 2
0.230771 -0.0137982 0.97291 0 0.0257342 0.999636 0.00807317 0 -0.972668 0.023174 0.231042 0 -694.682 -13.2217 937.8 1 2
0.230771 -0.0137982 0.97291 0 0.0257342 0.999636 0.00807317 0 -0.972668 0.023174 0.231042 0 -694.682 -13.2217 937.8 1 2
0.230771 -0.0137982 0.97291 0 0.0257342 0.999636 0.00807317 0 -0.972668 0.023174 0.231042 0 -694.682 -13.2217 937.8 1 2
0.230771 -0.0137982 0.97291 0 0.0257342 0.999636 0.00807317 0 -0.972668 0.023174 0.231042 0 -694.682 -13.2217 937.8 1 2
0.230771 -0.0137982 0.97291 0 0.0257342 0.999636 0.00807317 0 -0.972668 0.023174 0.231042 0 -694.682 -13.2217 937.8 1 2
0.230771 -0.0137982 0.97291 0 0.0257342 0.999636 0.00807317 0 -0.972668 0.023174 0.231042 0 -694.682 -13.2217 937.8 1 2
0.230771 -0.0137982 0.97291 0 0.0257342 0.999636 0.00807317 0 -0.972668 0.023174 0.231042 0 -694.682 -13.2217 937.8 1 2
0.230771 -0.0137982 0.97291 0 0.0257342 0.999636 0.00807317 0 -0.972668 0.023174 0.231042 0 -694.682 -13.2217 937.8 1 2
0.230771 -0.0137982 0.97291 0 0.0257342 0.999636 0.00807317 0 -0.972668 0.023174 0.231042 0 -694.682 -13.2217 937.8 1 2
0.230771 -0.0137982 0.97291 0 0.0257342 0.999636 0.00807317 0 -0.972668 0.023174 0.231042 0 -694.682 -13.2217 937.8 1 2
0.230771 -0.0137982 0.97291 0 0.0257342 0.999636 0.00807317 0 -0.972668 0.023174 0.231042 0 -694.682 -13.2217 937.8 1 2
0.230771 -0.0137982 0.97291 0 0.0257342 0.999636 0.00807317 0 -0.972668 0.023174 0.231042 0 -694.682 -13.2217 937.8 1 2
0.230771 -0.0137982 0.97291 0 0.0257342 0.999636 0.00807317 0 -0.972668 0.023174 0.231042 0 -694.682 -13.2217 937.8 1 2
0.230771 -0.0137982 0.97291 0 0.0257342 0.999636 0.00807317 0 -0.972668 0.023174 0.231042 0 -694.682 -13.2217 937.8 1 2
0.230771 -0.0137982 0.97291 0 0.0257342 0.999636 0.00807317 0 -0.972668 0.023174 0.231042 0 -694.682 -13.2217 937.8 1 2
0.230771 -0.0137982 0.97291 0 0.0257342 0.999636 0.00807317 0 -0.972668 0.023174 0.231042 0 -694.682 -13.2217 937.8 1 2
0.230771 -0.0137982 0.97291 0 0.0257342 0.999636 0.00807317 0 -0.972668 0.023174 0.231042 0 -694.682 -13.2217 937.8 1 2
0.233468 -0.0160552 0.972232 0 0.0275761 0.999571 0.00988466 0 -0.971973 0.0245026 0.23381 0 -694.765 -18.6098 937.673 1 3
0.234383 -0.0170998 0.971994 0 0.0279617 0.99955 0.0108419 0 -0.971742 0.0246375 0.234756 0 -694.41 -21.1318 937.686 1 3
0.234983 -0.0172856 0.971846 0 0.0270665 0.999571 0.0112343 0 -0.971623 0.0236645 0.23535 0 -693.658 -23.0192 937.575 1 3
0.236006 -0.0168769 0.971605 0 0.0243214 0.999639 0.0114561 0 -0.971447 0.0209271 0.236331 0 -693.808 -25.2182 938.213 1 3
0.236606 -0.0162488 0.97147 0 0.0213836 0.999705 0.011513 0 -0.97137 0.0180495 0.236884 0 -693.718 -27.0637 938.564 1 3
0.236973 -0.0152192 0.971397 0 0.0182298 0.999771 0.0112166 0 -0.971345 0.0150503 0.237196 0 -693.128 -28.5725 939.063 1 3
0.237329 -0.0138597 0.97133 0 0.014884 0.999833 0.0106297 0 -0.971315 0.0119346 0.237496 0 -692.28 -30.0129 939.603 1 3
0.237485 -0.0124146 0.971312 0 0.0114438 0.999885 0.00998181 0 -0.971324 0.00874501 0.237599 0 -691.248 -31.4019 940.08 1 3
0.237739 -0.0111657 0.971265 0 0.00807718 0.999922 0.00951811 0 -0.971296 0.00558225 0.237811 0 -690.198 -32.9379 940.75 1 3
0.237866 -0.0100667 0.971246 0 0.00480028 0.999946 0.00918856 0 -0.971286 0.0024766 0.237902 0 -689.198 -34.4557 941.061 1 3
0.237995 -0.00865613 0.971228 0 0.00159376 0.999962 0.00852168 0 -0.971265 -0.000480218 0.238 0 -688.183 -35.7951 941.462 1 3
0.238184 -0.00729157 0.971193 0 -0.00198178 0.999966 0.00799362 0 -0.971218 -0.00382864 0.238161 0 -686.847 -37.4082 942.011 1 3
0.238608 -0.00558017 0.9711 0 -0.00599329 0.999956 0.00721859 0 -0.971098 -0.00754249 0.238564 0 -685.258 -39.04 942.778 1 3
0.239224 -0.00380024 0.970957 0 -0.0102549 0.999927 0.00644022 0 -0.97091 -0.0114977 0.239167 0 -683.441 -40.7295 943.551 1 3
0.239933 -0.00226359 0.970787 0 -0.0136433 0.999891 0.00570343 0 -0.970694 -0.0146132 0.239876 0 -681.706 -42.2918 944.302 1 3
0.240697 -0.0010076 0.9706 0 -0.0162543 0.999855 0.00506883 0 -0.970464 -0.0169965 0.240645 0 -680.196 -43.4785 945.058 1 3
0.241434 -0.000309729 0.970417 0 -0.017937 0.999828 0.00478173 0 -0.970251 -0.0185608 0.241387 0 -678.648 -44.2647 945.466 1 3
0.242226 0.000450737 0.97022 0 -0.0186717 0.999817 0.00419712 0 -0.97004 -0.0191323 0.24219 0 -677.48 -44.4201 945.908 1 3
0.243237 0.00135089 0.969966 0 -0.0186873 0.99982 0.0032937 0 -0.969787 -0.0189272 0.243218 0 -676.476 -44.0529 946.553 1 3
0.24449 0.00177497 0.96965 0 -0.017264 0.999848 0.00252272 0 -0.969498 -0.0173568 0.244483 0 -675.735 -43.0378 947.275 1 3
0.245934 0.00281489 0.969283 0 -0.014114 0.9999 0.000677313 0 -0.969184 -0.0138471 0.245949 0 -675.598 -41.0393 948.323 1 3
0.247582 0.00343961 0.968861 0 -0.0103336 0.999946 -0.000909317 0 -0.968812 -0.00978672 0.247604 0 -675.774 -39.1613 949.576 1 3
0.2493 0.00353439 0.96842 0 -0.00608765 0.999979 -0.00208243 0 -0.968407 -0.00537625 0.249317 0 -675.992 -37.2549 950.59 1 3
0.25112 0.00355182 0.967949 0 -0.0020545 0.999993 -0.00313639 0 -0.967954 -0.00120104 0.251126 0 -676.22 -35.3232 951.544 1 3
0.252742 0.00350394 0.967527 0 0.00146242 0.999991 -0.00400353 0 -0.967532 0.00242679 0.252735 0 -676.349 -33.6628 952.409 1 3
0.253915 0.0034191 0.96722 0 0.00440714 0.999979 -0.00469187 0 -0.967216 0.00545401 0.253895 0 -676.834 -32.3793 952.948 1 3
0.254852 0.00325225 0.966975 0 0.00702495 0.999962 -0.00521466 0 -0.966955 0.00812192 0.254819 0 -677.407 -31.094 953.54 1 3
0.255568 0.00291873 0.966787 0 0.00927717 0.999942 -0.00547123 0 -0.966747 0.0103673 0.255526 0 -678.096 -30.3714 953.829 1 3
0.256308 0.00230462 0.966592 0 0.0110805 0.999924 -0.00532228 0 -0.966532 0.0120745 0.256263 0 -678.56 -30.0527 954.058 1 3
0.256752 0.00172743 0.966476 0 0.0124697 0.999909 -0.00509985 0 -0.966397 0.013361 0.256707 0 -679.189 -29.8671 954.174 1 3
0.257005 0.00136497 0.966409 0 0.0135177 0.999896 -0.00500714 0 -0.966316 0.0143505 0.25696 0 -679.721 -29.665 954.178 1 3
0.257241 0.00109763 0.966347 0 0.014305 0.999885 -0.00494369 0 -0.966242 0.0150953 0.257195 0 -680.139 -29.5887 954.103 1 3
0.257472 0.000876345 0.966285 0 0.0148541 0.999878 -0.00486477 0 -0.966172 0.0156059 0.257427 0 -680.426 -29.6891 953.976 1 3
0.257678 0.000710761 0.96623 0 0.0151909 0.999873 -0.00478667 0 -0.966111 0.0159113 0.257635 0 -680.584 -29.8342 953.803 1 3
0.257866 0.000612612 0.966181 0 0.0154772 0.999869 -0.0047647 0 -0.966057 0.0161824 0.257822 0 -680.623 -29.874 953.702 1 3
0.258014 0.000841509 0.966141 0 0.0157092 0.999864 -0.00506612 0 -0.966014 0.0164844 0.257965 0 -680.692 -29.6581 954.286 1 3
0.258079 0.00100822 0.966123 0 0.0158141 0.999861 -0.00526783 0 -0.965994 0.0166379 0.258027 0 -680.735 -29.5876 954.739 1 3
0.25812 0.00116771 0.966112 0 0.0159045 0.999859 -0.00545776 0 -0.965982 0.0167743 0.258064 0 -680.69 -29.4748 955.111 1 3
0.258215 0.00134565 0.966086 0 0.0159022 0.999858 -0.00564304 0 -0.965956 0.01682 0.258157 0 -680.678 -29.3573 955.41 1 3
0.258237 0.00141195 0.96608 0 0.0159685 0.999856 -0.00572977 0 -0.96595 0.0169065 0.258178 0 -680.723 -29.2728 955.671 1 3
0.25818 0.00141996 0.966096 0 0.016003 0.999855 -0.00574624 0 -0.965964 0.016944 0.25812 0 -680.754 -29.2421 955.822 1 3
0.258346 0.00118044 0.966052 0 0.0158274 0.99986 -0.00545439 0 -0.965923 0.0166992 0.258291 0 -680.816 -29.5256 955.852 1 3
0.257859 0.000953448 0.966182 0 0.0158782 0.99986 -0.00522431 0 -0.966052 0.0166883 0.257808 0 -681.323 -29.655 955.602 1 3
0.257541 0.000775202 0.966267 0 0.0159147 0.999861 -0.00504394 0 -0.966136 0.0166769 0.257493 0 -681.636 -29.7799 955.387 1 3
0.257312 0.00061897 0.966328 0 0.0159761 0.99986 -0.00489452 0 -0.966196 0.0166975 0.257266 0 -681.878 -29.8834 955.2 1 3
0.257137 0.000550628 0.966375 0 0.0159981 0.99986 -0.00482654 0 -0.966243 0.0167012 0.257092 0 -681.997 -29.9427 955.046 1 3
0.257008 0.000394444 0.966409 0 0.0161237 0.999859 -0.00469606 0 -0.966275 0.016789 0.256965 0 -682.101 -30.0017 954.941 1 3
0.256945 0.000292899 0.966426 0 0.0162192 0.999858 -0.00461524 0 -0.96629 0.0168605 0.256904 0 -682.14 -30.0174 954.917 1 3
0.256911 0.000248011 0.966435 0 0.0162978 0.999857 -0.00458909 0 -0.966298 0.0169298 0.25687 0 -682.167 -29.9905 954.882 1 3
0.256862 0.000106101 0.966448 0 0.0164319 0.999855 -0.00447702 0 -0.966308 0.0170306 0.256823 0 -682.231 -30.0083 954.847 1 3
