0.0967196 0 0.995312 0 0 1 0 0 -0.995312 0 0.0967196 0 -3054.55 0 179.311 1 0
0.0967196 0 0.995312 0 0 1 0 0 -0.995312 0 0.0967196 0 -3054.55 0 179.311 1 0
0.0967196 0 0.995312 0 0 1 0 0 -0.995312 0 0.0967196 0 -3054.55 0 179.311 1 0
0.0967196 0 0.995312 0 0 1 0 0 -0.995312 0 0.0967196 0 -3054.55 0 179.311 1 0
0.0967196 0 0.995312 0 0 1 0 0 -0.995312 0 0.0967196 0 -3054.55 0 179.311 1 0
0.0967196 0 0.995312 0 0 1 0 0 -0.995312 0 0.0967196 0 -3054.55 0 179.311 1 0
0.0967196 0 0.995312 0 0 1 0 0 -0.995312 0 0.0967196 0 -3054.55 0 179.311 1 0
0.0967196 0 0.995312 0 0 1 0 0 -0.995312 0 0.0967196 0 -3054.55 0 179.311 1 0
0.0967196 0 0.995312 0 0 1 0 0 -0.995312 0 0.0967196 0 -3054.55 0 179.311 1 0
0.0967196 0 0.995312 0 0 1 0 0 -0.995312 0 0.0967196 0 -3054.55 0 179.311 1 0
0.0967196 0 0.995312 0 0 1 0 0 -0.995312 0 0.0967196 0 -3054.55 0 179.311 1 0
0.0967196 0 0.995312 0 0 1 0 0 -0.995312 0 0.0967196 0 -3054.55 0 179.311 1 0
0.0967196 0 0.995312 0 0 1 0 0 -0.995312 0 0.0967196 0 -3054.55 0 179.311 1 0
0.0967196 0 0.995312 0 0 1 0 0 -0.995312 0 0.0967196 0 -3054.55 0 179.311 1 0
0.0967196 0 0.995312 0 0 1 0 0 -0.995312 0 0.0967196 0 -3054.55 0 179.311 1 0
0.0967196 0 0.995312 0 0 1 0 0 -0.995312 0 0.0967196 0 -3054.55 0 179.311 1 0
0.0967196 0 0.995312 0 0 1 0 0 -0.995312 0 0.0967196 0 -3054.55 0 179.311 1 0
0.0967196 0 0.995312 0 0 1 0 0 -0.995312 0 0.0967196 0 -3054.55 0 179.311 1 0
0.0967196 0 0.995312 0 0 1 0 0 -0.995312 0 0.0967196 0 -3054.55 0 179.311 1 0
0.0967196 0 0.995312 0 0 1 0 0 -0.995312 0 0.0967196 0 -3054.55 0 179.311 1 0
0.0967196 0 0.995312 0 0 1 0 0 -0.995312 0 0.0967196 0 -3054.55 0 179.311 1 0
0.0967196 0 0.995312 0 0 1 0 0 -0.995312 0 0.0967196 0 -3054.55 0 179.311 1 0
0.0967196 0 0.995312 0 0 1 0 0 -0.995312 0 0.0967196 0 -3054.55 0 179.311 1 0
0.0967196 0 0.995312 0 0 1 0 0 -0.995312 0 0.0967196 0 -3054.55 0 179.311 1 0
0.0967196 0 0.995312 0 0 1 0 0 -0.995312 0 0.0967196 0 -3054.55 0 179.311 1 0
0.0967196 0 0.995312 0 0 1 0 0 -0.995312 0 0.0967196 0 -3054.55 0 179.311 1 0
0.0967196 0 0.995312 0 0 1 0 0 -0.995312 0 0.0967196 0 -3054.55 0 179.311 1 0
0.0967196 0 0.995312 0 0 1 0 0 -0.995312 0 0.0967196 0 -3054.55 0 179.311 1 0
0.0967196 0 0.995312 0 0 1 0 0 -0.995312 0 0.0967196 0 -3054.55 0 179.311 1 0
0.0967196 0 0.995312 0 0 1 0 0 -0.995312 0 0.0967196 0 -3054.55 0 179.311 1 0
0.0967196 0 0.995312 0 0 1 0 0 -0.995312 0 0.0967196 0 -3054.55 0 179.311 1 0
0.0967196 0 0.995312 0 0 1 0 0 -0.995312 0 0.0967196 0 -3054.55 0 179.311 1 0
0.0967196 0 0.995312 0 0 1 0 0 -0.995312 0 0.0967196 0 -3054.55 0 179.311 1 0
0.0967196 0 0.995312 0 0 1 0 0 -0.995312 0 0.0967196 0 -3054.55 0 179.311 1 0
0.0967196 0 0.995312 0 0 1 0 0 -0.995312 0 0.0967196 0 -3054.55 0 179.311 1 0
0.0967196 0 0.995312 0 0 1 0 0 -0.995312 0 0.0967196 0 -3054.55 0 179.311 1 0
0.0967196 0 0.995312 0 0 1 0 0 -0.995312 0 0.0967196 0 -3054.55 0 179.311 1 0
0.0967196 0 0.995312 0 0 1 0 0 -0.995312 0 0.0967196 0 -3054.55 0 179.311 1 0
0.0967196 0 0.995312 0 0 1 0 0 -0.995312 0 0.0967196 0 -3054.55 0 179.311 1 0
0.0967196 0 0.995312 0 0 1 0 0 -0.995312 0 0.0967196 0 -3054.55 0 179.311 1 0
0.117846 -0.0788053 0.9899 0 0.0270242 0.996731 0.076132 0 -0.992664 0.0177794 0.11959 0 -2800.85 -29.68 1244.42 1 1
0.125473 -0.0702009 0.98961 0 0.028627 0.997334 0.0671192 0 -0.991684 0.0199079 0.127149 0 -2810.26 -34.1217 1315.79 1 1
0.125473 -0.0702009 0.98961 0 0.028627 0.997334 0.0671192 0 -0.991684 0.0199079 0.127149 0 -2810.26 -34.1217 1315.79 1 2
0.125473 -0.0702009 0.98961 0 0.028627 0.997334 0.0671192 0 -0.991684 0.0199079 0.127149 0 -2810.26 -34.1217 1315.79 1 2
0.125473 -0.0702009 0.98961 0 0.028627 0.997334 0.0671192 0 -0.991684 0.0199079 0.127149 0 -2810.26 -34.1217 1315.79 1 2
0.125473 -0.0702009 0.98961 0 0.028627 0.997334 0.0671192 0 -0.991684 0.0199079 0.127149 0 -2810.26 -34.1217 1315.79 1 2
0.125473 -0.0702009 0.98961 0 0.028627 0.997334 0.0671192 0 -0.991684 0.0199079 0.127149 0 -2810.26 -34.1217 1315.79 1 2
0.125473 -0.0702009 0.98961 0 0.028627 0.997334 0.0671192 0 -0.991684 0.0199079 0.127149 0 -2810.26 -34.1217 1315.79 1 2
0.125473 -0.0702009 0.98961 0 0.028627 0.997334 0.0671192 0 -0.991684 0.0199079 0.127149 0 -2810.26 -34.1217 1315.79 1 2
0.125473 -0.0702009 0.98961 0 0.028627 0.997334 0.0671192 0 -0.991684 0.0199079 0.127149 0 -2810.26 -34.1217 1315.79 1 2
0.125473 -0.0702009 0.98961 0 0.028627 0.997334 0.0671192 0 -0.991684 0.0199079 0.127149 0 -2810.26 -34.1217 1315.79 1 2
0.125473 -0.0702009 0.98961 0 0.028627 0.997334 0.0671192 0 -0.991684 0.0199079 0.127149 0 -2810.26 -34.1217 1315.79 1 2
0.125473 -0.0702009 0.98961 0 0.028627 0.997334 0.0671192 0 -0.991684 0.0199079 0.127149 0 -2810.26 -34.1217 1315.79 1 2
0.125473 -0.0702009 0.98961 0 0.028627 0.997334 0.0671192 0 -0.991684 0.0199079 0.127149 0 -2810.26 -34.1217 1315.79 1 2
0.125473 -0.0702009 0.98961 0 0.028627 0.997334 0.0671192 0 -0.991684 0.0199079 0.127149 0 -2810.26 -34.1217 1315.79 1 2
0.125473 -0.0702009 0.98961 0 0.028627 0.997334 0.0671192 0 -0.991684 0.0199079 0.127149 0 -2810.26 -34.1217 1315.79 1 2
0.125473 -0.0702009 0.98961 0 0.028627 0.997334 0.0671192 0 -0.991684 0.0199079 0.127149 0 -2810.26 -34.1217 1315.79 1 2
0.125473 -0.0702009 0.98961 0 0.028627 0.997334 0.0671192 0 -0.991684 0.0199079 0.127149 0 -2810.26 -34.1217 1315.79 1 2
0.125473 -0.0702009 0.98961 0 0.028627 0.997334 0.0671192 0 -0.991684 0.0199079 0.127149 0 -2810.26 -34.1217 1315.79 1 2
0.125473 -0.0702009 0.98961 0 0.028627 0.997334 0.0671192 0 -0.991684 0.0199079 0.127149 0 -2810.26 -34.1217 1315.79 1 2
0.125473 -0.0702009 0.98961 0 0.028627 0.997334 0.0671192 0 -0.991684 0.0199079 0.127149 0 -2810.26 -34.1217 1315.79 1 2
0.125473 -0.0702009 0.98961 0 0.028627 0.997334 0.0671192 0 -0.991684 0.0199079 0.127149 0 -2810.26 -34.1217 1315.79 1 2
0.125473 -0.0702009 0.98961 0 0.028627 0.997334 0.0671192 0 -0.991684 0.0199079 0.127149 0 -2810.26 -34.1217 1315.79 1 2
0.125473 -0.0702009 0.98961 0 0.028627 0.997334 0.0671192 0 -0.991684 0.0199079 0.127149 0 -2810.26 -34.1217 1315.79 1 2
0.125473 -0.0702009 0.98961 0 0.028627 0.997334 0.0671192 0 -0.991684 0.0199079 0.127149 0 -2810.26 -34.1217 1315.79 1 2
0.125473 -0.0702009 0.98961 0 0.028627 0.997334 0.0671192 0 -0.991684 0.0199079 0.127149 0 -2810.26 -34.1217 1315.79 1 2
0.125473 -0.0702009 0.98961 0 0.028627 0.997334 0.0671192 0 -0.991684 0.0199079 0.127149 0 -2810.26 -34.1217 1315.79 1 2
0.125473 -0.0702009 0.98961 0 0.028627 0.997334 0.0671192 0 -0.991684 0.0199079 0.127149 0 -2810.26 -34.1217 1315.79 1 2
0.125473 -0.0702009 0.98961 0 0.028627 0.997334 0.0671192 0 -0.991684 0.0199079 0.127149 0 -2810.26 -34.1217 1315.79 1 2
0.125473 -0.0702009 0.98961 0 0.028627 0.997334 0.0671192 0 -0.991684 0.0199079 0.127149 0 -2810.26 -34.1217 1315.79 1 2
0.125473 -0.0702009 0.98961 0 0.028627 0.997334 0.0671192 0 -0.991684 0.0199079 0.127149 0 -2810.26 -34.1217 1315.79 1 2
0.125473 -0.0702009 0.98961 0 0.028627 0.997334 0.0671192 0 -0.991684 0.0199079 0.127149 0 -2810.26 -34.1217 1315.79 1 2
0.125473 -0.0702009 0.98961 0 0.028627 0.997334 0.0671192 0 -0.991684 0.0199079 0.127149 0 -2810.26 -34.1217 1315.79 1 2
0.125473 -0.0702009 0.98961 0 0.028627 0.997334 0.0671192 0 -0.991684 0.0199079 0.127149 0 -2810.26 -34.1217 1315.79 1 2
0.125473 -0.0702009 0.98961 0 0.028627 0.997334 0.0671192 0 -0.991684 0.0199079 0.127149 0 -2810.26 -34.1217 1315.79 1 2
0.125473 -0.0702009 0.98961 0 0.028627 0.997334 0.0671192 0 -0.991684 0.0199079 0.127149 0 -2810.26 -34.1217 1315.79 1 2
0.125473 -0.0702009 0.98961 0 0.028627 0.997334 0.0671192 0 -0.991684 0.0199079 0.127149 0 -2810.26 -34.1217 1315.79 1 2
0.125473 -0.0702009 0.98961 0 0.028627 0.997334 0.0671192 0 -0.991684 0.0199079 0.127149 0 -2810.26 -34.1217 1315.79 1 2
0.125473 -0.0702009 0.98961 0 0.028627 0.997334 0.0671192 0 -0.991684 0.0199079 0.127149 0 -2810.26 -34.1217 1315.79 1 2
0.125473 -0.0702009 0.98961 0 0.028627 0.997334 0.0671192 0 -0.991684 0.0199079 0.127149 0 -2810.26 -34.1217 1315.79 1 2
0.125473 -0.0702009 0.98961 0 0.028627 0.997334 0.0671192 0 -0.991684 0.0199079 0.127149 0 -2810.26 -34.1217 1315.79 1 2
0.125473 -0.0702009 0.98961 0 0.028627 0.997334 0.0671192 0 -0.991684 0.0199079 0.127149 0 -2810.26 -34.1217 1315.79 1 2
0.125473 -0.0702009 0.98961 0 0.028627 0.997334 0.0671192 0 -0.991684 0.0199079 0.127149 0 -2810.26 -34.1217 1315.79 1 2
0.125473 -0.0702009 0.98961 0 0.028627 0.997334 0.0671192 0 -0.991684 0.0199079 0.127149 0 -2810.26 -34.1217 1315.79 1 2
0.125473 -0.0702009 0.98961 0 0.028627 0.997334 0.0671192 0 -0.991684 0.0199079 0.127149 0 -2810.26 -34.1217 1315.79 1 2
0.125473 -0.0702009 0.98961 0 0.028627 0.997334 0.0671192 0 -0.991684 0.0199079 0.127149 0 -2810.26 -34.1217 1315.79 1 2
0.125473 -0.0702009 0.98961 0 0.028627 0.997334 0.0671192 0 -0.991684 0.0199079 0.127149 0 -2810.26 -34.1217 1315.79 1 2
0.125473 -0.0702009 0.98961 0 0.028627 0.997334 0.0671192 0 -0.991684 0.0199079 0.127149 0 -2810.26 -34.1217 1315.79 1 2
0.125473 -0.0702009 0.98961 0 0.028627 0.997334 0.0671192 0 -0.991684 0.0199079 0.127149 0 -2810.26 -34.1217 1315.79 1 2
0.125473 -0.0702009 0.98961 0 0.028627 0.997334 0.0671192 0 -0.991684 0.0199079 0.127149 0 -2810.26 -34.1217 1315.79 1 2
0.125473 -0.0702009 0.98961 0 0.028627 0.997334 0.0671192 0 -0.991684 0.0199079 0.127149 0 -2810.26 -34.1217 1315.79 1 2
0.125473 -0.0702009 0.98961 0 0.028627 0.997334 0.0671192 0 -0.991684 0.0199079 0.127149 0 -2810.26 -34.1217 1315.79 1 2
0.125473 -0.0702009 0.98961 0 0.028627 0.997334 0.0671192 0 -0.991684 0.0199079 0.127149 0 -2810.26 -34.1217 1315.79 1 2
0.125473 -0.0702009 0.98961 0 0.028627 0.997334 0.0671192 0 -0.991684 0.0199079 0.127149 0 -2810.26 -34.1217 1315.79 1 2
0.125473 -0.0702009 0.98961 0 0.028627 0.997334 0.0671192 0 -0.991684 0.0199079 0.127149 0 -2810.26 -34.1217 1315.79 1 2
0.125473 -0.0702009 0.98961 0 0.028627 0.997334 0.0671192 0 -0.991684 0.0199079 0.127149 0 -2810.26 -34.1217 1315.79 1 2
0.125473 -0.0702009 0.98961 0 0.028627 0.997334 0.0671192 0 -0.991684 0.0199079 0.127149 0 -2810.26 -34.1217 1315.79 1 2
0.125473 -0.0702009 0.98961 0 0.028627 0.997334 0.0671192 0 -0.991684 0.0199079 0.127149 0 -2810.26 -34.1217 1315.79 1 2
0.125473 -0.0702009 0.98961 0 0.028627 0.997334 0.0671192 0 -0.991684 0.0199079 0.127149 0 -2810.26 -34.1217 1315.79 1 2
0.125473 -0.0702009 0.98961 0 0.028627 0.997334 0.0671192 0 -0.991684 0.0199079 0.127149 0 -2810.26 -34.1217 1315.79 1 2
0.125473 -0.0702009 0.98961 0 0.028627 0.997334 0.0671192 0 -0.991684 0.0199079 0.127149 0 -2810.26 -34.1217 1315.79 1 2
0.125473 -0.0702009 0.98961 0 0.028627 0.997334 0.0671192 0 -0.991684 0.0199079 0.127149 0 -2810.26 -34.1217 1315.79 1 2
0.125473 -0.0702009 0.98961 0 0.028627 0.997334 0.0671192 0 -0.991684 0.0199079 0.127149 0 -2810.26 -34.1217 1315.79 1 2
0.125473 -0.0702009 0.98961 0 0.028627 0.997334 0.0671192 0 -0.991684 0.0199079 0.127149 0 -2810.26 -34.1217 1315.79 1 2
0.125473 -0.0702009 0.98961 0 0.028627 0.997334 0.0671192 0 -0.991684 0.0199079 0.127149 0 -2810.26 -34.1217 1315.79 1 2
0.125473 -0.0702009 0.98961 0 0.028627 0.997334 0.0671192 0 -0.991684 0.0199079 0.127149 0 -2810.26 -34.1217 1315.79 1 2
0.125473 -0.0702009 0.98961 0 0.028627 0.997334 0.0671192 0 -0.991684 0.0199079 0.127149 0 -2810.26 -34.1217 1315.79 1 2
0.125473 -0.0702009 0.98961 0 0.028627 0.997334 0.0671192 0 -0.991684 0.0199079 0.127149 0 -2810.26 -34.1217 1315.79 1 2
0.125473 -0.0702009 0.98961 0 0.028627 0.997334 0.0671192 0 -0.991684 0.0199079 0.127149 0 -2810.26 -34.1217 1315.79 1 2
0.125473 -0.0702009 0.98961 0 0.028627 0.997334 0.0671192 0 -0.991684 0.0199079 0.127149 0 -2810.26 -34.1217 1315.79 1 2
0.125473 -0.0702009 0.98961 0 0.028627 0.997334 0.0671192 0 -0.991684 0.0199079 0.127149 0 -2810.26 -34.1217 1315.79 1 2
0.125473 -0.0702009 0.98961 0 0.028627 0.997334 0.0671192 0 -0.991684 0.0199079 0.127149 0 -2810.26 -34.1217 1315.79 1 2
0.125473 -0.0702009 0.98961 0 0.028627 0.997334 0.0671192 0 -0.991684 0.0199079 0.127149 0 -2810.26 -34.1217 1315.79 1 2
0.125473 -0.0702009 0.98961 0 0.028627 0.997334 0.0671192 0 -0.991684 0.0199079 0.127149 0 -2810.26 -34.1217 1315.79 1 2
0.125473 -0.0702009 0.98961 0 0.028627 0.997334 0.0671192 0 -0.991684 0.0199079 0.127149 0 -2810.26 -34.1217 1315.79 1 2
0.125473 -0.0702009 0.98961 0 0.028627 0.997334 0.0671192 0 -0.991684 0.0199079 0.127149 0 -2810.26 -34.1217 1315.79 1 2
0.125473 -0.0702009 0.98961 0 0.028627 0.997334 0.0671192 0 -0.991684 0.0199079 0.127149 0 -2810.26 -34.1217 1315.79 1 2
0.125473 -0.0702009 0.98961 0 0.028627 0.997334 0.0671192 0 -0.991684 0.0199079 0.127149 0 -2810.26 -34.1217 1315.79 1 2
0.125473 -0.0702009 0.98961 0 0.028627 0.997334 0.0671192 0 -0.991684 0.0199079 0.127149 0 -2810.26 -34.1217 1315.79 1 2
0.125473 -0.0702009 0.98961 0 0.028627 0.997334 0.0671192 0 -0.991684 0.0199079 0.127149 0 -2810.26 -34.1217 1315.79 1 2
0.125473 -0.0702009 0.98961 0 0.028627 0.997334 0.0671192 0 -0.991684 0.0199079 0.127149 0 -2810.26 -34.1217 1315.79 1 2
0.125473 -0.0702009 0.98961 0 0.028627 0.997334 0.0671192 0 -0.991684 0.0199079 0.127149 0 -2810.26 -34.1217 1315.79 1 2
0.125473 -0.0702009 0.98961 0 0.028627 0.997334 0.0671192 0 -0.991684 0.0199079 0.127149 0 -2810.26 -34.1217 1315.79 1 2
0.125473 -0.0702009 0.98961 0 0.028627 0.997334 0.0671192 0 -0.991684 0.0199079 0.127149 0 -2810.26 -34.1217 1315.79 1 2
0.125473 -0.0702009 0.98961 0 0.028627 0.997334 0.0671192 0 -0.991684 0.0199079 0.127149 0 -2810.26 -34.1217 1315.79 1 2
0.125473 -0.0702009 0.98961 0 0.028627 0.997334 0.0671192 0 -0.991684 0.0199079 0.127149 0 -2810.26 -34.1217 1315.79 1 2
0.125473 -0.0702009 0.98961 0 0.028627 0.997334 0.0671192 0 -0.991684 0.0199079 0.127149 0 -2810.26 -34.1217 1315.79 1 2
0.125473 -0.0702009 0.98961 0 0.028627 0.997334 0.0671192 0 -0.991684 0.0199079 0.127149 0 -2810.26 -34.1217 1315.79 1 2
0.126179 -0.0764511 0.989057 0 0.0275748 0.996911 0.0735403 0 -0.991624 0.0179938 0.127897 0 -2810.83 -43.1439 1317.49 1 3
0.126259 -0.0802854 0.988743 0 0.0254142 0.996654 0.0776824 0 -0.991672 0.0153199 0.127877 0 -2811.24 -50.0418 1316.97 1 3
0.126358 -0.0827949 0.988524 0 0.0225354 0.996493 0.0805818 0 -0.991729 0.0120946 0.12778 0 -2811.14 -57.2022 1315.86 1 3
0.126449 -0.0847301 0.988348 0 0.0181106 0.996377 0.0831013 0 -0.991808 0.00739152 0.127525 0 -2811.46 -67.8396 1316.1 1 3
0.12664 -0.0859498 0.988218 0 0.0134254 0.996296 0.0849319 0 -0.991858 0.00251145 0.127325 0 -2811.41 -78.2453 1315.92 1 3
0.127076 -0.0860504 0.988153 0 0.00856726 0.996288 0.085657 0 -0.991856 -0.00241918 0.127342 0 -2810.65 -88.4526 1316.32 1 3
0.127708 -0.0850689 0.988157 0 0.00323697 0.996345 0.0853555 0 -0.991807 -0.00770196 0.127517 0 -2809.29 -99.3686 1317.29 1 3
0.128427 -0.083551 0.988193 0 -0.00221411 0.996418 0.0845341 0 -0.991716 -0.0130444 0.127782 0 -2807.63 -110.362 1318.29 1 3
0.129069 -0.0817246 0.988262 0 -0.00757602 0.996488 0.0833943 0 -0.991607 -0.0182507 0.127996 0 -2805.87 -121.459 1319.62 1 3
0.129814 -0.0798654 0.988317 0 -0.0129735 0.996529 0.0822331 0 -0.991453 -0.0234969 0.128328 0 -2804.04 -132.819 1320.68 1 3
0.130661 -0.0775137 0.988392 0 -0.0182537 0.996582 0.080569 0 -0.991259 -0.028569 0.1288 0 -2802.1 -143.739 1322.19 1 3
0.131723 -0.0751368 0.988435 0 -0.0237144 0.996599 0.0789176 0 -0.991003 -0.0338354 0.129493 0 -2799.72 -155.513 1324.25 1 3
0.13309 -0.0722817 0.988465 0 -0.0295745 0.996603 0.0768589 0 -0.990663 -0.0394624 0.1305 0 -2796.87 -168.088 1327.24 1 3
0.134663 -0.0690932 0.98848 0 -0.0357967 0.996576 0.0745357 0 -0.990245 -0.0454215 0.131728 0 -2793.62 -181.293 1330.85 1 3
0.136326 -0.065949 0.988467 0 -0.0409967 0.996551 0.0721425 0 -0.989815 -0.0503587 0.133152 0 -2790.48 -192.197 1334.77 1 3
0.138165 -0.0630781 0.988398 0 -0.0452101 0.996528 0.0699166 0 -0.989377 -0.0543456 0.134834 0 -2787.72 -200.709 1338.93 1 3
0.14021 -0.0609804 0.988242 0 -0.048004 0.996509 0.0683013 0 -0.988957 -0.0570161 0.136793 0 -2785.11 -206.497 1343.01 1 3
0.142208 -0.0588374 0.988086 0 -0.0493318 0.99657 0.0664425 0 -0.988607 -0.0581927 0.138818 0 -2783.18 -208.86 1347.26 1 3
0.144404 -0.0561889 0.987922 0 -0.0492529 0.996741 0.0638897 0 -0.988292 -0.0578839 0.141166 0 -2781.73 -208.199 1352.41 1 3
0.146721 -0.0534082 0.987735 0 -0.0469751 0.997039 0.060889 0 -0.988062 -0.0553326 0.143777 0 -2780.97 -202.935 1358.57 1 3
0.149063 -0.0499113 0.987567 0 -0.0419458 0.997507 0.0567449 0 -0.987938 -0.0498829 0.146598 0 -2781.44 -191.395 1365.76 1 3
0.151581 -0.0470282 0.987325 0 -0.0355331 0.997963 0.0529902 0 -0.987806 -0.0431151 0.149601 0 -2782.45 -177.633 1373.62 1 3
0.154163 -0.0447774 0.98703 0 -0.028618 0.998351 0.0497608 0 -0.987631 -0.0359181 0.152628 0 -2783.47 -162.969 1381.06 1 3
0.15696 -0.0431247 0.986663 0 -0.0219633 0.998647 0.0471424 0 -0.987361 -0.0290698 0.1558 0 -2784.3 -148.737 1388.48 1 3
0.159526 -0.0420049 0.9863 0 -0.0159826 0.998854 0.0451246 0 -0.987064 -0.0229622 0.158671 0 -2784.93 -136.167 1395.03 1 3
0.161743 -0.0412933 0.985969 0 -0.0108971 0.998988 0.0436261 0 -0.986773 -0.0178004 0.161129 0 -2785.84 -125.815 1400.09 1 3
0.16357 -0.041002 0.985679 0 -0.00677742 0.999066 0.0426835 0 -0.986509 -0.0136621 0.163139 0 -2786.83 -116.997 1404.23 1 3
0.165156 -0.0409035 0.985419 0 -0.00334128 0.999111 0.0420319 0 -0.986262 -0.0102344 0.164872 0 -2787.94 -109.984 1407.47 1 3
0.166661 -0.0413042 0.985149 0 -0.000455163 0.999119 0.0419669 0 -0.986014 -0.00744264 0.166495 0 -2788.72 -104.579 1410.48 1 3
0.16782 -0.041844 0.984929 0 0.00172735 0.99911 0.0421521 0 -0.985816 -0.00537265 0.167743 0 -2789.68 -100.628 1412.52 1 3
0.168749 -0.0422866 0.984752 0 0.0035804 0.999099 0.0422892 0 -0.985653 -0.00361043 0.168748 0 -2790.56 -97.3231 1413.96 1 3
0.16957 -0.0426351 0.984595 0 0.00509854 0.999088 0.0423846 0 -0.985505 -0.00216715 0.169633 0 -2791.36 -94.7403 1415.12 1 3
0.170365 -0.043058 0.98444 0 0.00639774 0.999072 0.0425908 0 -0.98536 -0.000957811 0.170483 0 -2792.01 -92.8093 1416.19 1 3
0.171092 -0.0434192 0.984298 0 0.00735043 0.999057 0.0427926 0 -0.985228 -8.64595e-05 0.17125 0 -2792.47 -91.5897 1417.08 1 3
0.171706 -0.0437422 0.984177 0 0.00822867 0.999043 0.0429673 0 -0.985114 0.000720702 0.171902 0 -2792.84 -90.3171 1417.89 1 3
0.172278 -0.0436464 0.984081 0 0.00872499 0.999046 0.0427828 0 -0.98501 0.00121556 0.172495 0 -2793.17 -89.1451 1419.24 1 3
0.172793 -0.043659 0.98399 0 0.00912318 0.999045 0.042725 0 -0.984916 0.00159454 0.173027 0 -2793.51 -88.3826 1420.34 1 3
0.17331 -0.0437262 0.983896 0 0.00947406 0.999042 0.0427305 0 -0.984822 0.00191589 0.173558 0 -2793.74 -87.7143 1421.32 1 3
0.173769 -0.0437123 0.983816 0 0.00969519 0.999042 0.0426764 0 -0.984739 0.00212244 0.174026 0 -2793.98 -87.2254 1422.26 1 3
0.17412 -0.0437866 0.98375 0 0.00999663 0.999038 0.0426977 0 -0.984674 0.00239966 0.17439 0 -2794.28 -86.6589 1422.94 1 3
0.17436 -0.0439629 0.9837 0 0.0102006 0.99903 0.0428399 0 -0.984629 0.00256471 0.17464 0 -2794.61 -86.3551 1423.18 1 3
0.174903 -0.0443938 0.983584 0 0.0101165 0.999011 0.0432911 0 -0.984534 0.00237864 0.175179 0 -2794.8 -87.1173 1423.84 1 3
0.174498 -0.0449095 0.983633 0 0.0102768 0.998988 0.0437875 0 -0.984604 0.00246779 0.174783 0 -2795.95 -87.1567 1422.31 1 3
0.17425 -0.0453054 0.983659 0 0.0105422 0.99897 0.0441431 0 -0.984645 0.00267803 0.174548 0 -2796.87 -86.9572 1421.3 1 3
0.174101 -0.0456995 0.983667 0 0.0108656 0.998951 0.0444865 0 -0.984668 0.00294295 0.174415 0 -2797.67 -86.6373 1420.51 1 3
0.174075 -0.0459734 0.983659 0 0.0110774 0.998938 0.0447271 0 -0.98467 0.00311056 0.174399 0 -2798.21 -86.4292 1420.01 1 3
0.174083 -0.046314 0.983641 0 0.0113747 0.998921 0.0450204 0 -0.984665 0.00335139 0.174422 0 -2798.69 -86.0354 1419.71 1 3
0.174166 -0.0465657 0.983615 0 0.0116071 0.998909 0.0452345 0 -0.984648 0.00353865 0.174517 0 -2799.06 -85.7113 1419.68 1 3
0.174231 -0.046735 0.983595 0 0.0118044 0.9989 0.0453712 0 -0.984634 0.00370573 0.174591 0 -2799.34 -85.3658 1419.68 1 3
0.174264 -0.0469451 0.983579 0 0.0120748 0.99889 0.0455365 0 -0.984625 0.00394121 0.174637 0 -2799.65 -84.9878 1419.65 1 3
