-0.928064 0 -0.372421 0 0 1 0 0 0.372421 0 -0.928064 0 -4811.37 0 -2466.78 1 0
-0.928064 0 -0.372421 0 0 1 0 0 0.372421 0 -0.928064 0 -4811.37 0 -2466.78 1 0
-0.928064 0 -0.372421 0 0 1 0 0 0.372421 0 -0.928064 0 -4811.37 0 -2466.78 1 0
-0.928064 0 -0.372421 0 0 1 0 0 0.372421 0 -0.928064 0 -4811.37 0 -2466.78 1 0
-0.928064 0 -0.372421 0 0 1 0 0 0.372421 0 -0.928064 0 -4811.37 0 -2466.78 1 0
-0.928064 0 -0.372421 0 0 1 0 0 0.372421 0 -0.928064 0 -4811.37 0 -2466.78 1 0
-0.928064 0 -0.372421 0 0 1 0 0 0.372421 0 -0.928064 0 -4811.37 0 -2466.78 1 0
-0.928064 0 -0.372421 0 0 1 0 0 0.372421 0 -0.928064 0 -4811.37 0 -2466.78 1 0
-0.928064 0 -0.372421 0 0 1 0 0 0.372421 0 -0.928064 0 -4811.37 0 -2466.78 1 0
-0.928064 0 -0.372421 0 0 1 0 0 0.372421 0 -0.928064 0 -4811.37 0 -2466.78 1 0
-0.928064 0 -0.372421 0 0 1 0 0 0.372421 0 -0.928064 0 -4811.37 0 -2466.78 1 0
-0.928064 0 -0.372421 0 0 1 0 0 0.372421 0 -0.928064 0 -4811.37 0 -2466.78 1 0
-0.928064 0 -0.372421 0 0 1 0 0 0.372421 0 -0.928064 0 -4811.37 0 -2466.78 1 0
-0.928064 0 -0.372421 0 0 1 0 0 0.372421 0 -0.928064 0 -4811.37 0 -2466.78 1 0
-0.928064 0 -0.372421 0 0 1 0 0 0.372421 0 -0.928064 0 -4811.37 0 -2466.78 1 0
-0.928064 0 -0.372421 0 0 1 0 0 0.372421 0 -0.928064 0 -4811.37 0 -2466.78 1 0
-0.928064 0 -0.372421 0 0 1 0 0 0.372421 0 -0.928064 0 -4811.37 0 -2466.78 1 0
-0.928064 0 -0.372421 0 0 1 0 0 0.372421 0 -0.928064 0 -4811.37 0 -2466.78 1 0
-0.928064 0 -0.372421 0 0 1 0 0 0.372421 0 -0.928064 0 -4811.37 0 -2466.78 1 0
-0.928064 0 -0.372421 0 0 1 0 0 0.372421 0 -0.928064 0 -4811.37 0 -2466.78 1 0
-0.928064 0 -0.372421 0 0 1 0 0 0.372421 0 -0.928064 0 -4811.37 0 -2466.78 1 0
-0.928064 0 -0.372421 0 0 1 0 0 0.372421 0 -0.928064 0 -4811.37 0 -2466.78 1 0
-0.928064 0 -0.372421 0 0 1 0 0 0.372421 0 -0.928064 0 -4811.37 0 -2466.78 1 0
-0.928064 0 -0.372421 0 0 1 0 0 0.372421 0 -0.928064 0 -4811.37 0 -2466.78 1 0
-0.928064 0 -0.372421 0 0 1 0 0 0.372421 0 -0.928064 0 -4811.37 0 -2466.78 1 0
-0.928064 0 -0.372421 0 0 1 0 0 0.372421 0 -0.928064 0 -4811.37 0 -2466.78 1 0
-0.928064 0 -0.372421 0 0 1 0 0 0.372421 0 -0.928064 0 -4811.37 0 -2466.78 1 0
-0.928064 0 -0.372421 0 0 1 0 0 0.372421 0 -0.928064 0 -4811.37 0 -2466.78 1 0
-0.928064 0 -0.372421 0 0 1 0 0 0.372421 0 -0.928064 0 -4811.37 0 -2466.78 1 0
-0.928064 0 -0.372421 0 0 1 0 0 0.372421 0 -0.928064 0 -4811.37 0 -2466.78 1 0
-0.928064 0 -0.372421 0 0 1 0 0 0.372421 0 -0.928064 0 -4811.37 0 -2466.78 1 0
-0.928064 0 -0.372421 0 0 1 0 0 0.372421 0 -0.928064 0 -4811.37 0 -2466.78 1 0
-0.928064 0 -0.372421 0 0 1 0 0 0.372421 0 -0.928064 0 -4811.37 0 -2466.78 1 0
-0.928064 0 -0.372421 0 0 1 0 0 0.372421 0 -0.928064 0 -4811.37 0 -2466.78 1 0
-0.928064 0 -0.372421 0 0 1 0 0 0.372421 0 -0.928064 0 -4811.37 0 -2466.78 1 0
-0.928064 0 -0.372421 0 0 1 0 0 0.372421 0 -0.928064 0 -4811.37 0 -2466.78 1 0
-0.928064 0 -0.372421 0 0 1 0 0 0.372421 0 -0.928064 0 -4811.37 0 -2466.78 1 0
-0.928064 0 -0.372421 0 0 1 0 0 0.372421 0 -0.928064 0 -4811.37 0 -2466.78 1 0
-0.928064 0 -0.372421 0 0 1 0 0 0.372421 0 -0.928064 0 -4811.37 0 -2466.78 1 0
-0.928064 0 -0.372421 0 0 1 0 0 0.372421 0 -0.928064 0 -4811.37 0 -2466.78 1 0
-0.928064 0 -0.372421 0 0 1 0 0 0.372421 0 -0.928064 0 -4811.37 0 -2466.78 1 0
-0.928064 0 -0.372421 0 0 1 0 0 0.372421 0 -0.928064 0 -4811.37 0 -2466.78 1 0
-0.928064 0 -0.372421 0 0 1 0 0 0.372421 0 -0.928064 0 -4811.37 0 -2466.78 1 0
-0.928064 0 -0.372421 0 0 1 0 0 0.372421 0 -0.928064 0 -4811.37 0 -2466.78 1 0
-0.928064 0 -0.372421 0 0 1 0 0 0.372421 0 -0.928064 0 -4811.37 0 -2466.78 1 0
-0.928064 0 -0.372421 0 0 1 0 0 0.372421 0 -0.928064 0 -4811.37 0 -2466.78 1 0
-0.928064 0 -0.372421 0 0 1 0 0 0.372421 0 -0.928064 0 -4811.37 0 -2466.78 1 0
-0.928064 0 -0.372421 0 0 1 0 0 0.372421 0 -0.928064 0 -4811.37 0 -2466.78 1 0
-0.928064 0 -0.372421 0 0 1 0 0 0.372421 0 -0.928064 0 -4811.37 0 -2466.78 1 0
-0.928064 0 -0.372421 0 0 1 0 0 0.372421 0 -0.928064 0 -4811.37 0 -2466.78 1 0
-0.928064 0 -0.372421 0 0 1 0 0 0.372421 0 -0.928064 0 -4811.37 0 -2466.78 1 0
-0.928064 0 -0.372421 0 0 1 0 0 0.372421 0 -0.928064 0 -4811.37 0 -2466.78 1 0
-0.928064 0 -0.372421 0 0 1 0 0 0.372421 0 -0.928064 0 -4811.37 0 -2466.78 1 0
-0.928064 0 -0.372421 0 0 1 0 0 0.372421 0 -0.928064 0 -4811.37 0 -2466.78 1 0
-0.928064 0 -0.372421 0 0 1 0 0 0.372421 0 -0.928064 0 -4811.37 0 -2466.78 1 0
-0.928064 0 -0.372421 0 0 1 0 0 0.372421 0 -0.928064 0 -4811.37 0 -2466.78 1 0
-0.928064 0 -0.372421 0 0 1 0 0 0.372421 0 -0.928064 0 -4811.37 0 -2466.78 1 0
-0.928064 0 -0.372421 0 0 1 0 0 0.372421 0 -0.928064 0 -4811.37 0 -2466.78 1 0
-0.928064 0 -0.372421 0 0 1 0 0 0.372421 0 -0.928064 0 -4811.37 0 -2466.78 1 0
-0.928064 0 -0.372421 0 0 1 0 0 0.372421 0 -0.928064 0 -4811.37 0 -2466.78 1 0
-0.928064 0 -0.372421 0 0 1 0 0 0.372421 0 -0.928064 0 -4811.37 0 -2466.78 1 0
-0.928064 0 -0.372421 0 0 1 0 0 0.372421 0 -0.928064 0 -4811.37 0 -2466.78 1 0
-0.928064 0 -0.372421 0 0 1 0 0 0.372421 0 -0.928064 0 -4811.37 0 -2466.78 1 0
-0.928064 0 -0.372421 0 0 1 0 0 0.372421 0 -0.928064 0 -4811.37 0 -2466.78 1 0
-0.928064 0 -0.372421 0 0 1 0 0 0.372421 0 -0.928064 0 -4811.37 0 -2466.78 1 0
-0.928064 0 -0.372421 0 0 1 0 0 0.372421 0 -0.928064 0 -4811.37 0 -2466.78 1 0
-0.928064 0 -0.372421 0 0 1 0 0 0.372421 0 -0.928064 0 -4811.37 0 -2466.78 1 0
-0.928064 0 -0.372421 0 0 1 0 0 0.372421 0 -0.928064 0 -4811.37 0 -2466.78 1 0
-0.928064 0 -0.372421 0 0 1 0 0 0.372421 0 -0.928064 0 -4811.37 0 -2466.78 1 0
-0.928064 0 -0.372421 0 0 1 0 0 0.372421 0 -0.928064 0 -4811.37 0 -2466.78 1 0
-0.928064 0 -0.372421 0 0 1 0 0 0.372421 0 -0.928064 0 -4811.37 0 -2466.78 1 0
-0.928064 0 -0.372421 0 0 1 0 0 0.372421 0 -0.928064 0 -4811.37 0 -2466.78 1 0
-0.928064 0 -0.372421 0 0 1 0 0 0.372421 0 -0.928064 0 -4811.37 0 -2466.78 1 0
-0.928064 0 -0.372421 0 0 1 0 0 0.372421 0 -0.928064 0 -4811.37 0 -2466.78 1 0
-0.958361 0.0232336 -0.284613 0 -0.0122588 0.992418 0.122292 0 0.285296 0.120689 -0.95081 0 -5485.45 213.251 -402.801 1 1
-0.95694 0.0349401 -0.288174 0 -0.000982437 0.992334 0.123579 0 0.290283 0.118541 -0.94957 0 -5560.68 217.82 -430.931 1 1
-0.95694 0.0349401 -0.288174 0 -0.000982437 0.992334 0.123579 0 0.290283 0.118541 -0.94957 0 -5560.68 217.82 -430.931 1 2
-0.95694 0.0349401 -0.288174 0 -0.000982437 0.992334 0.123579 0 0.290283 0.118541 -0.94957 0 -5560.68 217.82 -430.931 1 2
-0.95694 0.0349401 -0.288174 0 -0.000982437 0.992334 0.123579 0 0.290283 0.118541 -0.94957 0 -5560.68 217.82 -430.931 1 2
-0.95694 0.0349401 -0.288174 0 -0.000982437 0.992334 0.123579 0 0.290283 0.118541 -0.94957 0 -5560.68 217.82 -430.931 1 2
-0.95694 0.0349401 -0.288174 0 -0.000982437 0.992334 0.123579 0 0.290283 0.118541 -0.94957 0 -5560.68 217.82 -430.931 1 2
-0.95694 0.0349401 -0.288174 0 -0.000982437 0.992334 0.123579 0 0.290283 0.118541 -0.94957 0 -5560.68 217.82 -430.931 1 2
-0.95694 0.0349401 -0.288174 0 -0.000982437 0.992334 0.123579 0 0.290283 0.118541 -0.94957 0 -5560.68 217.82 -430.931 1 2
-0.95694 0.0349401 -0.288174 0 -0.000982437 0.992334 0.123579 0 0.290283 0.118541 -0.94957 0 -5560.68 217.82 -430.931 1 2
-0.95694 0.0349401 -0.288174 0 -0.000982437 0.992334 0.123579 0 0.290283 0.118541 -0.94957 0 -5560.68 217.82 -430.931 1 2
-0.95694 0.0349401 -0.288174 0 -0.000982437 0.992334 0.123579 0 0.290283 0.118541 -0.94957 0 -5560.68 217.82 -430.931 1 2
-0.95694 0.0349401 -0.288174 0 -0.000982437 0.992334 0.123579 0 0.290283 0.118541 -0.94957 0 -5560.68 217.82 -430.931 1 2
-0.95694 0.0349401 -0.288174 0 -0.000982437 0.992334 0.123579 0 0.290283 0.118541 -0.94957 0 -5560.68 217.82 -430.931 1 2
-0.95694 0.0349401 -0.288174 0 -0.000982437 0.992334 0.123579 0 0.290283 0.118541 -0.94957 0 -5560.68 217.82 -430.931 1 2
-0.95694 0.0349401 -0.288174 0 -0.000982437 0.992334 0.123579 0 0.290283 0.118541 -0.94957 0 -5560.68 217.82 -430.931 1 2
-0.95694 0.0349401 -0.288174 0 -0.000982437 0.992334 0.123579 0 0.290283 0.118541 -0.94957 0 -5560.68 217.82 -430.931 1 2
-0.95694 0.0349401 -0.288174 0 -0.000982437 0.992334 0.123579 0 0.290283 0.118541 -0.94957 0 -5560.68 217.82 -430.931 1 2
-0.95694 0.0349401 -0.288174 0 -0.000982437 0.992334 0.123579 0 0.290283 0.118541 -0.94957 0 -5560.68 217.82 -430.931 1 2
-0.95694 0.0349401 -0.288174 0 -0.000982437 0.992334 0.123579 0 0.290283 0.118541 -0.94957 0 -5560.68 217.82 -430.931 1 2
-0.95694 0.0349401 -0.288174 0 -0.000982437 0.992334 0.123579 0 0.290283 0.118541 -0.94957 0 -5560.68 217.82 -430.931 1 2
-0.95694 0.0349401 -0.288174 0 -0.000982437 0.992334 0.123579 0 0.290283 0.118541 -0.94957 0 -5560.68 217.82 -430.931 1 2
-0.95694 0.0349401 -0.288174 0 -0.000982437 0.992334 0.123579 0 0.290283 0.118541 -0.94957 0 -5560.68 217.82 -430.931 1 2
-0.95694 0.0349401 -0.288174 0 -0.000982437 0.992334 0.123579 0 0.290283 0.118541 -0.94957 0 -5560.68 217.82 -430.931 1 2
-0.95694 0.0349401 -0.288174 0 -0.000982437 0.992334 0.123579 0 0.290283 0.118541 -0.94957 0 -5560.68 217.82 -430.931 1 2
-0.95694 0.0349401 -0.288174 0 -0.000982437 0.992334 0.123579 0 0.290283 0.118541 -0.94957 0 -5560.68 217.82 -430.931 1 2
-0.95694 0.0349401 -0.288174 0 -0.000982437 0.992334 0.123579 0 0.290283 0.118541 -0.94957 0 -5560.68 217.82 -430.931 1 2
-0.95694 0.0349401 -0.288174 0 -0.000982437 0.992334 0.123579 0 0.290283 0.118541 -0.94957 0 -5560.68 217.82 -430.931 1 2
-0.95694 0.0349401 -0.288174 0 -0.000982437 0.992334 0.123579 0 0.290283 0.118541 -0.94957 0 -5560.68 217.82 -430.931 1 2
-0.95694 0.0349401 -0.288174 0 -0.000982437 0.992334 0.123579 0 0.290283 0.118541 -0.94957 0 -5560.68 217.82 -430.931 1 2
-0.95694 0.0349401 -0.288174 0 -0.000982437 0.992334 0.123579 0 0.290283 0.118541 -0.94957 0 -5560.68 217.82 -430.931 1 2
-0.95694 0.0349401 -0.288174 0 -0.000982437 0.992334 0.123579 0 0.290283 0.118541 -0.94957 0 -5560.68 217.82 -430.931 1 2
-0.95694 0.0349401 -0.288174 0 -0.000982437 0.992334 0.123579 0 0.290283 0.118541 -0.94957 0 -5560.68 217.82 -430.931 1 2
-0.95694 0.0349401 -0.288174 0 -0.000982437 0.992334 0.123579 0 0.290283 0.118541 -0.94957 0 -5560.68 217.82 -430.931 1 2
-0.95694 0.0349401 -0.288174 0 -0.000982437 0.992334 0.123579 0 0.290283 0.118541 -0.94957 0 -5560.68 217.82 -430.931 1 2
-0.95694 0.0349401 -0.288174 0 -0.000982437 0.992334 0.123579 0 0.290283 0.118541 -0.94957 0 -5560.68 217.82 -430.931 1 2
-0.95694 0.0349401 -0.288174 0 -0.000982437 0.992334 0.123579 0 0.290283 0.118541 -0.94957 0 -5560.68 217.82 -430.931 1 2
-0.95694 0.0349401 -0.288174 0 -0.000982437 0.992334 0.123579 0 0.290283 0.118541 -0.94957 0 -5560.68 217.82 -430.931 1 2
-0.95694 0.0349401 -0.288174 0 -0.000982437 0.992334 0.123579 0 0.290283 0.118541 -0.94957 0 -5560.68 217.82 -430.931 1 2
-0.95694 0.0349401 -0.288174 0 -0.000982437 0.992334 0.123579 0 0.290283 0.118541 -0.94957 0 -5560.68 217.82 -430.931 1 2
-0.95694 0.0349401 -0.288174 0 -0.000982437 0.992334 0.123579 0 0.290283 0.118541 -0.94957 0 -5560.68 217.82 -430.931 1 2
-0.95694 0.0349401 -0.288174 0 -0.000982437 0.992334 0.123579 0 0.290283 0.118541 -0.94957 0 -5560.68 217.82 -430.931 1 2
-0.95694 0.0349401 -0.288174 0 -0.000982437 0.992334 0.123579 0 0.290283 0.118541 -0.94957 0 -5560.68 217.82 -430.931 1 2
-0.95694 0.0349401 -0.288174 0 -0.000982437 0.992334 0.123579 0 0.290283 0.118541 -0.94957 0 -5560.68 217.82 -430.931 1 2
-0.95694 0.0349401 -0.288174 0 -0.000982437 0.992334 0.123579 0 0.290283 0.118541 -0.94957 0 -5560.68 217.82 -430.931 1 2
-0.95694 0.0349401 -0.288174 0 -0.000982437 0.992334 0.123579 0 0.290283 0.118541 -0.94957 0 -5560.68 217.82 -430.931 1 2
-0.95694 0.0349401 -0.288174 0 -0.000982437 0.992334 0.123579 0 0.290283 0.118541 -0.94957 0 -5560.68 217.82 -430.931 1 2
-0.95694 0.0349401 -0.288174 0 -0.000982437 0.992334 0.123579 0 0.290283 0.118541 -0.94957 0 -5560.68 217.82 -430.931 1 2
-0.95694 0.0349401 -0.288174 0 -0.000982437 0.992334 0.123579 0 0.290283 0.118541 -0.94957 0 -5560.68 217.82 -430.931 1 2
-0.95694 0.0349401 -0.288174 0 -0.000982437 0.992334 0.123579 0 0.290283 0.118541 -0.94957 0 -5560.68 217.82 -430.931 1 2
-0.95694 0.0349401 -0.288174 0 -0.000982437 0.992334 0.123579 0 0.290283 0.118541 -0.94957 0 -5560.68 217.82 -430.931 1 2
-0.95694 0.0349401 -0.288174 0 -0.000982437 0.992334 0.123579 0 0.290283 0.118541 -0.94957 0 -5560.68 217.82 -430.931 1 2
-0.95694 0.0349401 -0.288174 0 -0.000982437 0.992334 0.123579 0 0.290283 0.118541 -0.94957 0 -5560.68 217.82 -430.931 1 2
-0.95694 0.0349401 -0.288174 0 -0.000982437 0.992334 0.123579 0 0.290283 0.118541 -0.94957 0 -5560.68 217.82 -430.931 1 2
-0.957081 0.0277016 -0.288494 0 -0.0120425 0.990761 0.135085 0 0.289571 0.132762 -0.947904 0 -5560.18 205.614 -437.826 1 3
-0.957107 0.0225628 -0.288855 0 -0.0197285 0.989574 0.142666 0 0.289062 0.142246 -0.946683 0 -5560.83 194.401 -445.971 1 3
-0.957206 0.0188878 -0.288791 0 -0.0253131 0.98858 0.148557 0 0.288299 0.14951 -0.945796 0 -5561.94 182.244 -453.07 1 3
-0.957173 0.0153636 -0.289109 0 -0.0307701 0.987537 0.154352 0 0.287877 0.156637 -0.944771 0 -5563.02 164.745 -458.129 1 3
-0.957139 0.0122822 -0.289367 0 -0.035313 0.986697 0.158685 0 0.287466 0.162102 -0.943973 0 -5564.19 145.97 -461.922 1 3
-0.957191 0.00869143 -0.289328 0 -0.0396462 0.986192 0.160788 0 0.286731 0.165375 -0.943629 0 -5565.56 123.99 -463.57 1 3
-0.957325 0.00438188 -0.28898 0 -0.0440725 0.985978 0.160953 0 0.285633 0.166821 -0.943708 0 -5566.84 97.0855 -463.66 1 3
-0.957497 -0.000437005 -0.288443 0 -0.0486044 0.985944 0.15985 0 0.284319 0.167076 -0.94406 0 -5568 67.3781 -462.916 1 3
-0.957668 -0.00551195 -0.287823 0 -0.0531451 0.986017 0.157946 0 0.282927 0.166556 -0.944569 0 -5568.9 36.5537 -461.516 1 3
-0.957786 -0.0106175 -0.287286 0 -0.0577021 0.986081 0.15593 0 0.281632 0.165925 -0.945067 0 -5569.61 5.05862 -459.83 1 3
-0.957929 -0.0157649 -0.286573 0 -0.0621198 0.98621 0.153395 0 0.280203 0.164743 -0.945699 0 -5570.34 -26.566 -457.113 1 3
-0.958094 -0.0211443 -0.285672 0 -0.0666497 0.986357 0.150525 0 0.278592 0.163257 -0.946432 0 -5570.83 -59.9194 -453.086 1 3
-0.958276 -0.027009 -0.284565 0 -0.0714361 0.986565 0.146924 0 0.276774 0.161122 -0.947331 0 -5571.28 -96.5784 -447.06 1 3
-0.958474 -0.0334886 -0.283208 0 -0.0766301 0.986801 0.142656 0 0.274693 0.158434 -0.948389 0 -5571.64 -136.502 -439.491 1 3
-0.958735 -0.0390733 -0.281604 0 -0.0808387 0.987092 0.138258 0 0.272567 0.155317 -0.949518 0 -5572.18 -171.615 -430.955 1 3
-0.959049 -0.0436982 -0.279848 0 -0.0840969 0.987404 0.13402 0 0.270467 0.152066 -0.950644 0 -5573.14 -200.916 -421.357 1 3
-0.959513 -0.0467557 -0.277757 0 -0.0859077 0.987719 0.130503 0 0.268245 0.14908 -0.951746 0 -5574.96 -222.024 -410.7 1 3
-0.960076 -0.0482443 -0.275548 0 -0.0860113 0.98821 0.126664 0 0.266188 0.145307 -0.952906 0 -5577.58 -235.367 -399.644 1 3
-0.960739 -0.0486474 -0.273156 0 -0.0846427 0.988967 0.121575 0 0.264227 0.139923 -0.954257 0 -5581.08 -243.604 -386.796 1 3
-0.961619 -0.0472034 -0.270297 0 -0.0809728 0.990039 0.115176 0 0.262168 0.132642 -0.955863 0 -5585.89 -242.784 -371.695 1 3
-0.962652 -0.0434309 -0.267235 0 -0.0744636 0.991455 0.107107 0 0.2603 0.123006 -0.95766 0 -5592.18 -229.961 -354.676 1 3
-0.963752 -0.0384595 -0.264012 0 -0.0669074 0.992774 0.099619 0 0.258272 0.113672 -0.959361 0 -5599.37 -209.608 -336.076 1 3
-0.964801 -0.0332717 -0.260869 0 -0.0593945 0.993902 0.0929014 0 0.256187 0.105126 -0.960894 0 -5606.45 -185.366 -317.896 1 3
-0.965817 -0.0280614 -0.2577 0 -0.0523076 0.994771 0.0877179 0 0.253891 0.0981991 -0.962235 0 -5613.17 -159.812 -299.5 1 3
-0.966752 -0.0231468 -0.254667 0 -0.0458623 0.995441 0.0836235 0 0.25157 0.0925228 -0.963406 0 -5619.29 -135.335 -282.912 1 3
-0.967522 -0.0188661 -0.252082 0 -0.0403969 0.995935 0.0805114 0 0.249538 0.0880799 -0.964351 0 -5624.79 -114.238 -269.329 1 3
-0.968178 -0.0152188 -0.249801 0 -0.035873 0.996281 0.0783393 0 0.24768 0.0848074 -0.965123 0 -5629.73 -96.0135 -258.069 1 3
-0.968711 -0.0121907 -0.247892 0 -0.0321777 0.996532 0.0767366 0 0.246097 0.0823122 -0.965744 0 -5634.17 -80.6518 -248.617 1 3
-0.969207 -0.00955144 -0.246062 0 -0.0291261 0.99668 0.076036 0 0.244519 0.0808614 -0.966267 0 -5638.04 -67.3507 -239.739 1 3
-0.969577 -0.00733019 -0.244677 0 -0.0266638 0.996767 0.0757984 0 0.24333 0.0800164 -0.966637 0 -5641.49 -56.6474 -232.982 1 3
-0.969893 -0.00544369 -0.243469 0 -0.0245857 0.996831 0.0756527 0 0.242286 0.0793609 -0.966954 0 -5644.5 -47.6787 -227.66 1 3
-0.970158 -0.00381199 -0.242443 0 -0.0228199 0.996874 0.0756418 0 0.241396 0.078917 -0.967212 0 -5647.1 -40.1491 -223.176 1 3
-0.970398 -0.00245331 -0.241497 0 -0.0213956 0.99689 0.0758458 0 0.24056 0.0787676 -0.967433 0 -5649.39 -33.8357 -218.984 1 3
-0.970602 -0.00151947 -0.240685 0 -0.0204033 0.9969 0.075986 0 0.239823 0.078663 -0.967624 0 -5651.39 -29.3478 -215.296 1 3
-0.970785 -0.000516194 -0.239949 0 -0.0193524 0.996908 0.0761515 0 0.239168 0.0785703 -0.967794 0 -5653.15 -24.8837 -212.016 1 3
-0.970972 4.66214e-06 -0.239195 0 -0.0187421 0.996924 0.0760998 0 0.23846 0.0783737 -0.967985 0 -5654.84 -22.3406 -208.29 1 3
-0.971123 0.00048843 -0.238579 0 -0.0182025 0.996931 0.0761332 0 0.237885 0.0782775 -0.968134 0 -5656.33 -20.327 -205.205 1 3
-0.971277 0.000905892 -0.237949 0 -0.0177291 0.996938 0.0761633 0 0.237289 0.0781943 -0.968287 0 -5657.7 -18.5245 -202.248 1 3
-0.971419 0.00109855 -0.23737 0 -0.0174891 0.99694 0.0761865 0 0.236727 0.0781603 -0.968427 0 -5659.02 -17.4067 -199.604 1 3
-0.971541 0.00143851 -0.236867 0 -0.0171317 0.996936 0.0763225 0 0.236251 0.0782084 -0.96854 0 -5660.24 -15.7189 -197.459 1 3
-0.971645 0.00174077 -0.236437 0 -0.0168377 0.996925 0.0765351 0 0.235843 0.078346 -0.968628 0 -5661.35 -14.4191 -195.979 1 3
-0.971832 0.00181462 -0.235669 0 -0.0168365 0.996881 0.0771049 0 0.235074 0.0789009 -0.96877 0 -5662.98 -14.4994 -193.268 1 3
-0.971907 0.00219747 -0.235355 0 -0.0165994 0.996827 0.0778549 0 0.234779 0.0795745 -0.968786 0 -5665.02 -12.7039 -195.319 1 3
-0.971986 0.00264608 -0.235025 0 -0.0162468 0.996788 0.078414 0 0.234478 0.0800357 -0.968821 0 -5666.83 -10.6544 -196.523 1 3
-0.972048 0.00306985 -0.234762 0 -0.0159053 0.996756 0.078891 0 0.234243 0.0804198 -0.968846 0 -5668.38 -8.54483 -197.327 1 3
-0.972124 0.0033618 -0.234442 0 -0.015665 0.996732 0.0792482 0 0.233943 0.0807116 -0.968894 0 -5669.79 -7.1192 -197.425 1 3
-0.972207 0.00376853 -0.234092 0 -0.0153218 0.996703 0.079678 0 0.233621 0.0810503 -0.968944 0 -5671.14 -5.15826 -197.116 1 3
-0.972288 0.00403936 -0.23375 0 -0.0150969 0.996679 0.0800191 0 0.233297 0.0813306 -0.968998 0 -5672.32 -3.67141 -196.481 1 3
-0.97236 0.00423708 -0.233447 0 -0.0149239 0.996663 0.0802511 0 0.233008 0.081517 -0.969052 0 -5673.34 -2.46575 -195.925 1 3
-0.972409 0.00457913 -0.233238 0 -0.0146125 0.996648 0.0804891 0 0.232825 0.0816765 -0.969083 0 -5674.19 -0.886847 -195.601 1 3
