0.00724305 0 0.999974 0 0 1 0 0 -0.999974 0 0.00724305 0 -4446.89 0 -243.002 1 0
0.00724305 0 0.999974 0 0 1 0 0 -0.999974 0 0.00724305 0 -4446.89 0 -243.002 1 0
0.00724305 0 0.999974 0 0 1 0 0 -0.999974 0 0.00724305 0 -4446.89 0 -243.002 1 0
0.00724305 0 0.999974 0 0 1 0 0 -0.999974 0 0.00724305 0 -4446.89 0 -243.002 1 0
0.00724305 0 0.999974 0 0 1 0 0 -0.999974 0 0.00724305 0 -4446.89 0 -243.002 1 0
0.00724305 0 0.999974 0 0 1 0 0 -0.999974 0 0.00724305 0 -4446.89 0 -243.002 1 0
0.00724305 0 0.999974 0 0 1 0 0 -0.999974 0 0.00724305 0 -4446.89 0 -243.002 1 0
0.00724305 0 0.999974 0 0 1 0 0 -0.999974 0 0.00724305 0 -4446.89 0 -243.002 1 0
0.00724305 0 0.999974 0 0 1 0 0 -0.999974 0 0.00724305 0 -4446.89 0 -243.002 1 0
0.00724305 0 0.999974 0 0 1 0 0 -0.999974 0 0.00724305 0 -4446.89 0 -243.002 1 0
0.00724305 0 0.999974 0 0 1 0 0 -0.999974 0 0.00724305 0 -4446.89 0 -243.002 1 0
0.00724305 0 0.999974 0 0 1 0 0 -0.999974 0 0.00724305 0 -4446.89 0 -243.002 1 0
0.00724305 0 0.999974 0 0 1 0 0 -0.999974 0 0.00724305 0 -4446.89 0 -243.002 1 0
0.00724305 0 0.999974 0 0 1 0 0 -0.999974 0 0.00724305 0 -4446.89 0 -243.002 1 0
0.00724305 0 0.999974 0 0 1 0 0 -0.999974 0 0.00724305 0 -4446.89 0 -243.002 1 0
0.00724305 0 0.999974 0 0 1 0 0 -0.999974 0 0.00724305 0 -4446.89 0 -243.002 1 0
0.00724305 0 0.999974 0 0 1 0 0 -0.999974 0 0.00724305 0 -4446.89 0 -243.002 1 0
0.00724305 0 0.999974 0 0 1 0 0 -0.999974 0 0.00724305 0 -4446.89 0 -243.002 1 0
0.00724305 0 0.999974 0 0 1 0 0 -0.999974 0 0.00724305 0 -4446.89 0 -243.002 1 0
0.00724305 0 0.999974 0 0 1 0 0 -0.999974 0 0.00724305 0 -4446.89 0 -243.002 1 0
0.00724305 0 0.999974 0 0 1 0 0 -0.999974 0 0.00724305 0 -4446.89 0 -243.002 1 0
0.00724305 0 0.999974 0 0 1 0 0 -0.999974 0 0.00724305 0 -4446.89 0 -243.002 1 0
0.00724305 0 0.999974 0 0 1 0 0 -0.999974 0 0.00724305 0 -4446.89 0 -243.002 1 0
0.00724305 0 0.999974 0 0 1 0 0 -0.999974 0 0.00724305 0 -4446.89 0 -243.002 1 0
0.00724305 0 0.999974 0 0 1 0 0 -0.999974 0 0.00724305 0 -4446.89 0 -243.002 1 0
0.00724305 0 0.999974 0 0 1 0 0 -0.999974 0 0.00724305 0 -4446.89 0 -243.002 1 0
0.00724305 0 0.999974 0 0 1 0 0 -0.999974 0 0.00724305 0 -4446.89 0 -243.002 1 0
0.00724305 0 0.999974 0 0 1 0 0 -0.999974 0 0.00724305 0 -4446.89 0 -243.002 1 0
0.00724305 0 0.999974 0 0 1 0 0 -0.999974 0 0.00724305 0 -4446.89 0 -243.002 1 0
0.00724305 0 0.999974 0 0 1 0 0 -0.999974 0 0.00724305 0 -4446.89 0 -243.002 1 0
0.00724305 0 0.999974 0 0 1 0 0 -0.999974 0 0.00724305 0 -4446.89 0 -243.002 1 0
0.00724305 0 0.999974 0 0 1 0 0 -0.999974 0 0.00724305 0 -4446.89 0 -243.002 1 0
0.00724305 0 0.999974 0 0 1 0 0 -0.999974 0 0.00724305 0 -4446.89 0 -243.002 1 0
0.00724305 0 0.999974 0 0 1 0 0 -0.999974 0 0.00724305 0 -4446.89 0 -243.002 1 0
0.00724305 0 0.999974 0 0 1 0 0 -0.999974 0 0.00724305 0 -4446.89 0 -243.002 1 0
0.00724305 0 0.999974 0 0 1 0 0 -0.999974 0 0.00724305 0 -4446.89 0 -243.002 1 0
0.00724305 0 0.999974 0 0 1 0 0 -0.999974 0 0.00724305 0 -4446.89 0 -243.002 1 0
0.00724305 0 0.999974 0 0 1 0 0 -0.999974 0 0.00724305 0 -4446.89 0 -243.002 1 0
0.00724305 0 0.999974 0 0 1 0 0 -0.999974 0 0.00724305 0 -4446.89 0 -243.002 1 0
0.00724305 0 0.999974 0 0 1 0 0 -0.999974 0 0.00724305 0 -4446.89 0 -243.002 1 0
0.00724305 0 0.999974 0 0 1 0 0 -0.999974 0 0.00724305 0 -4446.89 0 -243.002 1 0
0.00724305 0 0.999974 0 0 1 0 0 -0.999974 0 0.00724305 0 -4446.89 0 -243.002 1 0
0.00724305 0 0.999974 0 0 1 0 0 -0.999974 0 0.00724305 0 -4446.89 0 -243.002 1 0
0.00724305 0 0.999974 0 0 1 0 0 -0.999974 0 0.00724305 0 -4446.89 0 -243.002 1 0
0.00724305 0 0.999974 0 0 1 0 0 -0.999974 0 0.00724305 0 -4446.89 0 -243.002 1 0
0.00724305 0 0.999974 0 0 1 0 0 -0.999974 0 0.00724305 0 -4446.89 0 -243.002 1 0
0.00724305 0 0.999974 0 0 1 0 0 -0.999974 0 0.00724305 0 -4446.89 0 -243.002 1 0
0.00724305 0 0.999974 0 0 1 0 0 -0.999974 0 0.00724305 0 -4446.89 0 -243.002 1 0
0.00724305 0 0.999974 0 0 1 0 0 -0.999974 0 0.00724305 0 -4446.89 0 -243.002 1 0
0.00724305 0 0.999974 0 0 1 0 0 -0.999974 0 0.00724305 0 -4446.89 0 -243.002 1 0
0.00724305 0 0.999974 0 0 1 0 0 -0.999974 0 0.00724305 0 -4446.89 0 -243.002 1 0
0.00724305 0 0.999974 0 0 1 0 0 -0.999974 0 0.00724305 0 -4446.89 0 -243.002 1 0
0.0474954 -0.0759153 0.995982 0 0.0595371 0.99555 0.0730432 0 -0.997096 0.0558287 0.0518039 0 -4265.73 -2.24304 1392.91 1 1
0.0650795 -0.0780977 0.994819 0 0.0521257 0.995838 0.0747677 0 -0.996518 0.0469898 0.0688795 0 -4282.85 -9.93492 1464.52 1 1
0.0650795 -0.0780977 0.994819 0 0.0521257 0.995838 0.0747677 0 -0.996518 0.0469898 0.0688795 0 -4282.85 -9.93492 1464.52 1 2
0.0650795 -0.0780977 0.994819 0 0.0521257 0.995838 0.0747677 0 -0.996518 0.0469898 0.0688795 0 -4282.85 -9.93492 1464.52 1 2
0.0650795 -0.0780977 0.994819 0 0.0521257 0.995838 0.0747677 0 -0.996518 0.0469898 0.0688795 0 -4282.85 -9.93492 1464.52 1 2
0.0650795 -0.0780977 0.994819 0 0.0521257 0.995838 0.0747677 0 -0.996518 0.0469898 0.0688795 0 -4282.85 -9.93492 1464.52 1 2
0.0650795 -0.0780977 0.994819 0 0.0521257 0.995838 0.0747677 0 -0.996518 0.0469898 0.0688795 0 -4282.85 -9.93492 1464.52 1 2
0.0650795 -0.0780977 0.994819 0 0.0521257 0.995838 0.0747677 0 -0.996518 0.0469898 0.0688795 0 -4282.85 -9.93492 1464.52 1 2
0.0650795 -0.0780977 0.994819 0 0.0521257 0.995838 0.0747677 0 -0.996518 0.0469898 0.0688795 0 -4282.85 -9.93492 1464.52 1 2
0.0650795 -0.0780977 0.994819 0 0.0521257 0.995838 0.0747677 0 -0.996518 0.0469898 0.0688795 0 -4282.85 -9.93492 1464.52 1 2
0.0650795 -0.0780977 0.994819 0 0.0521257 0.995838 0.0747677 0 -0.996518 0.0469898 0.0688795 0 -4282.85 -9.93492 1464.52 1 2
0.0650795 -0.0780977 0.994819 0 0.0521257 0.995838 0.0747677 0 -0.996518 0.0469898 0.0688795 0 -4282.85 -9.93492 1464.52 1 2
0.0650795 -0.0780977 0.994819 0 0.0521257 0.995838 0.0747677 0 -0.996518 0.0469898 0.0688795 0 -4282.85 -9.93492 1464.52 1 2
0.0650795 -0.0780977 0.994819 0 0.0521257 0.995838 0.0747677 0 -0.996518 0.0469898 0.0688795 0 -4282.85 -9.93492 1464.52 1 2
0.0650795 -0.0780977 0.994819 0 0.0521257 0.995838 0.0747677 0 -0.996518 0.0469898 0.0688795 0 -4282.85 -9.93492 1464.52 1 2
0.0650795 -0.0780977 0.994819 0 0.0521257 0.995838 0.0747677 0 -0.996518 0.0469898 0.0688795 0 -4282.85 -9.93492 1464.52 1 2
0.0650795 -0.0780977 0.994819 0 0.0521257 0.995838 0.0747677 0 -0.996518 0.0469898 0.0688795 0 -4282.85 -9.93492 1464.52 1 2
0.0650795 -0.0780977 0.994819 0 0.0521257 0.995838 0.0747677 0 -0.996518 0.0469898 0.0688795 0 -4282.85 -9.93492 1464.52 1 2
0.0650795 -0.0780977 0.994819 0 0.0521257 0.995838 0.0747677 0 -0.996518 0.0469898 0.0688795 0 -4282.85 -9.93492 1464.52 1 2
0.0650795 -0.0780977 0.994819 0 0.0521257 0.995838 0.0747677 0 -0.996518 0.0469898 0.0688795 0 -4282.85 -9.93492 1464.52 1 2
0.0650795 -0.0780977 0.994819 0 0.0521257 0.995838 0.0747677 0 -0.996518 0.0469898 0.0688795 0 -4282.85 -9.93492 1464.52 1 2
0.0650795 -0.0780977 0.994819 0 0.0521257 0.995838 0.0747677 0 -0.996518 0.0469898 0.0688795 0 -4282.85 -9.93492 1464.52 1 2
0.0650795 -0.0780977 0.994819 0 0.0521257 0.995838 0.0747677 0 -0.996518 0.0469898 0.0688795 0 -4282.85 -9.93492 1464.52 1 2
0.0650795 -0.0780977 0.994819 0 0.0521257 0.995838 0.0747677 0 -0.996518 0.0469898 0.0688795 0 -4282.85 -9.93492 1464.52 1 2
0.0650795 -0.0780977 0.994819 0 0.0521257 0.995838 0.0747677 0 -0.996518 0.0469898 0.0688795 0 -4282.85 -9.93492 1464.52 1 2
0.0650795 -0.0780977 0.994819 0 0.0521257 0.995838 0.0747677 0 -0.996518 0.0469898 0.0688795 0 -4282.85 -9.93492 1464.52 1 2
0.0650795 -0.0780977 0.994819 0 0.0521257 0.995838 0.0747677 0 -0.996518 0.0469898 0.0688795 0 -4282.85 -9.93492 1464.52 1 2
0.0650795 -0.0780977 0.994819 0 0.0521257 0.995838 0.0747677 0 -0.996518 0.0469898 0.0688795 0 -4282.85 -9.93492 1464.52 1 2
0.0650795 -0.0780977 0.994819 0 0.0521257 0.995838 0.0747677 0 -0.996518 0.0469898 0.0688795 0 -4282.85 -9.93492 1464.52 1 2
0.0650795 -0.0780977 0.994819 0 0.0521257 0.995838 0.0747677 0 -0.996518 0.0469898 0.0688795 0 -4282.85 -9.93492 1464.52 1 2
0.0650795 -0.0780977 0.994819 0 0.0521257 0.995838 0.0747677 0 -0.996518 0.0469898 0.0688795 0 -4282.85 -9.93492 1464.52 1 2
0.0650795 -0.0780977 0.994819 0 0.0521257 0.995838 0.0747677 0 -0.996518 0.0469898 0.0688795 0 -4282.85 -9.93492 1464.52 1 2
0.0650795 -0.0780977 0.994819 0 0.0521257 0.995838 0.0747677 0 -0.996518 0.0469898 0.0688795 0 -4282.85 -9.93492 1464.52 1 2
0.0650795 -0.0780977 0.994819 0 0.0521257 0.995838 0.0747677 0 -0.996518 0.0469898 0.0688795 0 -4282.85 -9.93492 1464.52 1 2
0.0650795 -0.0780977 0.994819 0 0.0521257 0.995838 0.0747677 0 -0.996518 0.0469898 0.0688795 0 -4282.85 -9.93492 1464.52 1 2
0.0650795 -0.0780977 0.994819 0 0.0521257 0.995838 0.0747677 0 -0.996518 0.0469898 0.0688795 0 -4282.85 -9.93492 1464.52 1 2
0.0650795 -0.0780977 0.994819 0 0.0521257 0.995838 0.0747677 0 -0.996518 0.0469898 0.0688795 0 -4282.85 -9.93492 1464.52 1 2
0.0650795 -0.0780977 0.994819 0 0.0521257 0.995838 0.0747677 0 -0.996518 0.0469898 0.0688795 0 -4282.85 -9.93492 1464.52 1 2
0.0650795 -0.0780977 0.994819 0 0.0521257 0.995838 0.0747677 0 -0.996518 0.0469898 0.0688795 0 -4282.85 -9.93492 1464.52 1 2
0.0650795 -0.0780977 0.994819 0 0.0521257 0.995838 0.0747677 0 -0.996518 0.0469898 0.0688795 0 -4282.85 -9.93492 1464.52 1 2
0.0650795 -0.0780977 0.994819 0 0.0521257 0.995838 0.0747677 0 -0.996518 0.0469898 0.0688795 0 -4282.85 -9.93492 1464.52 1 2
0.0650795 -0.0780977 0.994819 0 0.0521257 0.995838 0.0747677 0 -0.996518 0.0469898 0.0688795 0 -4282.85 -9.93492 1464.52 1 2
0.0650795 -0.0780977 0.994819 0 0.0521257 0.995838 0.0747677 0 -0.996518 0.0469898 0.0688795 0 -4282.85 -9.93492 1464.52 1 2
0.0650795 -0.0780977 0.994819 0 0.0521257 0.995838 0.0747677 0 -0.996518 0.0469898 0.0688795 0 -4282.85 -9.93492 1464.52 1 2
0.0650795 -0.0780977 0.994819 0 0.0521257 0.995838 0.0747677 0 -0.996518 0.0469898 0.0688795 0 -4282.85 -9.93492 1464.52 1 2
0.0650795 -0.0780977 0.994819 0 0.0521257 0.995838 0.0747677 0 -0.996518 0.0469898 0.0688795 0 -4282.85 -9.93492 1464.52 1 2
0.0650795 -0.0780977 0.994819 0 0.0521257 0.995838 0.0747677 0 -0.996518 0.0469898 0.0688795 0 -4282.85 -9.93492 1464.52 1 2
0.0650795 -0.0780977 0.994819 0 0.0521257 0.995838 0.0747677 0 -0.996518 0.0469898 0.0688795 0 -4282.85 -9.93492 1464.52 1 2
0.0650795 -0.0780977 0.994819 0 0.0521257 0.995838 0.0747677 0 -0.996518 0.0469898 0.0688795 0 -4282.85 -9.93492 1464.52 1 2
0.0650795 -0.0780977 0.994819 0 0.0521257 0.995838 0.0747677 0 -0.996518 0.0469898 0.0688795 0 -4282.85 -9.93492 1464.52 1 2
0.0650795 -0.0780977 0.994819 0 0.0521257 0.995838 0.0747677 0 -0.996518 0.0469898 0.0688795 0 -4282.85 -9.93492 1464.52 1 2
0.0650795 -0.0780977 0.994819 0 0.0521257 0.995838 0.0747677 0 -0.996518 0.0469898 0.0688795 0 -4282.85 -9.93492 1464.52 1 2
0.0650795 -0.0780977 0.994819 0 0.0521257 0.995838 0.0747677 0 -0.996518 0.0469898 0.0688795 0 -4282.85 -9.93492 1464.52 1 2
0.0650795 -0.0780977 0.994819 0 0.0521257 0.995838 0.0747677 0 -0.996518 0.0469898 0.0688795 0 -4282.85 -9.93492 1464.52 1 2
0.0650795 -0.0780977 0.994819 0 0.0521257 0.995838 0.0747677 0 -0.996518 0.0469898 0.0688795 0 -4282.85 -9.93492 1464.52 1 2
0.0650795 -0.0780977 0.994819 0 0.0521257 0.995838 0.0747677 0 -0.996518 0.0469898 0.0688795 0 -4282.85 -9.93492 1464.52 1 2
0.0650795 -0.0780977 0.994819 0 0.0521257 0.995838 0.0747677 0 -0.996518 0.0469898 0.0688795 0 -4282.85 -9.93492 1464.52 1 2
0.0650795 -0.0780977 0.994819 0 0.0521257 0.995838 0.0747677 0 -0.996518 0.0469898 0.0688795 0 -4282.85 -9.93492 1464.52 1 2
0.0650795 -0.0780977 0.994819 0 0.0521257 0.995838 0.0747677 0 -0.996518 0.0469898 0.0688795 0 -4282.85 -9.93492 1464.52 1 2
0.0650795 -0.0780977 0.994819 0 0.0521257 0.995838 0.0747677 0 -0.996518 0.0469898 0.0688795 0 -4282.85 -9.93492 1464.52 1 2
0.0650795 -0.0780977 0.994819 0 0.0521257 0.995838 0.0747677 0 -0.996518 0.0469898 0.0688795 0 -4282.85 -9.93492 1464.52 1 2
0.0650795 -0.0780977 0.994819 0 0.0521257 0.995838 0.0747677 0 -0.996518 0.0469898 0.0688795 0 -4282.85 -9.93492 1464.52 1 2
0.0650795 -0.0780977 0.994819 0 0.0521257 0.995838 0.0747677 0 -0.996518 0.0469898 0.0688795 0 -4282.85 -9.93492 1464.52 1 2
0.0650795 -0.0780977 0.994819 0 0.0521257 0.995838 0.0747677 0 -0.996518 0.0469898 0.0688795 0 -4282.85 -9.93492 1464.52 1 2
0.0650795 -0.0780977 0.994819 0 0.0521257 0.995838 0.0747677 0 -0.996518 0.0469898 0.0688795 0 -4282.85 -9.93492 1464.52 1 2
0.0650795 -0.0780977 0.994819 0 0.0521257 0.995838 0.0747677 0 -0.996518 0.0469898 0.0688795 0 -4282.85 -9.93492 1464.52 1 2
0.0650795 -0.0780977 0.994819 0 0.0521257 0.995838 0.0747677 0 -0.996518 0.0469898 0.0688795 0 -4282.85 -9.93492 1464.52 1 2
0.0650795 -0.0780977 0.994819 0 0.0521257 0.995838 0.0747677 0 -0.996518 0.0469898 0.0688795 0 -4282.85 -9.93492 1464.52 1 2
0.0650795 -0.0780977 0.994819 0 0.0521257 0.995838 0.0747677 0 -0.996518 0.0469898 0.0688795 0 -4282.85 -9.93492 1464.52 1 2
0.0650795 -0.0780977 0.994819 0 0.0521257 0.995838 0.0747677 0 -0.996518 0.0469898 0.0688795 0 -4282.85 -9.93492 1464.52 1 2
0.0650795 -0.0780977 0.994819 0 0.0521257 0.995838 0.0747677 0 -0.996518 0.0469898 0.0688795 0 -4282.85 -9.93492 1464.52 1 2
0.0650795 -0.0780977 0.994819 0 0.0521257 0.995838 0.0747677 0 -0.996518 0.0469898 0.0688795 0 -4282.85 -9.93492 1464.52 1 2
0.0650795 -0.0780977 0.994819 0 0.0521257 0.995838 0.0747677 0 -0.996518 0.0469898 0.0688795 0 -4282.85 -9.93492 1464.52 1 2
0.0650795 -0.0780977 0.994819 0 0.0521257 0.995838 0.0747677 0 -0.996518 0.0469898 0.0688795 0 -4282.85 -9.93492 1464.52 1 2
0.0650795 -0.0780977 0.994819 0 0.0521257 0.995838 0.0747677 0 -0.996518 0.0469898 0.0688795 0 -4282.85 -9.93492 1464.52 1 2
0.0650795 -0.0780977 0.994819 0 0.0521257 0.995838 0.0747677 0 -0.996518 0.0469898 0.0688795 0 -4282.85 -9.93492 1464.52 1 2
0.0617008 -0.0877385 0.994231 0 0.045784 0.995329 0.0849942 0 -0.997044 0.0402757 0.0654297 0 -4285.08 -30.6309 1459.18 1 3
0.0590526 -0.0936103 0.993856 0 0.0401708 0.99501 0.0913321 0 -0.997446 0.0345306 0.0625183 0 -4286.92 -46.4535 1452.8 1 3
0.057148 -0.0978689 0.993557 0 0.0349958 0.994768 0.0959753 0 -0.997752 0.0292855 0.060274 0 -4288.06 -61.3594 1447.2 1 3
0.0555739 -0.101656 0.993266 0 0.0292219 0.994543 0.100152 0 -0.998027 0.0234593 0.0582412 0 -4289.33 -80.5209 1443.69 1 3
0.0547152 -0.104371 0.993032 0 0.0237121 0.994377 0.103206 0 -0.99822 0.0178999 0.0568824 0 -4290.07 -99.0871 1440.97 1 3
0.0545719 -0.105516 0.992919 0 0.0182317 0.99434 0.104665 0 -0.998343 0.0123908 0.0561868 0 -4289.8 -117.238 1440.03 1 3
0.0548809 -0.105183 0.992937 0 0.0124853 0.994431 0.104651 0 -0.998415 0.00665375 0.0558884 0 -4288.74 -136.519 1440.5 1 3
0.0554937 -0.104043 0.993023 0 0.00647098 0.994573 0.103844 0 -0.998438 0.000663164 0.0558658 0 -4287.14 -156.115 1441.49 1 3
0.0562586 -0.102296 0.993162 0 0.000605097 0.994741 0.102424 0 -0.998416 -0.00516129 0.0560246 0 -4285.31 -175.597 1443.06 1 3
0.0572073 -0.100496 0.993291 0 -0.00525539 0.994877 0.10096 0 -0.998348 -0.0109958 0.0563861 0 -4283.34 -195.384 1444.67 1 3
0.058335 -0.0981474 0.993461 0 -0.0108991 0.995033 0.0989427 0 -0.998238 -0.0165997 0.0569755 0 -4281.16 -214.468 1447.08 1 3
0.0596224 -0.0955931 0.993633 0 -0.0166522 0.99517 0.0967402 0 -0.998082 -0.022314 0.0577426 0 -4278.43 -234.608 1450.41 1 3
0.0612508 -0.0924427 0.993832 0 -0.022854 0.995311 0.0939887 0 -0.997861 -0.0284699 0.0588509 0 -4275.1 -256.137 1455.33 1 3
0.063125 -0.0886869 0.994057 0 -0.029642 0.995438 0.0906924 0 -0.997565 -0.0351908 0.0602081 0 -4271.14 -278.999 1461.37 1 3
0.0651769 -0.0849813 0.994249 0 -0.035216 0.995551 0.0874011 0 -0.997252 -0.04071 0.0618942 0 -4267.31 -298.079 1467.99 1 3
0.0674285 -0.0815052 0.994389 0 -0.0396625 0.995651 0.0842981 0 -0.996935 -0.0451241 0.0639025 0 -4263.94 -313.265 1475.26 1 3
0.0699584 -0.0787797 0.994434 0 -0.0425541 0.995734 0.0818763 0 -0.996642 -0.0480452 0.0663075 0 -4260.86 -323.61 1482.88 1 3
0.0723641 -0.0759876 0.994479 0 -0.0437619 0.995891 0.0792799 0 -0.996418 -0.0492573 0.0687414 0 -4258.68 -328.088 1490.78 1 3
0.0748386 -0.0724647 0.994559 0 -0.0434745 0.996171 0.0758535 0 -0.996248 -0.0489147 0.0714017 0 -4257.17 -327.237 1500.13 1 3
0.0773838 -0.0683079 0.994659 0 -0.0409641 0.99659 0.0716275 0 -0.996159 -0.0462881 0.0743217 0 -4256.53 -318.387 1511.14 1 3
0.079808 -0.0630812 0.994812 0 -0.0355449 0.997181 0.0660829 0 -0.996176 -0.0406345 0.0773407 0 -4257.44 -298.823 1523.73 1 3
0.0824046 -0.0584695 0.994882 0 -0.0285995 0.997728 0.0610056 0 -0.996189 -0.0334803 0.0805452 0 -4258.95 -274.957 1537.35 1 3
0.0850316 -0.0545979 0.994881 0 -0.0211485 0.998174 0.0565862 0 -0.996154 -0.0258519 0.0837217 0 -4260.4 -249.409 1550.41 1 3
0.0879269 -0.0517 0.994784 0 -0.0140571 0.998488 0.053135 0 -0.996028 -0.0186557 0.0870672 0 -4261.5 -224.762 1563.47 1 3
0.0905814 -0.049609 0.994653 0 -0.00739382 0.998697 0.0504841 0 -0.995862 -0.0119272 0.0900966 0 -4262.4 -202.616 1575.02 1 3
0.0928778 -0.0480957 0.994515 0 -0.00176799 0.998823 0.0484691 0 -0.995676 -0.00626 0.0926835 0 -4263.5 -184.046 1584.23 1 3
0.0948606 -0.0472705 0.994368 0 0.00280762 0.998881 0.0472172 0 -0.995487 -0.00168725 0.0948872 0 -4264.63 -168.617 1591.71 1 3
0.0966338 -0.0468839 0.994215 0 0.00662732 0.998898 0.0464606 0 -0.995298 0.00209932 0.096838 0 -4265.82 -156.1 1597.8 1 3
0.0983347 -0.0471266 0.994037 0 0.00975443 0.998876 0.046391 0 -0.995106 0.00513441 0.0986839 0 -4266.58 -146.228 1603.43 1 3
0.0997097 -0.047596 0.993878 0 0.0122293 0.998838 0.0466067 0 -0.994941 0.00750733 0.100176 0 -4267.57 -138.841 1607.49 1 3
0.100807 -0.0479955 0.993748 0 0.0143128 0.998802 0.0467877 0 -0.994803 0.00950677 0.101374 0 -4268.5 -132.626 1610.56 1 3
0.101752 -0.0483535 0.993634 0 0.016083 0.998767 0.0469563 0 -0.99468 0.0112027 0.102404 0 -4269.38 -127.61 1613.15 1 3
0.102681 -0.048821 0.993516 0 0.0175248 0.998729 0.0472659 0 -0.99456 0.0125578 0.103406 0 -4270.06 -123.721 1615.57 1 3
0.103541 -0.0491975 0.993408 0 0.0185701 0.998697 0.047524 0 -0.994452 0.013527 0.10432 0 -4270.56 -121.082 1617.71 1 3
0.104279 -0.0495752 0.993312 0 0.0195734 0.998666 0.0477876 0 -0.994356 0.0144593 0.10511 0 -4270.99 -118.462 1619.59 1 3
0.105012 -0.0495178 0.993237 0 0.0201053 0.998661 0.0476625 0 -0.994268 0.0149642 0.105867 0 -4271.32 -116.522 1622.02 1 3
0.105628 -0.0495567 0.99317 0 0.0205428 0.998653 0.0476455 0 -0.994194 0.0153698 0.106504 0 -4271.69 -115.17 1624.02 1 3
0.106256 -0.0496474 0.993099 0 0.0209455 0.998643 0.0476835 0 -0.994118 0.0157343 0.107152 0 -4271.94 -113.97 1625.91 1 3
0.106807 -0.0496547 0.993039 0 0.0211713 0.998639 0.0476576 0 -0.994054 0.0159338 0.107713 0 -4272.21 -113.158 1627.63 1 3
0.107282 -0.0497451 0.992983 0 0.0215086 0.99863 0.0477042 0 -0.993996 0.0162399 0.108205 0 -4272.54 -112.135 1628.98 1 3
0.107673 -0.0499323 0.992932 0 0.0217647 0.998617 0.047858 0 -0.993948 0.0164578 0.108611 0 -4272.91 -111.523 1629.78 1 3
0.108351 -0.0504148 0.992833 0 0.021722 0.998595 0.0483368 0 -0.993875 0.016329 0.109294 0 -4273.1 -112.5 1631.34 1 3
0.108182 -0.0510389 0.99282 0 0.0219365 0.998561 0.0489437 0 -0.993889 0.0164842 0.109146 0 -4274.56 -112.32 1629.29 1 3
0.108116 -0.051516 0.992803 0 0.0222886 0.998531 0.049386 0 -0.993888 0.0167887 0.109105 0 -4275.77 -111.704 1628 1 3
0.108118 -0.0519607 0.992779 0 0.0226484 0.998503 0.0497938 0 -0.99388 0.0171013 0.109133 0 -4276.81 -110.939 1627.1 1 3
0.108298 -0.0522903 0.992742 0 0.0228707 0.998482 0.0500977 0 -0.993855 0.0172792 0.10933 0 -4277.55 -110.476 1626.7 1 3
0.108548 -0.0527004 0.992693 0 0.0231665 0.998457 0.0504732 0 -0.993821 0.0175184 0.109601 0 -4278.23 -109.714 1626.59 1 3
0.108791 -0.0530187 0.99265 0 0.0233637 0.998437 0.0507672 0 -0.99379 0.017669 0.10986 0 -4278.77 -109.111 1626.83 1 3
0.108991 -0.0532355 0.992616 0 0.0234933 0.998424 0.0509674 0 -0.993765 0.0177648 0.11007 0 -4279.2 -108.522 1627.04 1 3
0.109106 -0.0535248 0.992588 0 0.0237502 0.998405 0.0512278 0 -0.993746 0.0179849 0.110203 0 -4279.64 -107.788 1627.1 1 3
