-0.150553 0 -0.988602 0 0 1 0 0 0.988602 0 -0.150553 0 -3789.2 0 -2976.84 1 0
-0.150553 0 -0.988602 0 0 1 0 0 0.988602 0 -0.150553 0 -3789.2 0 -2976.84 1 0
-0.150553 0 -0.988602 0 0 1 0 0 0.988602 0 -0.150553 0 -3789.2 0 -2976.84 1 0
-0.150553 0 -0.988602 0 0 1 0 0 0.988602 0 -0.150553 0 -3789.2 0 -2976.84 1 0
-0.150553 0 -0.988602 0 0 1 0 0 0.988602 0 -0.150553 0 -3789.2 0 -2976.84 1 0
-0.150553 0 -0.988602 0 0 1 0 0 0.988602 0 -0.150553 0 -3789.2 0 -2976.84 1 0
-0.150553 0 -0.988602 0 0 1 0 0 0.988602 0 -0.150553 0 -3789.2 0 -2976.84 1 0
-0.150553 0 -0.988602 0 0 1 0 0 0.988602 0 -0.150553 0 -3789.2 0 -2976.84 1 0
-0.150553 0 -0.988602 0 0 1 0 0 0.988602 0 -0.150553 0 -3789.2 0 -2976.84 1 0
-0.150553 0 -0.988602 0 0 1 0 0 0.988602 0 -0.150553 0 -3789.2 0 -2976.84 1 0
-0.150553 0 -0.988602 0 0 1 0 0 0.988602 0 -0.150553 0 -3789.2 0 -2976.84 1 0
-0.150553 0 -0.988602 0 0 1 0 0 0.988602 0 -0.150553 0 -3789.2 0 -2976.84 1 0
-0.150553 0 -0.988602 0 0 1 0 0 0.988602 0 -0.150553 0 -3789.2 0 -2976.84 1 0
-0.150553 0 -0.988602 0 0 1 0 0 0.988602 0 -0.150553 0 -3789.2 0 -2976.84 1 0
-0.150553 0 -0.988602 0 0 1 0 0 0.988602 0 -0.150553 0 -3789.2 0 -2976.84 1 0
-0.150553 0 -0.988602 0 0 1 0 0 0.988602 0 -0.150553 0 -3789.2 0 -2976.84 1 0
-0.150553 0 -0.988602 0 0 1 0 0 0.988602 0 -0.150553 0 -3789.2 0 -2976.84 1 0
-0.150553 0 -0.988602 0 0 1 0 0 0.988602 0 -0.150553 0 -3789.2 0 -2976.84 1 0
-0.150553 0 -0.988602 0 0 1 0 0 0.988602 0 -0.150553 0 -3789.2 0 -2976.84 1 0
-0.150553 0 -0.988602 0 0 1 0 0 0.988602 0 -0.150553 0 -3789.2 0 -2976.84 1 0
-0.150553 0 -0.988602 0 0 1 0 0 0.988602 0 -0.150553 0 -3789.2 0 -2976.84 1 0
-0.150553 0 -0.988602 0 0 1 0 0 0.988602 0 -0.150553 0 -3789.2 0 -2976.84 1 0
-0.150553 0 -0.988602 0 0 1 0 0 0.988602 0 -0.150553 0 -3789.2 0 -2976.84 1 0
-0.150553 0 -0.988602 0 0 1 0 0 0.988602 0 -0.150553 0 -3789.2 0 -2976.84 1 0
-0.150553 0 -0.988602 0 0 1 0 0 0.988602 0 -0.150553 0 -3789.2 0 -2976.84 1 0
-0.150553 0 -0.988602 0 0 1 0 0 0.988602 0 -0.150553 0 -3789.2 0 -2976.84 1 0
-0.150553 0 -0.988602 0 0 1 0 0 0.988602 0 -0.150553 0 -3789.2 0 -2976.84 1 0
-0.150553 0 -0.988602 0 0 1 0 0 0.988602 0 -0.150553 0 -3789.2 0 -2976.84 1 0
-0.150553 0 -0.988602 0 0 1 0 0 0.988602 0 -0.150553 0 -3789.2 0 -2976.84 1 0
-0.150553 0 -0.988602 0 0 1 0 0 0.988602 0 -0.150553 0 -3789.2 0 -2976.84 1 0
-0.150553 0 -0.988602 0 0 1 0 0 0.988602 0 -0.150553 0 -3789.2 0 -2976.84 1 0
-0.150553 0 -0.988602 0 0 1 0 0 0.988602 0 -0.150553 0 -3789.2 0 -2976.84 1 0
-0.150553 0 -0.988602 0 0 1 0 0 0.988602 0 -0.150553 0 -3789.2 0 -2976.84 1 0
-0.150553 0 -0.988602 0 0 1 0 0 0.988602 0 -0.150553 0 -3789.2 0 -2976.84 1 0
-0.150553 0 -0.988602 0 0 1 0 0 0.988602 0 -0.150553 0 -3789.2 0 -2976.84 1 0
-0.150553 0 -0.988602 0 0 1 0 0 0.988602 0 -0.150553 0 -3789.2 0 -2976.84 1 0
-0.150553 0 -0.988602 0 0 1 0 0 0.988602 0 -0.150553 0 -3789.2 0 -2976.84 1 0
-0.150553 0 -0.988602 0 0 1 0 0 0.988602 0 -0.150553 0 -3789.2 0 -2976.84 1 0
-0.150553 0 -0.988602 0 0 1 0 0 0.988602 0 -0.150553 0 -3789.2 0 -2976.84 1 0
-0.150553 0 -0.988602 0 0 1 0 0 0.988602 0 -0.150553 0 -3789.2 0 -2976.84 1 0
-0.150553 0 -0.988602 0 0 1 0 0 0.988602 0 -0.150553 0 -3789.2 0 -2976.84 1 0
-0.150553 0 -0.988602 0 0 1 0 0 0.988602 0 -0.150553 0 -3789.2 0 -2976.84 1 0
-0.150553 0 -0.988602 0 0 1 0 0 0.988602 0 -0.150553 0 -3789.2 0 -2976.84 1 0
-0.150553 0 -0.988602 0 0 1 0 0 0.988602 0 -0.150553 0 -3789.2 0 -2976.84 1 0
-0.150553 0 -0.988602 0 0 1 0 0 0.988602 0 -0.150553 0 -3789.2 0 -2976.84 1 0
-0.150553 0 -0.988602 0 0 1 0 0 0.988602 0 -0.150553 0 -3789.2 0 -2976.84 1 0
-0.150553 0 -0.988602 0 0 1 0 0 0.988602 0 -0.150553 0 -3789.2 0 -2976.84 1 0
-0.150553 0 -0.988602 0 0 1 0 0 0.988602 0 -0.150553 0 -3789.2 0 -2976.84 1 0
-0.150553 0 -0.988602 0 0 1 0 0 0.988602 0 -0.150553 0 -3789.2 0 -2976.84 1 0
-0.150553 0 -0.988602 0 0 1 0 0 0.988602 0 -0.150553 0 -3789.2 0 -2976.84 1 0
-0.150553 0 -0.988602 0 0 1 0 0 0.988602 0 -0.150553 0 -3789.2 0 -2976.84 1 0
-0.150553 0 -0.988602 0 0 1 0 0 0.988602 0 -0.150553 0 -3789.2 0 -2976.84 1 0
-0.150553 0 -0.988602 0 0 1 0 0 0.988602 0 -0.150553 0 -3789.2 0 -2976.84 1 0
-0.150553 0 -0.988602 0 0 1 0 0 0.988602 0 -0.150553 0 -3789.2 0 -2976.84 1 0
-0.150553 0 -0.988602 0 0 1 0 0 0.988602 0 -0.150553 0 -3789.2 0 -2976.84 1 0
-0.150553 0 -0.988602 0 0 1 0 0 0.988602 0 -0.150553 0 -3789.2 0 -2976.84 1 0
-0.150553 0 -0.988602 0 0 1 0 0 0.988602 0 -0.150553 0 -3789.2 0 -2976.84 1 0
-0.150553 0 -0.988602 0 0 1 0 0 0.988602 0 -0.150553 0 -3789.2 0 -2976.84 1 0
-0.150553 0 -0.988602 0 0 1 0 0 0.988602 0 -0.150553 0 -3789.2 0 -2976.84 1 0
-0.150553 0 -0.988602 0 0 1 0 0 0.988602 0 -0.150553 0 -3789.2 0 -2976.84 1 0
-0.150553 0 -0.988602 0 0 1 0 0 0.988602 0 -0.150553 0 -3789.2 0 -2976.84 1 0
-0.150553 0 -0.988602 0 0 1 0 0 0.988602 0 -0.150553 0 -3789.2 0 -2976.84 1 0
-0.150553 0 -0.988602 0 0 1 0 0 0.988602 0 -0.150553 0 -3789.2 0 -2976.84 1 0
-0.150553 0 -0.988602 0 0 1 0 0 0.988602 0 -0.150553 0 -3789.2 0 -2976.84 1 0
-0.150553 0 -0.988602 0 0 1 0 0 0.988602 0 -0.150553 0 -3789.2 0 -2976.84 1 0
-0.150553 0 -0.988602 0 0 1 0 0 0.988602 0 -0.150553 0 -3789.2 0 -2976.84 1 0
-0.150553 0 -0.988602 0 0 1 0 0 0.988602 0 -0.150553 0 -3789.2 0 -2976.84 1 0
-0.150553 0 -0.988602 0 0 1 0 0 0.988602 0 -0.150553 0 -3789.2 0 -2976.84 1 0
-0.150553 0 -0.988602 0 0 1 0 0 0.988602 0 -0.150553 0 -3789.2 0 -2976.84 1 0
-0.150553 0 -0.988602 0 0 1 0 0 0.988602 0 -0.150553 0 -3789.2 0 -2976.84 1 0
-0.150553 0 -0.988602 0 0 1 0 0 0.988602 0 -0.150553 0 -3789.2 0 -2976.84 1 0
-0.150553 0 -0.988602 0 0 1 0 0 0.988602 0 -0.150553 0 -3789.2 0 -2976.84 1 0
-0.150553 0 -0.988602 0 0 1 0 0 0.988602 0 -0.150553 0 -3789.2 0 -2976.84 1 0
-0.150553 0 -0.988602 0 0 1 0 0 0.988602 0 -0.150553 0 -3789.2 0 -2976.84 1 0
-0.150553 0 -0.988602 0 0 1 0 0 0.988602 0 -0.150553 0 -3789.2 0 -2976.84 1 0
-0.150553 0 -0.988602 0 0 1 0 0 0.988602 0 -0.150553 0 -3789.2 0 -2976.84 1 0
-0.150553 0 -0.988602 0 0 1 0 0 0.988602 0 -0.150553 0 -3789.2 0 -2976.84 1 0
-0.150553 0 -0.988602 0 0 1 0 0 0.988602 0 -0.150553 0 -3789.2 0 -2976.84 1 0
-0.150553 0 -0.988602 0 0 1 0 0 0.988602 0 -0.150553 0 -3789.2 0 -2976.84 1 0
-0.150553 0 -0.988602 0 0 1 0 0 0.988602 0 -0.150553 0 -3789.2 0 -2976.84 1 0
-0.150553 0 -0.988602 0 0 1 0 0 0.988602 0 -0.150553 0 -3789.2 0 -2976.84 1 0
-0.150553 0 -0.988602 0 0 1 0 0 0.988602 0 -0.150553 0 -3789.2 0 -2976.84 1 0
-0.150553 0 -0.988602 0 0 1 0 0 0.988602 0 -0.150553 0 -3789.2 0 -2976.84 1 0
-0.150553 0 -0.988602 0 0 1 0 0 0.988602 0 -0.150553 0 -3789.2 0 -2976.84 1 0
-0.250112 0.124119 -0.960228 0 -0.0253461 0.99057 0.134643 0 0.967885 0.0580139 -0.244608 0 -4850 331.167 -1278.62 1 1
-0.250536 0.121351 -0.960472 0 -0.0281944 0.990777 0.132534 0 0.967697 0.0602845 -0.244804 0 -4861.65 341.067 -1356.27 1 1
-0.250536 0.121351 -0.960472 0 -0.0281944 0.990777 0.132534 0 0.967697 0.0602845 -0.244804 0 -4861.65 341.067 -1356.27 1 2
-0.250536 0.121351 -0.960472 0 -0.0281944 0.990777 0.132534 0 0.967697 0.0602845 -0.244804 0 -4861.65 341.067 -1356.27 1 2
-0.250536 0.121351 -0.960472 0 -0.0281944 0.990777 0.132534 0 0.967697 0.0602845 -0.244804 0 -4861.65 341.067 -1356.27 1 2
-0.250536 0.121351 -0.960472 0 -0.0281944 0.990777 0.132534 0 0.967697 0.0602845 -0.244804 0 -4861.65 341.067 -1356.27 1 2
-0.250536 0.121351 -0.960472 0 -0.0281944 0.990777 0.132534 0 0.967697 0.0602845 -0.244804 0 -4861.65 341.067 -1356.27 1 2
-0.250536 0.121351 -0.960472 0 -0.0281944 0.990777 0.132534 0 0.967697 0.0602845 -0.244804 0 -4861.65 341.067 -1356.27 1 2
-0.250536 0.121351 -0.960472 0 -0.0281944 0.990777 0.132534 0 0.967697 0.0602845 -0.244804 0 -4861.65 341.067 -1356.27 1 2
-0.250536 0.121351 -0.960472 0 -0.0281944 0.990777 0.132534 0 0.967697 0.0602845 -0.244804 0 -4861.65 341.067 -1356.27 1 2
-0.250536 0.121351 -0.960472 0 -0.0281944 0.990777 0.132534 0 0.967697 0.0602845 -0.244804 0 -4861.65 341.067 -1356.27 1 2
-0.250536 0.121351 -0.960472 0 -0.0281944 0.990777 0.132534 0 0.967697 0.0602845 -0.244804 0 -4861.65 341.067 -1356.27 1 2
-0.250536 0.121351 -0.960472 0 -0.0281944 0.990777 0.132534 0 0.967697 0.0602845 -0.244804 0 -4861.65 341.067 -1356.27 1 2
-0.250536 0.121351 -0.960472 0 -0.0281944 0.990777 0.132534 0 0.967697 0.0602845 -0.244804 0 -4861.65 341.067 -1356.27 1 2
-0.250536 0.121351 -0.960472 0 -0.0281944 0.990777 0.132534 0 0.967697 0.0602845 -0.244804 0 -4861.65 341.067 -1356.27 1 2
-0.250536 0.121351 -0.960472 0 -0.0281944 0.990777 0.132534 0 0.967697 0.0602845 -0.244804 0 -4861.65 341.067 -1356.27 1 2
-0.250536 0.121351 -0.960472 0 -0.0281944 0.990777 0.132534 0 0.967697 0.0602845 -0.244804 0 -4861.65 341.067 -1356.27 1 2
-0.250536 0.121351 -0.960472 0 -0.0281944 0.990777 0.132534 0 0.967697 0.0602845 -0.244804 0 -4861.65 341.067 -1356.27 1 2
-0.250536 0.121351 -0.960472 0 -0.0281944 0.990777 0.132534 0 0.967697 0.0602845 -0.244804 0 -4861.65 341.067 -1356.27 1 2
-0.250536 0.121351 -0.960472 0 -0.0281944 0.990777 0.132534 0 0.967697 0.0602845 -0.244804 0 -4861.65 341.067 -1356.27 1 2
-0.250536 0.121351 -0.960472 0 -0.0281944 0.990777 0.132534 0 0.967697 0.0602845 -0.244804 0 -4861.65 341.067 -1356.27 1 2
-0.250536 0.121351 -0.960472 0 -0.0281944 0.990777 0.132534 0 0.967697 0.0602845 -0.244804 0 -4861.65 341.067 -1356.27 1 2
-0.250536 0.121351 -0.960472 0 -0.0281944 0.990777 0.132534 0 0.967697 0.0602845 -0.244804 0 -4861.65 341.067 -1356.27 1 2
-0.250536 0.121351 -0.960472 0 -0.0281944 0.990777 0.132534 0 0.967697 0.0602845 -0.244804 0 -4861.65 341.067 -1356.27 1 2
-0.250536 0.121351 -0.960472 0 -0.0281944 0.990777 0.132534 0 0.967697 0.0602845 -0.244804 0 -4861.65 341.067 -1356.27 1 2
-0.250536 0.121351 -0.960472 0 -0.0281944 0.990777 0.132534 0 0.967697 0.0602845 -0.244804 0 -4861.65 341.067 -1356.27 1 2
-0.250536 0.121351 -0.960472 0 -0.0281944 0.990777 0.132534 0 0.967697 0.0602845 -0.244804 0 -4861.65 341.067 -1356.27 1 2
-0.250536 0.121351 -0.960472 0 -0.0281944 0.990777 0.132534 0 0.967697 0.0602845 -0.244804 0 -4861.65 341.067 -1356.27 1 2
-0.250536 0.121351 -0.960472 0 -0.0281944 0.990777 0.132534 0 0.967697 0.0602845 -0.244804 0 -4861.65 341.067 -1356.27 1 2
-0.250536 0.121351 -0.960472 0 -0.0281944 0.990777 0.132534 0 0.967697 0.0602845 -0.244804 0 -4861.65 341.067 -1356.27 1 2
-0.250536 0.121351 -0.960472 0 -0.0281944 0.990777 0.132534 0 0.967697 0.0602845 -0.244804 0 -4861.65 341.067 -1356.27 1 2
-0.250536 0.121351 -0.960472 0 -0.0281944 0.990777 0.132534 0 0.967697 0.0602845 -0.244804 0 -4861.65 341.067 -1356.27 1 2
-0.250536 0.121351 -0.960472 0 -0.0281944 0.990777 0.132534 0 0.967697 0.0602845 -0.244804 0 -4861.65 341.067 -1356.27 1 2
-0.250536 0.121351 -0.960472 0 -0.0281944 0.990777 0.132534 0 0.967697 0.0602845 -0.244804 0 -4861.65 341.067 -1356.27 1 2
-0.250536 0.121351 -0.960472 0 -0.0281944 0.990777 0.132534 0 0.967697 0.0602845 -0.244804 0 -4861.65 341.067 -1356.27 1 2
-0.250536 0.121351 -0.960472 0 -0.0281944 0.990777 0.132534 0 0.967697 0.0602845 -0.244804 0 -4861.65 341.067 -1356.27 1 2
-0.250536 0.121351 -0.960472 0 -0.0281944 0.990777 0.132534 0 0.967697 0.0602845 -0.244804 0 -4861.65 341.067 -1356.27 1 2
-0.250536 0.121351 -0.960472 0 -0.0281944 0.990777 0.132534 0 0.967697 0.0602845 -0.244804 0 -4861.65 341.067 -1356.27 1 2
-0.250536 0.121351 -0.960472 0 -0.0281944 0.990777 0.132534 0 0.967697 0.0602845 -0.244804 0 -4861.65 341.067 -1356.27 1 2
-0.250536 0.121351 -0.960472 0 -0.0281944 0.990777 0.132534 0 0.967697 0.0602845 -0.244804 0 -4861.65 341.067 -1356.27 1 2
-0.250536 0.121351 -0.960472 0 -0.0281944 0.990777 0.132534 0 0.967697 0.0602845 -0.244804 0 -4861.65 341.067 -1356.27 1 2
-0.250536 0.121351 -0.960472 0 -0.0281944 0.990777 0.132534 0 0.967697 0.0602845 -0.244804 0 -4861.65 341.067 -1356.27 1 2
-0.250536 0.121351 -0.960472 0 -0.0281944 0.990777 0.132534 0 0.967697 0.0602845 -0.244804 0 -4861.65 341.067 -1356.27 1 2
-0.250536 0.121351 -0.960472 0 -0.0281944 0.990777 0.132534 0 0.967697 0.0602845 -0.244804 0 -4861.65 341.067 -1356.27 1 2
-0.253507 0.129972 -0.958562 0 -0.033079 0.989188 0.142873 0 0.966768 0.0679275 -0.246467 0 -4862.69 343.153 -1366.19 1 3
-0.255523 0.13699 -0.957048 0 -0.0367162 0.987821 0.151198 0 0.966106 0.0737738 -0.247381 0 -4864.76 342.869 -1376.6 1 3
-0.25716 0.143616 -0.955637 0 -0.0394918 0.986507 0.158883 0 0.965561 0.0785982 -0.248019 0 -4867.41 339.606 -1385.67 1 3
-0.258581 0.150767 -0.954152 0 -0.0425134 0.985012 0.167165 0 0.965054 0.0837899 -0.248295 0 -4869.63 331.327 -1392.17 1 3
-0.259461 0.156703 -0.952955 0 -0.0451625 0.9837 0.174055 0 0.964697 0.0881984 -0.248154 0 -4871.96 320.137 -1397.12 1 3
-0.260476 0.160209 -0.952095 0 -0.0480452 0.982764 0.178514 0 0.964284 0.0922421 -0.24829 0 -4874.7 303.575 -1400.21 1 3
-0.261691 0.161439 -0.951554 0 -0.0513178 0.982189 0.180749 0 0.963787 0.0961321 -0.248745 0 -4877.63 280.263 -1401.96 1 3
-0.262964 0.161024 -0.951273 0 -0.0548612 0.981883 0.181371 0 0.963245 0.0998822 -0.249366 0 -4880.55 252.938 -1402.96 1 3
-0.264313 0.159322 -0.951186 0 -0.0585528 0.98179 0.180719 0 0.962658 0.103461 -0.250171 0 -4883.34 223.626 -1403.3 1 3
-0.265567 0.157315 -0.951171 0 -0.0623372 0.981731 0.179773 0 0.962075 0.107035 -0.250908 0 -4885.85 193.464 -1403.17 1 3
-0.266877 0.154679 -0.951236 0 -0.0658917 0.981797 0.178135 0 0.961475 0.110219 -0.251827 0 -4888.54 162.524 -1402.16 1 3
-0.268302 0.151572 -0.951336 0 -0.0696769 0.981904 0.176093 0 0.960812 0.113532 -0.252886 0 -4891.19 129.552 -1399.97 1 3
-0.269843 0.147539 -0.951534 0 -0.0736474 0.982135 0.173169 0 0.960084 0.116806 -0.254156 0 -4893.95 92.6171 -1395.87 1 3
-0.271515 0.142755 -0.951788 0 -0.0779675 0.982425 0.169592 0 0.959271 0.120255 -0.255613 0 -4896.88 51.9686 -1390.43 1 3
-0.27319 0.137902 -0.952024 0 -0.0814203 0.982805 0.165725 0 0.958508 0.122788 -0.257265 0 -4899.94 15.3714 -1384.16 1 3
-0.274813 0.133262 -0.952218 0 -0.0840451 0.983229 0.161858 0 0.957817 0.12451 -0.259004 0 -4903.31 -15.9211 -1376.75 1 3
-0.276586 0.129481 -0.952226 0 -0.0853222 0.983659 0.158538 0 0.957194 0.125096 -0.261019 0 -4907.62 -39.3377 -1368.24 1 3
-0.278218 0.125461 -0.952289 0 -0.0849717 0.984331 0.154508 0 0.956752 0.123905 -0.263198 0 -4912.45 -56.5548 -1359.32 1 3
-0.279879 0.120128 -0.95249 0 -0.0832548 0.985366 0.148738 0 0.956418 0.120928 -0.265782 0 -4917.98 -70.9275 -1348.75 1 3
-0.28162 0.113362 -0.952806 0 -0.0793115 0.986848 0.140854 0 0.956243 0.115236 -0.268925 0 -4924.83 -79.1833 -1336.2 1 3
-0.283345 0.104903 -0.953263 0 -0.0727577 0.988783 0.130438 0 0.956254 0.106316 -0.272535 0 -4932.87 -79.0097 -1321.85 1 3
-0.285312 0.0969867 -0.953515 0 -0.0654698 0.990571 0.120346 0 0.956196 0.0967625 -0.276272 0 -4941.83 -71.4265 -1305.65 1 3
-0.287394 0.0898204 -0.953592 0 -0.0583955 0.992098 0.111047 0 0.956031 0.0875996 -0.279878 0 -4950.71 -59.1705 -1289.59 1 3
-0.29004 0.0841066 -0.953312 0 -0.0516744 0.993301 0.103356 0 0.955618 0.0792393 -0.283751 0 -4959.57 -43.7789 -1273.15 1 3
-0.292705 0.0795268 -0.95289 0 -0.0457991 0.994226 0.0970449 0 0.955105 0.072047 -0.287372 0 -4967.87 -27.8462 -1258.2 1 3
-0.295011 0.0760109 -0.952466 0 -0.0408778 0.994914 0.0920597 0 0.954619 0.0660933 -0.290404 0 -4975.25 -13.6505 -1245.83 1 3
-0.297104 0.0734536 -0.952016 0 -0.0368428 0.995412 0.0882998 0 0.954134 0.0613091 -0.293034 0 -4981.93 -0.751837 -1235.51 1 3
-0.298893 0.0717326 -0.951587 0 -0.0335918 0.995762 0.0856138 0 0.953695 0.0575549 -0.295216 0 -4987.84 10.4706 -1226.84 1 3
-0.300669 0.0708026 -0.951097 0 -0.0309143 0.995993 0.0839177 0 0.953227 0.0546339 -0.297275 0 -4993.23 20.9774 -1218.67 1 3
-0.302043 0.0703 -0.950699 0 -0.0287856 0.99615 0.0828063 0 0.95286 0.0523775 -0.298856 0 -4997.85 29.7348 -1212.27 1 3
-0.303091 0.0699617 -0.95039 0 -0.0270502 0.996268 0.0819656 0 0.952578 0.0505513 -0.300068 0 -5001.82 37.1328 -1207.17 1 3
-0.303958 0.0698493 -0.950121 0 -0.025626 0.996348 0.0814459 0 0.952341 0.049104 -0.301059 0 -5005.26 43.4617 -1202.83 1 3
-0.304771 0.0700245 -0.949848 0 -0.0244148 0.996391 0.0812896 0 0.952113 0.047965 -0.301961 0 -5008.34 49.0083 -1198.83 1 3
-0.305551 0.0700694 -0.949594 0 -0.0235806 0.996426 0.0811126 0 0.951884 0.047176 -0.302806 0 -5011.05 52.9058 -1195.29 1 3
-0.306229 0.0702717 -0.949361 0 -0.0226573 0.996451 0.0810658 0 0.951688 0.0463347 -0.303551 0 -5013.45 56.8341 -1192.12 1 3
-0.306935 0.0702939 -0.949131 0 -0.0221164 0.996473 0.0809522 0 0.951474 0.0458384 -0.304297 0 -5015.8 58.9122 -1188.61 1 3
-0.307517 0.0703364 -0.94894 0 -0.0216711 0.996488 0.0808835 0 0.951296 0.0454376 -0.304913 0 -5017.83 60.5692 -1185.71 1 3
-0.308135 0.0703522 -0.948738 0 -0.0212735 0.996503 0.0808035 0 0.951105 0.0450814 -0.305561 0 -5019.78 62.1189 -1183 1 3
-0.308696 0.0703872 -0.948553 0 -0.0210811 0.996507 0.0808062 0 0.950927 0.0449411 -0.306134 0 -5021.65 63.1391 -1180.59 1 3
-0.309187 0.0705377 -0.948382 0 -0.0207464 0.996508 0.0808808 0 0.950775 0.0446828 -0.306644 0 -5023.36 64.7495 -1178.66 1 3
-0.309621 0.0707354 -0.948225 0 -0.0204472 0.996503 0.0810134 0 0.95064 0.044472 -0.307092 0 -5024.9 66.0626 -1177.36 1 3
-0.31033 0.0712488 -0.947955 0 -0.0204441 0.996457 0.0815869 0 0.950409 0.044699 -0.307774 0 -5027.34 66.5507 -1175.03 1 3
-0.310606 0.0721453 -0.947797 0 -0.020156 0.996391 0.0824497 0 0.950325 0.0447132 -0.308031 0 -5029.82 68.9542 -1177.24 1 3
-0.310909 0.0728019 -0.947647 0 -0.0197797 0.99635 0.0830329 0 0.950234 0.0445599 -0.308335 0 -5032.05 71.3308 -1178.65 1 3
-0.311164 0.0733633 -0.94752 0 -0.0194064 0.996318 0.0835146 0 0.950158 0.0443747 -0.308594 0 -5033.95 73.6839 -1179.62 1 3
-0.311477 0.0737538 -0.947387 0 -0.0191833 0.996292 0.0838681 0 0.95006 0.044297 -0.308907 0 -5035.73 75.3211 -1179.93 1 3
-0.311799 0.074243 -0.947243 0 -0.018819 0.996264 0.0842797 0 0.949962 0.0441046 -0.309237 0 -5037.49 77.5067 -1179.83 1 3
-0.312154 0.0746205 -0.947096 0 -0.0185738 0.996241 0.0846143 0 0.94985 0.0440039 -0.309594 0 -5039.06 79.1971 -1179.4 1 3
-0.312461 0.0748767 -0.946975 0 -0.0183842 0.996225 0.0848369 0 0.949753 0.0439176 -0.309905 0 -5040.42 80.5334 -1179.04 1 3
-0.312643 0.0751762 -0.946891 0 -0.0180525 0.996213 0.0850525 0 0.949699 0.0436848 -0.310102 0 -5041.5 82.1505 -1178.81 1 3
