0.210578 0 0.977577 0 0 1 0 0 -0.977577 0 0.210578 0 -1913.55 0 476.593 1 0
0.210578 0 0.977577 0 0 1 0 0 -0.977577 0 0.210578 0 -1913.55 0 476.593 1 0
0.210578 0 0.977577 0 0 1 0 0 -0.977577 0 0.210578 0 -1913.55 0 476.593 1 0
0.210578 0 0.977577 0 0 1 0 0 -0.977577 0 0.210578 0 -1913.55 0 476.593 1 0
0.210578 0 0.977577 0 0 1 0 0 -0.977577 0 0.210578 0 -1913.55 0 476.593 1 0
0.210578 0 0.977577 0 0 1 0 0 -0.977577 0 0.210578 0 -1913.55 0 476.593 1 0
0.210578 0 0.977577 0 0 1 0 0 -0.977577 0 0.210578 0 -1913.55 0 476.593 1 0
0.210578 0 0.977577 0 0 1 0 0 -0.977577 0 0.210578 0 -1913.55 0 476.593 1 0
0.210578 0 0.977577 0 0 1 0 0 -0.977577 0 0.210578 0 -1913.55 0 476.593 1 0
0.210578 0 0.977577 0 0 1 0 0 -0.977577 0 0.210578 0 -1913.55 0 476.593 1 0
0.210578 0 0.977577 0 0 1 0 0 -0.977577 0 0.210578 0 -1913.55 0 476.593 1 0
0.210578 0 0.977577 0 0 1 0 0 -0.977577 0 0.210578 0 -1913.55 0 476.593 1 0
0.210578 0 0.977577 0 0 1 0 0 -0.977577 0 0.210578 0 -1913.55 0 476.593 1 0
0.210578 0 0.977577 0 0 1 0 0 -0.977577 0 0.210578 0 -1913.55 0 476.593 1 0
0.210578 0 0.977577 0 0 1 0 0 -0.977577 0 0.210578 0 -1913.55 0 476.593 1 0
0.210578 0 0.977577 0 0 1 0 0 -0.977577 0 0.210578 0 -1913.55 0 476.593 1 0
0.210578 0 0.977577 0 0 1 0 0 -0.977577 0 0.210578 0 -1913.55 0 476.593 1 0
0.210578 0 0.977577 0 0 1 0 0 -0.977577 0 0.210578 0 -1913.55 0 476.593 1 0
0.210578 0 0.977577 0 0 1 0 0 -0.977577 0 0.210578 0 -1913.55 0 476.593 1 0
0.210578 0 0.977577 0 0 1 0 0 -0.977577 0 0.210578 0 -1913.55 0 476.593 1 0
0.210578 0 0.977577 0 0 1 0 0 -0.977577 0 0.210578 0 -1913.55 0 476.593 1 0
0.210578 0 0.977577 0 0 1 0 0 -0.977577 0 0.210578 0 -1913.55 0 476.593 1 0
0.210578 0 0.977577 0 0 1 0 0 -0.977577 0 0.210578 0 -1913.55 0 476.593 1 0
0.210578 0 0.977577 0 0 1 0 0 -0.977577 0 0.210578 0 -1913.55 0 476.593 1 0
0.210578 0 0.977577 0 0 1 0 0 -0.977577 0 0.210578 0 -1913.55 0 476.593 1 0
0.210578 0 0.977577 0 0 1 0 0 -0.977577 0 0.210578 0 -1913.55 0 476.593 1 0
0.210578 0 0.977577 0 0 1 0 0 -0.977577 0 0.210578 0 -1913.55 0 476.593 1 0
0.210578 0 0.977577 0 0 1 0 0 -0.977577 0 0.210578 0 -1913.55 0 476.593 1 0
0.210578 0 0.977577 0 0 1 0 0 -0.977577 0 0.210578 0 -1913.55 0 476.593 1 0
0.210578 0 0.977577 0 0 1 0 0 -0.977577 0 0.210578 0 -1913.55 0 476.593 1 0
0.24957 -0.0443147 0.967342 0 -0.00880384 0.998807 0.0480275 0 -0.968317 -0.0205025 0.248882 0 -1623.64 -21.283 1093.09 1 1
0.242918 -0.0559123 0.968434 0 -0.00653033 0.998221 0.0592701 0 -0.970025 -0.020722 0.242121 0 -1622.01 -27.3778 1164.48 1 1
0.242918 -0.0559123 0.968434 0 -0.00653033 0.998221 0.0592701 0 -0.970025 -0.020722 0.242121 0 -1622.01 -27.3778 1164.48 1 2
0.242918 -0.0559123 0.968434 0 -0.00653033 0.998221 0.0592701 0 -0.970025 -0.020722 0.242121 0 -1622.01 -27.3778 1164.48 1 2
0.242918 -0.0559123 0.968434 0 -0.00653033 0.998221 0.0592701 0 -0.970025 -0.020722 0.242121 0 -1622.01 -27.3778 1164.48 1 2
0.242918 -0.0559123 0.968434 0 -0.00653033 0.998221 0.0592701 0 -0.970025 -0.020722 0.242121 0 -1622.01 -27.3778 1164.48 1 2
0.242918 -0.0559123 0.968434 0 -0.00653033 0.998221 0.0592701 0 -0.970025 -0.020722 0.242121 0 -1622.01 -27.3778 1164.48 1 2
0.242918 -0.0559123 0.968434 0 -0.00653033 0.998221 0.0592701 0 -0.970025 -0.020722 0.242121 0 -1622.01 -27.3778 1164.48 1 2
0.242918 -0.0559123 0.968434 0 -0.00653033 0.998221 0.0592701 0 -0.970025 -0.020722 0.242121 0 -1622.01 -27.3778 1164.48 1 2
0.242918 -0.0559123 0.968434 0 -0.00653033 0.998221 0.0592701 0 -0.970025 -0.020722 0.242121 0 -1622.01 -27.3778 1164.48 1 2
0.242918 -0.0559123 0.968434 0 -0.00653033 0.998221 0.0592701 0 -0.970025 -0.020722 0.242121 0 -1622.01 -27.3778 1164.48 1 2
0.242918 -0.0559123 0.968434 0 -0.00653033 0.998221 0.0592701 0 -0.970025 -0.020722 0.242121 0 -1622.01 -27.3778 1164.48 1 2
0.242918 -0.0559123 0.968434 0 -0.00653033 0.998221 0.0592701 0 -0.970025 -0.020722 0.242121 0 -1622.01 -27.3778 1164.48 1 2
0.242918 -0.0559123 0.968434 0 -0.00653033 0.998221 0.0592701 0 -0.970025 -0.020722 0.242121 0 -1622.01 -27.3778 1164.48 1 2
0.242918 -0.0559123 0.968434 0 -0.00653033 0.998221 0.0592701 0 -0.970025 -0.020722 0.242121 0 -1622.01 -27.3778 1164.48 1 2
0.242918 -0.0559123 0.968434 0 -0.00653033 0.998221 0.0592701 0 -0.970025 -0.020722 0.242121 0 -1622.01 -27.3778 1164.48 1 2
0.242918 -0.0559123 0.968434 0 -0.00653033 0.998221 0.0592701 0 -0.970025 -0.020722 0.242121 0 -1622.01 -27.3778 1164.48 1 2
0.242918 -0.0559123 0.968434 0 -0.00653033 0.998221 0.0592701 0 -0.970025 -0.020722 0.242121 0 -1622.01 -27.3778 1164.48 1 2
0.242918 -0.0559123 0.968434 0 -0.00653033 0.998221 0.0592701 0 -0.970025 -0.020722 0.242121 0 -1622.01 -27.3778 1164.48 1 2
0.242918 -0.0559123 0.968434 0 -0.00653033 0.998221 0.0592701 0 -0.970025 -0.020722 0.242121 0 -1622.01 -27.3778 1164.48 1 2
0.242918 -0.0559123 0.968434 0 -0.00653033 0.998221 0.0592701 0 -0.970025 -0.020722 0.242121 0 -1622.01 -27.3778 1164.48 1 2
0.242918 -0.0559123 0.968434 0 -0.00653033 0.998221 0.0592701 0 -0.970025 -0.020722 0.242121 0 -1622.01 -27.3778 1164.48 1 2
0.242918 -0.0559123 0.968434 0 -0.00653033 0.998221 0.0592701 0 -0.970025 -0.020722 0.242121 0 -1622.01 -27.3778 1164.48 1 2
0.242918 -0.0559123 0.968434 0 -0.00653033 0.998221 0.0592701 0 -0.970025 -0.020722 0.242121 0 -1622.01 -27.3778 1164.48 1 2
0.242918 -0.0559123 0.968434 0 -0.00653033 0.998221 0.0592701 0 -0.970025 -0.020722 0.242121 0 -1622.01 -27.3778 1164.48 1 2
0.242918 -0.0559123 0.968434 0 -0.00653033 0.998221 0.0592701 0 -0.970025 -0.020722 0.242121 0 -1622.01 -27.3778 1164.48 1 2
0.242918 -0.0559123 0.968434 0 -0.00653033 0.998221 0.0592701 0 -0.970025 -0.020722 0.242121 0 -1622.01 -27.3778 1164.48 1 2
0.242918 -0.0559123 0.968434 0 -0.00653033 0.998221 0.0592701 0 -0.970025 -0.020722 0.242121 0 -1622.01 -27.3778 1164.48 1 2
0.242918 -0.0559123 0.968434 0 -0.00653033 0.998221 0.0592701 0 -0.970025 -0.020722 0.242121 0 -1622.01 -27.3778 1164.48 1 2
0.242918 -0.0559123 0.968434 0 -0.00653033 0.998221 0.0592701 0 -0.970025 -0.020722 0.242121 0 -1622.01 -27.3778 1164.48 1 2
0.242918 -0.0559123 0.968434 0 -0.00653033 0.998221 0.0592701 0 -0.970025 -0.020722 0.242121 0 -1622.01 -27.3778 1164.48 1 2
0.242918 -0.0559123 0.968434 0 -0.00653033 0.998221 0.0592701 0 -0.970025 -0.020722 0.242121 0 -1622.01 -27.3778 1164.48 1 2
0.242918 -0.0559123 0.968434 0 -0.00653033 0.998221 0.0592701 0 -0.970025 -0.020722 0.242121 0 -1622.01 -27.3778 1164.48 1 2
0.242918 -0.0559123 0.968434 0 -0.00653033 0.998221 0.0592701 0 -0.970025 -0.020722 0.242121 0 -1622.01 -27.3778 1164.48 1 2
0.242918 -0.0559123 0.968434 0 -0.00653033 0.998221 0.0592701 0 -0.970025 -0.020722 0.242121 0 -1622.01 -27.3778 1164.48 1 2
0.242918 -0.0559123 0.968434 0 -0.00653033 0.998221 0.0592701 0 -0.970025 -0.020722 0.242121 0 -1622.01 -27.3778 1164.48 1 2
0.242918 -0.0559123 0.968434 0 -0.00653033 0.998221 0.0592701 0 -0.970025 -0.020722 0.242121 0 -1622.01 -27.3778 1164.48 1 2
0.242918 -0.0559123 0.968434 0 -0.00653033 0.998221 0.0592701 0 -0.970025 -0.020722 0.242121 0 -1622.01 -27.3778 1164.48 1 2
0.242918 -0.0559123 0.968434 0 -0.00653033 0.998221 0.0592701 0 -0.970025 -0.020722 0.242121 0 -1622.01 -27.3778 1164.48 1 2
0.242918 -0.0559123 0.968434 0 -0.00653033 0.998221 0.0592701 0 -0.970025 -0.020722 0.242121 0 -1622.01 -27.3778 1164.48 1 2
0.242918 -0.0559123 0.968434 0 -0.00653033 0.998221 0.0592701 0 -0.970025 -0.020722 0.242121 0 -1622.01 -27.3778 1164.48 1 2
0.242918 -0.0559123 0.968434 0 -0.00653033 0.998221 0.0592701 0 -0.970025 -0.020722 0.242121 0 -1622.01 -27.3778 1164.48 1 2
0.242918 -0.0559123 0.968434 0 -0.00653033 0.998221 0.0592701 0 -0.970025 -0.020722 0.242121 0 -1622.01 -27.3778 1164.48 1 2
0.242918 -0.0559123 0.968434 0 -0.00653033 0.998221 0.0592701 0 -0.970025 -0.020722 0.242121 0 -1622.01 -27.3778 1164.48 1 2
0.242918 -0.0559123 0.968434 0 -0.00653033 0.998221 0.0592701 0 -0.970025 -0.020722 0.242121 0 -1622.01 -27.3778 1164.48 1 2
0.242918 -0.0559123 0.968434 0 -0.00653033 0.998221 0.0592701 0 -0.970025 -0.020722 0.242121 0 -1622.01 -27.3778 1164.48 1 2
0.242918 -0.0559123 0.968434 0 -0.00653033 0.998221 0.0592701 0 -0.970025 -0.020722 0.242121 0 -1622.01 -27.3778 1164.48 1 2
0.242918 -0.0559123 0.968434 0 -0.00653033 0.998221 0.0592701 0 -0.970025 -0.020722 0.242121 0 -1622.01 -27.3778 1164.48 1 2
0.242918 -0.0559123 0.968434 0 -0.00653033 0.998221 0.0592701 0 -0.970025 -0.020722 0.242121 0 -1622.01 -27.3778 1164.48 1 2
0.242918 -0.0559123 0.968434 0 -0.00653033 0.998221 0.0592701 0 -0.970025 -0.020722 0.242121 0 -1622.01 -27.3778 1164.48 1 2
0.242918 -0.0559123 0.968434 0 -0.00653033 0.998221 0.0592701 0 -0.970025 -0.020722 0.242121 0 -1622.01 -27.3778 1164.48 1 2
0.242918 -0.0559123 0.968434 0 -0.00653033 0.998221 0.0592701 0 -0.970025 -0.020722 0.242121 0 -1622.01 -27.3778 1164.48 1 2
0.242918 -0.0559123 0.968434 0 -0.00653033 0.998221 0.0592701 0 -0.970025 -0.020722 0.242121 0 -1622.01 -27.3778 1164.48 1 2
0.242918 -0.0559123 0.968434 0 -0.00653033 0.998221 0.0592701 0 -0.970025 -0.020722 0.242121 0 -1622.01 -27.3778 1164.48 1 2
0.242918 -0.0559123 0.968434 0 -0.00653033 0.998221 0.0592701 0 -0.970025 -0.020722 0.242121 0 -1622.01 -27.3778 1164.48 1 2
0.242918 -0.0559123 0.968434 0 -0.00653033 0.998221 0.0592701 0 -0.970025 -0.020722 0.242121 0 -1622.01 -27.3778 1164.48 1 2
0.242918 -0.0559123 0.968434 0 -0.00653033 0.998221 0.0592701 0 -0.970025 -0.020722 0.242121 0 -1622.01 -27.3778 1164.48 1 2
0.242918 -0.0559123 0.968434 0 -0.00653033 0.998221 0.0592701 0 -0.970025 -0.020722 0.242121 0 -1622.01 -27.3778 1164.48 1 2
0.242918 -0.0559123 0.968434 0 -0.00653033 0.998221 0.0592701 0 -0.970025 -0.020722 0.242121 0 -1622.01 -27.3778 1164.48 1 2
0.242918 -0.0559123 0.968434 0 -0.00653033 0.998221 0.0592701 0 -0.970025 -0.020722 0.242121 0 -1622.01 -27.3778 1164.48 1 2
0.242918 -0.0559123 0.968434 0 -0.00653033 0.998221 0.0592701 0 -0.970025 -0.020722 0.242121 0 -1622.01 -27.3778 1164.48 1 2
0.242918 -0.0559123 0.968434 0 -0.00653033 0.998221 0.0592701 0 -0.970025 -0.020722 0.242121 0 -1622.01 -27.3778 1164.48 1 2
0.242918 -0.0559123 0.968434 0 -0.00653033 0.998221 0.0592701 0 -0.970025 -0.020722 0.242121 0 -1622.01 -27.3778 1164.48 1 2
0.242918 -0.0559123 0.968434 0 -0.00653033 0.998221 0.0592701 0 -0.970025 -0.020722 0.242121 0 -1622.01 -27.3778 1164.48 1 2
0.242918 -0.0559123 0.968434 0 -0.00653033 0.998221 0.0592701 0 -0.970025 -0.020722 0.242121 0 -1622.01 -27.3778 1164.48 1 2
0.242918 -0.0559123 0.968434 0 -0.00653033 0.998221 0.0592701 0 -0.970025 -0.020722 0.242121 0 -1622.01 -27.3778 1164.48 1 2
0.242918 -0.0559123 0.968434 0 -0.00653033 0.998221 0.0592701 0 -0.970025 -0.020722 0.242121 0 -1622.01 -27.3778 1164.48 1 2
0.242918 -0.0559123 0.968434 0 -0.00653033 0.998221 0.0592701 0 -0.970025 -0.020722 0.242121 0 -1622.01 -27.3778 1164.48 1 2
0.242918 -0.0559123 0.968434 0 -0.00653033 0.998221 0.0592701 0 -0.970025 -0.020722 0.242121 0 -1622.01 -27.3778 1164.48 1 2
0.242918 -0.0559123 0.968434 0 -0.00653033 0.998221 0.0592701 0 -0.970025 -0.020722 0.242121 0 -1622.01 -27.3778 1164.48 1 2
0.242918 -0.0559123 0.968434 0 -0.00653033 0.998221 0.0592701 0 -0.970025 -0.020722 0.242121 0 -1622.01 -27.3778 1164.48 1 2
0.242918 -0.0559123 0.968434 0 -0.00653033 0.998221 0.0592701 0 -0.970025 -0.020722 0.242121 0 -1622.01 -27.3778 1164.48 1 2
0.242918 -0.0559123 0.968434 0 -0.00653033 0.998221 0.0592701 0 -0.970025 -0.020722 0.242121 0 -1622.01 -27.3778 1164.48 1 2
0.242918 -0.0559123 0.968434 0 -0.00653033 0.998221 0.0592701 0 -0.970025 -0.020722 0.242121 0 -1622.01 -27.3778 1164.48 1 2
0.242918 -0.0559123 0.968434 0 -0.00653033 0.998221 0.0592701 0 -0.970025 -0.020722 0.242121 0 -1622.01 -27.3778 1164.48 1 2
0.242918 -0.0559123 0.968434 0 -0.00653033 0.998221 0.0592701 0 -0.970025 -0.020722 0.242121 0 -1622.01 -27.3778 1164.48 1 2
0.242918 -0.0559123 0.968434 0 -0.00653033 0.998221 0.0592701 0 -0.970025 -0.020722 0.242121 0 -1622.01 -27.3778 1164.48 1 2
0.242918 -0.0559123 0.968434 0 -0.00653033 0.998221 0.0592701 0 -0.970025 -0.020722 0.242121 0 -1622.01 -27.3778 1164.48 1 2
0.242918 -0.0559123 0.968434 0 -0.00653033 0.998221 0.0592701 0 -0.970025 -0.020722 0.242121 0 -1622.01 -27.3778 1164.48 1 2
0.242918 -0.0559123 0.968434 0 -0.00653033 0.998221 0.0592701 0 -0.970025 -0.020722 0.242121 0 -1622.01 -27.3778 1164.48 1 2
0.242918 -0.0559123 0.968434 0 -0.00653033 0.998221 0.0592701 0 -0.970025 -0.020722 0.242121 0 -1622.01 -27.3778 1164.48 1 2
0.242918 -0.0559123 0.968434 0 -0.00653033 0.998221 0.0592701 0 -0.970025 -0.020722 0.242121 0 -1622.01 -27.3778 1164.48 1 2
0.242918 -0.0559123 0.968434 0 -0.00653033 0.998221 0.0592701 0 -0.970025 -0.020722 0.242121 0 -1622.01 -27.3778 1164.48 1 2
0.242918 -0.0559123 0.968434 0 -0.00653033 0.998221 0.0592701 0 -0.970025 -0.020722 0.242121 0 -1622.01 -27.3778 1164.48 1 2
0.242918 -0.0559123 0.968434 0 -0.00653033 0.998221 0.0592701 0 -0.970025 -0.020722 0.242121 0 -1622.01 -27.3778 1164.48 1 2
0.242918 -0.0559123 0.968434 0 -0.00653033 0.998221 0.0592701 0 -0.970025 -0.020722 0.242121 0 -1622.01 -27.3778 1164.48 1 2
0.242918 -0.0559123 0.968434 0 -0.00653033 0.998221 0.0592701 0 -0.970025 -0.020722 0.242121 0 -1622.01 -27.3778 1164.48 1 2
0.242918 -0.0559123 0.968434 0 -0.00653033 0.998221 0.0592701 0 -0.970025 -0.020722 0.242121 0 -1622.01 -27.3778 1164.48 1 2
0.242918 -0.0559123 0.968434 0 -0.00653033 0.998221 0.0592701 0 -0.970025 -0.020722 0.242121 0 -1622.01 -27.3778 1164.48 1 2
0.242918 -0.0559123 0.968434 0 -0.00653033 0.998221 0.0592701 0 -0.970025 -0.020722 0.242121 0 -1622.01 -27.3778 1164.48 1 2
0.242918 -0.0559123 0.968434 0 -0.00653033 0.998221 0.0592701 0 -0.970025 -0.020722 0.242121 0 -1622.01 -27.3778 1164.48 1 2
0.242918 -0.0559123 0.968434 0 -0.00653033 0.998221 0.0592701 0 -0.970025 -0.020722 0.242121 0 -1622.01 -27.3778 1164.48 1 2
0.242918 -0.0559123 0.968434 0 -0.00653033 0.998221 0.0592701 0 -0.970025 -0.020722 0.242121 0 -1622.01 -27.3778 1164.48 1 2
0.242918 -0.0559123 0.968434 0 -0.00653033 0.998221 0.0592701 0 -0.970025 -0.020722 0.242121 0 -1622.01 -27.3778 1164.48 1 2
0.242918 -0.0559123 0.968434 0 -0.00653033 0.998221 0.0592701 0 -0.970025 -0.020722 0.242121 0 -1622.01 -27.3778 1164.48 1 2
0.242918 -0.0559123 0.968434 0 -0.00653033 0.998221 0.0592701 0 -0.970025 -0.020722 0.242121 0 -1622.01 -27.3778 1164.48 1 2
0.242918 -0.0559123 0.968434 0 -0.00653033 0.998221 0.0592701 0 -0.970025 -0.020722 0.242121 0 -1622.01 -27.3778 1164.48 1 2
0.242918 -0.0559123 0.968434 0 -0.00653033 0.998221 0.0592701 0 -0.970025 -0.020722 0.242121 0 -1622.01 -27.3778 1164.48 1 2
0.245049 -0.058165 0.967764 0 -0.00685484 0.99807 0.0617222 0 -0.969486 -0.0217588 0.244177 0 -1622.94 -33.8012 1165.66 1 3
0.245826 -0.0593409 0.967496 0 -0.00828939 0.997959 0.0633155 0 -0.969279 -0.0235845 0.244832 0 -1623.43 -37.845 1165.86 1 3
0.246182 -0.0596724 0.967385 0 -0.01052 0.99788 0.0642306 0 -0.969167 -0.0259893 0.245032 0 -1623.38 -41.8082 1165.66 1 3
0.246874 -0.059543 0.967217 0 -0.0144115 0.997775 0.0651026 0 -0.968941 -0.0300112 0.245466 0 -1623.91 -47.4991 1166.61 1 3
0.247355 -0.0591044 0.967121 0 -0.0183619 0.997673 0.0656679 0 -0.968751 -0.0340015 0.245694 0 -1624.15 -52.8645 1167.09 1 3
0.247902 -0.0580821 0.967042 0 -0.0224261 0.99759 0.0656658 0 -0.968525 -0.0379657 0.246002 0 -1623.73 -57.9191 1167.72 1 3
0.248506 -0.0563764 0.966988 0 -0.0268794 0.997519 0.0650641 0 -0.968257 -0.0421609 0.246374 0 -1622.82 -63.0498 1168.6 1 3
0.249021 -0.054393 0.966969 0 -0.0314644 0.99744 0.0642099 0 -0.967987 -0.0464147 0.246672 0 -1621.62 -68.1741 1169.36 1 3
0.24954 -0.0523496 0.966948 0 -0.0360133 0.997345 0.0632892 0 -0.967695 -0.0506162 0.246992 0 -1620.31 -73.484 1170.42 1 3
0.249994 -0.0502991 0.96694 0 -0.0406721 0.997223 0.0623898 0 -0.967393 -0.0549246 0.247254 0 -1618.96 -78.8574 1171.13 1 3
0.250558 -0.0477865 0.966921 0 -0.0453237 0.997107 0.0610231 0 -0.96704 -0.0591143 0.247668 0 -1617.49 -83.9358 1172.07 1 3
0.251265 -0.0452717 0.966859 0 -0.0502238 0.99695 0.0597328 0 -0.966614 -0.0635681 0.248225 0 -1615.58 -89.6111 1173.27 1 3
0.252219 -0.0423518 0.966743 0 -0.0555253 0.996762 0.0581533 0 -0.966076 -0.068346 0.249051 0 -1613.32 -95.6121 1174.98 1 3
0.253386 -0.0392768 0.966568 0 -0.0610992 0.996531 0.0565116 0 -0.965434 -0.0733758 0.250107 0 -1610.77 -101.912 1176.95 1 3
0.254656 -0.0364146 0.966346 0 -0.0656336 0.996336 0.0548408 0 -0.964802 -0.0773903 0.251333 0 -1608.33 -107.132 1179 1 3
0.255954 -0.0340109 0.966091 0 -0.0691578 0.996176 0.0533926 0 -0.964212 -0.0804787 0.252623 0 -1606.2 -111.151 1181.11 1 3
0.257382 -0.0323529 0.965768 0 -0.0714861 0.996063 0.0524192 0 -0.963662 -0.0825308 0.254056 0 -1604.09 -113.869 1182.89 1 3
0.258798 -0.0307262 0.965443 0 -0.0725408 0.996053 0.0511457 0 -0.963204 -0.0832704 0.255547 0 -1602.5 -114.835 1184.77 1 3
0.260376 -0.0289834 0.965072 0 -0.072484 0.996142 0.0494726 0 -0.962783 -0.0828337 0.25727 0 -1601.25 -114.368 1187.06 1 3
0.262182 -0.0275759 0.964624 0 -0.0705931 0.996365 0.0476703 0 -0.962433 -0.0805941 0.259283 0 -1600.45 -111.711 1189.87 1 3
0.264172 -0.025812 0.96413 0 -0.0664009 0.996783 0.0448801 0 -0.962187 -0.0758751 0.261608 0 -1600.57 -105.941 1193.28 1 3
0.266455 -0.0246283 0.963533 0 -0.0610145 0.997238 0.0423627 0 -0.961914 -0.0700772 0.264216 0 -1601.15 -99.5019 1197.08 1 3
0.268693 -0.0240448 0.962926 0 -0.0551935 0.997662 0.0403132 0 -0.961643 -0.0639791 0.266737 0 -1601.76 -92.6956 1200.55 1 3
0.271048 -0.023704 0.962274 0 -0.0495719 0.998026 0.0385478 0 -0.961288 -0.0581501 0.269338 0 -1602.28 -86.0052 1203.97 1 3
0.273197 -0.0235761 0.961669 0 -0.0446748 0.99831 0.0371658 0 -0.96092 -0.0531159 0.271682 0 -1602.61 -80.1263 1206.98 1 3
0.274938 -0.0236584 0.961171 0 -0.040612 0.998519 0.0361946 0 -0.960604 -0.0489864 0.27357 0 -1603.26 -75.3749 1209.13 1 3
0.276313 -0.0239363 0.96077 0 -0.037174 0.998675 0.0355718 0 -0.960349 -0.0455446 0.275057 0 -1604.01 -71.141 1210.99 1 3
0.277497 -0.0242815 0.960419 0 -0.0342061 0.998797 0.0351351 0 -0.960117 -0.0426021 0.276333 0 -1604.89 -67.9566 1212.28 1 3
0.278677 -0.0249898 0.96006 0 -0.0316947 0.998878 0.0352003 0 -0.959862 -0.0402384 0.277572 0 -1605.5 -65.6957 1213.48 1 3
0.279494 -0.0256764 0.959804 0 -0.0298049 0.998929 0.0354022 0 -0.959685 -0.0385016 0.278429 0 -1606.3 -64.0489 1214.19 1 3
0.280088 -0.0262086 0.959616 0 -0.0282425 0.99897 0.0355267 0 -0.959559 -0.0370526 0.279059 0 -1607.01 -62.6886 1214.6 1 3
0.28063 -0.0266423 0.959446 0 -0.0269908 0.999 0.0356353 0 -0.959436 -0.0358966 0.279631 0 -1607.63 -61.693 1214.86 1 3
0.281141 -0.0270306 0.959286 0 -0.0259898 0.999022 0.0357672 0 -0.959314 -0.0349873 0.280164 0 -1608.12 -61.0283 1215.09 1 3
0.281655 -0.0273883 0.959125 0 -0.0252737 0.999034 0.0359498 0 -0.959183 -0.0343661 0.28069 0 -1608.45 -60.704 1215.22 1 3
0.282065 -0.0277135 0.958995 0 -0.0246066 0.999045 0.0361083 0 -0.95908 -0.0337825 0.281114 0 -1608.68 -60.2678 1215.35 1 3
0.282417 -0.027641 0.958894 0 -0.0241776 0.999062 0.0359197 0 -0.958987 -0.0333281 0.281484 0 -1608.91 -59.6448 1216.1 1 3
0.282713 -0.0276372 0.958806 0 -0.0238419 0.999074 0.0358279 0 -0.958908 -0.0329888 0.281792 0 -1609.15 -59.3096 1216.65 1 3
0.283022 -0.02769 0.958714 0 -0.023562 0.999081 0.0358116 0 -0.958824 -0.0327247 0.28211 0 -1609.28 -58.9942 1217.09 1 3
0.283361 -0.0276738 0.958614 0 -0.0233715 0.999087 0.0357507 0 -0.958728 -0.0325346 0.282456 0 -1609.43 -58.7474 1217.52 1 3
0.283583 -0.0277321 0.958547 0 -0.0231349 0.999093 0.0357495 0 -0.958669 -0.0323138 0.282684 0 -1609.64 -58.4805 1217.84 1 3
0.283642 -0.0278181 0.958527 0 -0.0229957 0.999094 0.0358003 0 -0.958654 -0.0321965 0.282746 0 -1609.85 -58.3562 1217.94 1 3
0.283939 -0.0281253 0.95843 0 -0.0231438 0.999077 0.0361745 0 -0.958563 -0.032453 0.283026 0 -1609.99 -58.8723 1218.12 1 3
0.283408 -0.0285054 0.958576 0 -0.023041 0.999067 0.0365217 0 -0.958723 -0.0324371 0.282487 0 -1610.84 -58.9906 1217.27 1 3
0.283095 -0.0288312 0.958658 0 -0.022831 0.999062 0.0367885 0 -0.95882 -0.0323018 0.282171 0 -1611.49 -59.0333 1216.68 1 3
0.282845 -0.0291495 0.958723 0 -0.0226136 0.999058 0.0370474 0 -0.958899 -0.0321589 0.281919 0 -1612.03 -59.04 1216.18 1 3
0.282708 -0.0293198 0.958758 0 -0.0224884 0.999055 0.0371833 0 -0.958943 -0.032073 0.281781 0 -1612.36 -59.0385 1215.84 1 3
0.282632 -0.0295771 0.958772 0 -0.0222732 0.999053 0.0373855 0 -0.95897 -0.0319213 0.281705 0 -1612.65 -58.9595 1215.6 1 3
0.28263 -0.029755 0.958767 0 -0.0221107 0.999051 0.0375231 0 -0.958974 -0.0318042 0.281704 0 -1612.83 -58.8731 1215.52 1 3
0.282643 -0.0298473 0.958761 0 -0.0219755 0.999052 0.03758 0 -0.958973 -0.031691 0.28172 0 -1612.96 -58.7434 1215.45 1 3
0.282644 -0.0300394 0.958754 0 -0.0217875 0.999051 0.037725 0 -0.958977 -0.0315516 0.281721 0 -1613.12 -58.6363 1215.37 1 3
