-0.993403 0 0.114677 0 0 1 0 0 -0.114677 0 -0.993403 0 -4932.79 0 -2262.79 1 0
-0.993403 0 0.114677 0 0 1 0 0 -0.114677 0 -0.993403 0 -4932.79 0 -2262.79 1 0
-0.993403 0 0.114677 0 0 1 0 0 -0.114677 0 -0.993403 0 -4932.79 0 -2262.79 1 0
-0.993403 0 0.114677 0 0 1 0 0 -0.114677 0 -0.993403 0 -4932.79 0 -2262.79 1 0
-0.993403 0 0.114677 0 0 1 0 0 -0.114677 0 -0.993403 0 -4932.79 0 -2262.79 1 0
-0.993403 0 0.114677 0 0 1 0 0 -0.114677 0 -0.993403 0 -4932.79 0 -2262.79 1 0
-0.993403 0 0.114677 0 0 1 0 0 -0.114677 0 -0.993403 0 -4932.79 0 -2262.79 1 0
-0.993403 0 0.114677 0 0 1 0 0 -0.114677 0 -0.993403 0 -4932.79 0 -2262.79 1 0
-0.993403 0 0.114677 0 0 1 0 0 -0.114677 0 -0.993403 0 -4932.79 0 -2262.79 1 0
-0.993403 0 0.114677 0 0 1 0 0 -0.114677 0 -0.993403 0 -4932.79 0 -2262.79 1 0
-0.993403 0 0.114677 0 0 1 0 0 -0.114677 0 -0.993403 0 -4932.79 0 -2262.79 1 0
-0.993403 0 0.114677 0 0 1 0 0 -0.114677 0 -0.993403 0 -4932.79 0 -2262.79 1 0
-0.993403 0 0.114677 0 0 1 0 0 -0.114677 0 -0.993403 0 -4932.79 0 -2262.79 1 0
-0.993403 0 0.114677 0 0 1 0 0 -0.114677 0 -0.993403 0 -4932.79 0 -2262.79 1 0
-0.993403 0 0.114677 0 0 1 0 0 -0.114677 0 -0.993403 0 -4932.79 0 -2262.79 1 0
-0.993403 0 0.114677 0 0 1 0 0 -0.114677 0 -0.993403 0 -4932.79 0 -2262.79 1 0
-0.993403 0 0.114677 0 0 1 0 0 -0.114677 0 -0.993403 0 -4932.79 0 -2262.79 1 0
-0.993403 0 0.114677 0 0 1 0 0 -0.114677 0 -0.993403 0 -4932.79 0 -2262.79 1 0
-0.993403 0 0.114677 0 0 1 0 0 -0.114677 0 -0.993403 0 -4932.79 0 -2262.79 1 0
-0.993403 0 0.114677 0 0 1 0 0 -0.114677 0 -0.993403 0 -4932.79 0 -2262.79 1 0
-0.993403 0 0.114677 0 0 1 0 0 -0.114677 0 -0.993403 0 -4932.79 0 -2262.79 1 0
-0.993403 0 0.114677 0 0 1 0 0 -0.114677 0 -0.993403 0 -4932.79 0 -2262.79 1 0
-0.993403 0 0.114677 0 0 1 0 0 -0.114677 0 -0.993403 0 -4932.79 0 -2262.79 1 0
-0.993403 0 0.114677 0 0 1 0 0 -0.114677 0 -0.993403 0 -4932.79 0 -2262.79 1 0
-0.993403 0 0.114677 0 0 1 0 0 -0.114677 0 -0.993403 0 -4932.79 0 -2262.79 1 0
-0.993403 0 0.114677 0 0 1 0 0 -0.114677 0 -0.993403 0 -4932.79 0 -2262.79 1 0
-0.993403 0 0.114677 0 0 1 0 0 -0.114677 0 -0.993403 0 -4932.79 0 -2262.79 1 0
-0.993403 0 0.114677 0 0 1 0 0 -0.114677 0 -0.993403 0 -4932.79 0 -2262.79 1 0
-0.993403 0 0.114677 0 0 1 0 0 -0.114677 0 -0.993403 0 -4932.79 0 -2262.79 1 0
-0.993403 0 0.114677 0 0 1 0 0 -0.114677 0 -0.993403 0 -4932.79 0 -2262.79 1 0
-0.993403 0 0.114677 0 0 1 0 0 -0.114677 0 -0.993403 0 -4932.79 0 -2262.79 1 0
-0.993403 0 0.114677 0 0 1 0 0 -0.114677 0 -0.993403 0 -4932.79 0 -2262.79 1 0
-0.993403 0 0.114677 0 0 1 0 0 -0.114677 0 -0.993403 0 -4932.79 0 -2262.79 1 0
-0.993403 0 0.114677 0 0 1 0 0 -0.114677 0 -0.993403 0 -4932.79 0 -2262.79 1 0
-0.993403 0 0.114677 0 0 1 0 0 -0.114677 0 -0.993403 0 -4932.79 0 -2262.79 1 0
-0.993403 0 0.114677 0 0 1 0 0 -0.114677 0 -0.993403 0 -4932.79 0 -2262.79 1 0
-0.993403 0 0.114677 0 0 1 0 0 -0.114677 0 -0.993403 0 -4932.79 0 -2262.79 1 0
-0.993403 0 0.114677 0 0 1 0 0 -0.114677 0 -0.993403 0 -4932.79 0 -2262.79 1 0
-0.993403 0 0.114677 0 0 1 0 0 -0.114677 0 -0.993403 0 -4932.79 0 -2262.79 1 0
-0.993403 0 0.114677 0 0 1 0 0 -0.114677 0 -0.993403 0 -4932.79 0 -2262.79 1 0
-0.993403 0 0.114677 0 0 1 0 0 -0.114677 0 -0.993403 0 -4932.79 0 -2262.79 1 0
-0.993403 0 0.114677 0 0 1 0 0 -0.114677 0 -0.993403 0 -4932.79 0 -2262.79 1 0
-0.993403 0 0.114677 0 0 1 0 0 -0.114677 0 -0.993403 0 -4932.79 0 -2262.79 1 0
-0.993403 0 0.114677 0 0 1 0 0 -0.114677 0 -0.993403 0 -4932.79 0 -2262.79 1 0
-0.993403 0 0.114677 0 0 1 0 0 -0.114677 0 -0.993403 0 -4932.79 0 -2262.79 1 0
-0.993403 0 0.114677 0 0 1 0 0 -0.114677 0 -0.993403 0 -4932.79 0 -2262.79 1 0
-0.993403 0 0.114677 0 0 1 0 0 -0.114677 0 -0.993403 0 -4932.79 0 -2262.79 1 0
-0.993403 0 0.114677 0 0 1 0 0 -0.114677 0 -0.993403 0 -4932.79 0 -2262.79 1 0
-0.993403 0 0.114677 0 0 1 0 0 -0.114677 0 -0.993403 0 -4932.79 0 -2262.79 1 0
-0.993403 0 0.114677 0 0 1 0 0 -0.114677 0 -0.993403 0 -4932.79 0 -2262.79 1 0
-0.993403 0 0.114677 0 0 1 0 0 -0.114677 0 -0.993403 0 -4932.79 0 -2262.79 1 0
-0.993403 0 0.114677 0 0 1 0 0 -0.114677 0 -0.993403 0 -4932.79 0 -2262.79 1 0
-0.993403 0 0.114677 0 0 1 0 0 -0.114677 0 -0.993403 0 -4932.79 0 -2262.79 1 0
-0.993403 0 0.114677 0 0 1 0 0 -0.114677 0 -0.993403 0 -4932.79 0 -2262.79 1 0
-0.993403 0 0.114677 0 0 1 0 0 -0.114677 0 -0.993403 0 -4932.79 0 -2262.79 1 0
-0.993403 0 0.114677 0 0 1 0 0 -0.114677 0 -0.993403 0 -4932.79 0 -2262.79 1 0
-0.993403 0 0.114677 0 0 1 0 0 -0.114677 0 -0.993403 0 -4932.79 0 -2262.79 1 0
-0.993403 0 0.114677 0 0 1 0 0 -0.114677 0 -0.993403 0 -4932.79 0 -2262.79 1 0
-0.993403 0 0.114677 0 0 1 0 0 -0.114677 0 -0.993403 0 -4932.79 0 -2262.79 1 0
-0.993403 0 0.114677 0 0 1 0 0 -0.114677 0 -0.993403 0 -4932.79 0 -2262.79 1 0
-0.993403 0 0.114677 0 0 1 0 0 -0.114677 0 -0.993403 0 -4932.79 0 -2262.79 1 0
-0.993403 0 0.114677 0 0 1 0 0 -0.114677 0 -0.993403 0 -4932.79 0 -2262.79 1 0
-0.993403 0 0.114677 0 0 1 0 0 -0.114677 0 -0.993403 0 -4932.79 0 -2262.79 1 0
-0.993403 0 0.114677 0 0 1 0 0 -0.114677 0 -0.993403 0 -4932.79 0 -2262.79 1 0
-0.993403 0 0.114677 0 0 1 0 0 -0.114677 0 -0.993403 0 -4932.79 0 -2262.79 1 0
-0.993403 0 0.114677 0 0 1 0 0 -0.114677 0 -0.993403 0 -4932.79 0 -2262.79 1 0
-0.993403 0 0.114677 0 0 1 0 0 -0.114677 0 -0.993403 0 -4932.79 0 -2262.79 1 0
-0.993403 0 0.114677 0 0 1 0 0 -0.114677 0 -0.993403 0 -4932.79 0 -2262.79 1 0
-0.993403 0 0.114677 0 0 1 0 0 -0.114677 0 -0.993403 0 -4932.79 0 -2262.79 1 0
-0.993403 0 0.114677 0 0 1 0 0 -0.114677 0 -0.993403 0 -4932.79 0 -2262.79 1 0
-0.993403 0 0.114677 0 0 1 0 0 -0.114677 0 -0.993403 0 -4932.79 0 -2262.79 1 0
-0.993403 0 0.114677 0 0 1 0 0 -0.114677 0 -0.993403 0 -4932.79 0 -2262.79 1 0
-0.980534 -0.0339208 0.193395 0 -0.00897878 0.99168 0.128414 0 -0.196142 0.124178 -0.972681 0 -5495.84 189.092 -190.269 1 1
-0.979048 -0.0218952 0.202451 0 0.00278521 0.99267 0.120827 0 -0.203613 0.118859 -0.97181 0 -5580.58 188.897 -189.852 1 1
-0.979048 -0.0218952 0.202451 0 0.00278521 0.99267 0.120827 0 -0.203613 0.118859 -0.97181 0 -5580.58 188.897 -189.852 1 2
-0.979048 -0.0218952 0.202451 0 0.00278521 0.99267 0.120827 0 -0.203613 0.118859 -0.97181 0 -5580.58 188.897 -189.852 1 2
-0.979048 -0.0218952 0.202451 0 0.00278521 0.99267 0.120827 0 -0.203613 0.118859 -0.97181 0 -5580.58 188.897 -189.852 1 2
-0.979048 -0.0218952 0.202451 0 0.00278521 0.99267 0.120827 0 -0.203613 0.118859 -0.97181 0 -5580.58 188.897 -189.852 1 2
-0.979048 -0.0218952 0.202451 0 0.00278521 0.99267 0.120827 0 -0.203613 0.118859 -0.97181 0 -5580.58 188.897 -189.852 1 2
-0.979048 -0.0218952 0.202451 0 0.00278521 0.99267 0.120827 0 -0.203613 0.118859 -0.97181 0 -5580.58 188.897 -189.852 1 2
-0.979048 -0.0218952 0.202451 0 0.00278521 0.99267 0.120827 0 -0.203613 0.118859 -0.97181 0 -5580.58 188.897 -189.852 1 2
-0.979048 -0.0218952 0.202451 0 0.00278521 0.99267 0.120827 0 -0.203613 0.118859 -0.97181 0 -5580.58 188.897 -189.852 1 2
-0.979048 -0.0218952 0.202451 0 0.00278521 0.99267 0.120827 0 -0.203613 0.118859 -0.97181 0 -5580.58 188.897 -189.852 1 2
-0.979048 -0.0218952 0.202451 0 0.00278521 0.99267 0.120827 0 -0.203613 0.118859 -0.97181 0 -5580.58 188.897 -189.852 1 2
-0.979048 -0.0218952 0.202451 0 0.00278521 0.99267 0.120827 0 -0.203613 0.118859 -0.97181 0 -5580.58 188.897 -189.852 1 2
-0.979048 -0.0218952 0.202451 0 0.00278521 0.99267 0.120827 0 -0.203613 0.118859 -0.97181 0 -5580.58 188.897 -189.852 1 2
-0.979048 -0.0218952 0.202451 0 0.00278521 0.99267 0.120827 0 -0.203613 0.118859 -0.97181 0 -5580.58 188.897 -189.852 1 2
-0.979048 -0.0218952 0.202451 0 0.00278521 0.99267 0.120827 0 -0.203613 0.118859 -0.97181 0 -5580.58 188.897 -189.852 1 2
-0.979048 -0.0218952 0.202451 0 0.00278521 0.99267 0.120827 0 -0.203613 0.118859 -0.97181 0 -5580.58 188.897 -189.852 1 2
-0.979048 -0.0218952 0.202451 0 0.00278521 0.99267 0.120827 0 -0.203613 0.118859 -0.97181 0 -5580.58 188.897 -189.852 1 2
-0.979048 -0.0218952 0.202451 0 0.00278521 0.99267 0.120827 0 -0.203613 0.118859 -0.97181 0 -5580.58 188.897 -189.852 1 2
-0.979048 -0.0218952 0.202451 0 0.00278521 0.99267 0.120827 0 -0.203613 0.118859 -0.97181 0 -5580.58 188.897 -189.852 1 2
-0.979048 -0.0218952 0.202451 0 0.00278521 0.99267 0.120827 0 -0.203613 0.118859 -0.97181 0 -5580.58 188.897 -189.852 1 2
-0.979048 -0.0218952 0.202451 0 0.00278521 0.99267 0.120827 0 -0.203613 0.118859 -0.97181 0 -5580.58 188.897 -189.852 1 2
-0.979048 -0.0218952 0.202451 0 0.00278521 0.99267 0.120827 0 -0.203613 0.118859 -0.97181 0 -5580.58 188.897 -189.852 1 2
-0.979048 -0.0218952 0.202451 0 0.00278521 0.99267 0.120827 0 -0.203613 0.118859 -0.97181 0 -5580.58 188.897 -189.852 1 2
-0.979048 -0.0218952 0.202451 0 0.00278521 0.99267 0.120827 0 -0.203613 0.118859 -0.97181 0 -5580.58 188.897 -189.852 1 2
-0.979048 -0.0218952 0.202451 0 0.00278521 0.99267 0.120827 0 -0.203613 0.118859 -0.97181 0 -5580.58 188.897 -189.852 1 2
-0.979048 -0.0218952 0.202451 0 0.00278521 0.99267 0.120827 0 -0.203613 0.118859 -0.97181 0 -5580.58 188.897 -189.852 1 2
-0.979048 -0.0218952 0.202451 0 0.00278521 0.99267 0.120827 0 -0.203613 0.118859 -0.97181 0 -5580.58 188.897 -189.852 1 2
-0.979048 -0.0218952 0.202451 0 0.00278521 0.99267 0.120827 0 -0.203613 0.118859 -0.97181 0 -5580.58 188.897 -189.852 1 2
-0.979048 -0.0218952 0.202451 0 0.00278521 0.99267 0.120827 0 -0.203613 0.118859 -0.97181 0 -5580.58 188.897 -189.852 1 2
-0.979048 -0.0218952 0.202451 0 0.00278521 0.99267 0.120827 0 -0.203613 0.118859 -0.97181 0 -5580.58 188.897 -189.852 1 2
-0.979048 -0.0218952 0.202451 0 0.00278521 0.99267 0.120827 0 -0.203613 0.118859 -0.97181 0 -5580.58 188.897 -189.852 1 2
-0.979048 -0.0218952 0.202451 0 0.00278521 0.99267 0.120827 0 -0.203613 0.118859 -0.97181 0 -5580.58 188.897 -189.852 1 2
-0.979048 -0.0218952 0.202451 0 0.00278521 0.99267 0.120827 0 -0.203613 0.118859 -0.97181 0 -5580.58 188.897 -189.852 1 2
-0.979048 -0.0218952 0.202451 0 0.00278521 0.99267 0.120827 0 -0.203613 0.118859 -0.97181 0 -5580.58 188.897 -189.852 1 2
-0.979048 -0.0218952 0.202451 0 0.00278521 0.99267 0.120827 0 -0.203613 0.118859 -0.97181 0 -5580.58 188.897 -189.852 1 2
-0.979048 -0.0218952 0.202451 0 0.00278521 0.99267 0.120827 0 -0.203613 0.118859 -0.97181 0 -5580.58 188.897 -189.852 1 2
-0.979048 -0.0218952 0.202451 0 0.00278521 0.99267 0.120827 0 -0.203613 0.118859 -0.97181 0 -5580.58 188.897 -189.852 1 2
-0.979048 -0.0218952 0.202451 0 0.00278521 0.99267 0.120827 0 -0.203613 0.118859 -0.97181 0 -5580.58 188.897 -189.852 1 2
-0.979048 -0.0218952 0.202451 0 0.00278521 0.99267 0.120827 0 -0.203613 0.118859 -0.97181 0 -5580.58 188.897 -189.852 1 2
-0.979048 -0.0218952 0.202451 0 0.00278521 0.99267 0.120827 0 -0.203613 0.118859 -0.97181 0 -5580.58 188.897 -189.852 1 2
-0.979048 -0.0218952 0.202451 0 0.00278521 0.99267 0.120827 0 -0.203613 0.118859 -0.97181 0 -5580.58 188.897 -189.852 1 2
-0.979048 -0.0218952 0.202451 0 0.00278521 0.99267 0.120827 0 -0.203613 0.118859 -0.97181 0 -5580.58 188.897 -189.852 1 2
-0.979048 -0.0218952 0.202451 0 0.00278521 0.99267 0.120827 0 -0.203613 0.118859 -0.97181 0 -5580.58 188.897 -189.852 1 2
-0.979048 -0.0218952 0.202451 0 0.00278521 0.99267 0.120827 0 -0.203613 0.118859 -0.97181 0 -5580.58 188.897 -189.852 1 2
-0.979048 -0.0218952 0.202451 0 0.00278521 0.99267 0.120827 0 -0.203613 0.118859 -0.97181 0 -5580.58 188.897 -189.852 1 2
-0.979048 -0.0218952 0.202451 0 0.00278521 0.99267 0.120827 0 -0.203613 0.118859 -0.97181 0 -5580.58 188.897 -189.852 1 2
-0.979048 -0.0218952 0.202451 0 0.00278521 0.99267 0.120827 0 -0.203613 0.118859 -0.97181 0 -5580.58 188.897 -189.852 1 2
-0.979048 -0.0218952 0.202451 0 0.00278521 0.99267 0.120827 0 -0.203613 0.118859 -0.97181 0 -5580.58 188.897 -189.852 1 2
-0.979048 -0.0218952 0.202451 0 0.00278521 0.99267 0.120827 0 -0.203613 0.118859 -0.97181 0 -5580.58 188.897 -189.852 1 2
-0.979048 -0.0218952 0.202451 0 0.00278521 0.99267 0.120827 0 -0.203613 0.118859 -0.97181 0 -5580.58 188.897 -189.852 1 2
-0.979048 -0.0218952 0.202451 0 0.00278521 0.99267 0.120827 0 -0.203613 0.118859 -0.97181 0 -5580.58 188.897 -189.852 1 2
-0.979048 -0.0218952 0.202451 0 0.00278521 0.99267 0.120827 0 -0.203613 0.118859 -0.97181 0 -5580.58 188.897 -189.852 1 2
-0.979048 -0.0218952 0.202451 0 0.00278521 0.99267 0.120827 0 -0.203613 0.118859 -0.97181 0 -5580.58 188.897 -189.852 1 2
-0.979048 -0.0218952 0.202451 0 0.00278521 0.99267 0.120827 0 -0.203613 0.118859 -0.97181 0 -5580.58 188.897 -189.852 1 2
-0.979048 -0.0218952 0.202451 0 0.00278521 0.99267 0.120827 0 -0.203613 0.118859 -0.97181 0 -5580.58 188.897 -189.852 1 2
-0.979256 -0.0348746 0.199604 0 -0.00801335 0.990972 0.133828 0 -0.20247 0.129452 -0.970695 0 -5579.99 173.616 -196.974 1 3
-0.979229 -0.0438745 0.197952 0 -0.0155893 0.989709 0.142244 0 -0.202156 0.136203 -0.969836 0 -5580.45 160.322 -205.214 1 3
-0.979077 -0.0506372 0.197087 0 -0.0212405 0.988684 0.148503 0 -0.202377 0.14121 -0.969074 0 -5581.27 146.579 -212.283 1 3
-0.978928 -0.0572053 0.196031 0 -0.0268149 0.987659 0.154309 0 -0.202439 0.145801 -0.96838 0 -5582.14 127.558 -217.329 1 3
-0.978752 -0.0625939 0.195262 0 -0.0314849 0.986852 0.158531 0 -0.202618 0.149015 -0.967854 0 -5583.09 107.64 -221.112 1 3
-0.978463 -0.0674577 0.195088 0 -0.0359835 0.986365 0.160591 0 -0.203261 0.150113 -0.967549 0 -5584.12 85.0613 -222.702 1 3
-0.978066 -0.0720915 0.195421 0 -0.0405797 0.986168 0.160703 0 -0.204303 0.149248 -0.967463 0 -5585 58.0354 -222.646 1 3
-0.977594 -0.0766735 0.196039 0 -0.0453485 0.986147 0.159555 0 -0.205557 0.147089 -0.967528 0 -5585.7 28.5316 -221.719 1 3
-0.977086 -0.08104 0.196814 0 -0.0500512 0.986232 0.157611 0 -0.206877 0.144148 -0.96769 0 -5586.15 -1.92215 -220.112 1 3
-0.97657 -0.0854164 0.197523 0 -0.054803 0.986304 0.155565 0 -0.208106 0.141095 -0.967876 0 -5586.44 -32.9971 -218.249 1 3
-0.976011 -0.0895733 0.198442 0 -0.0594271 0.986441 0.152978 0 -0.209454 0.137516 -0.9681 0 -5586.73 -64.0673 -215.332 1 3
-0.975382 -0.0937683 0.199592 0 -0.0641407 0.986595 0.150054 0 -0.210987 0.133558 -0.968322 0 -5586.74 -96.7679 -211.114 1 3
-0.974663 -0.0980964 0.201019 0 -0.0691214 0.986806 0.146414 0 -0.21273 0.12881 -0.968584 0 -5586.66 -132.594 -204.895 1 3
-0.973838 -0.102676 0.202725 0 -0.0744826 0.987043 0.142123 0 -0.214691 0.123305 -0.968867 0 -5586.42 -171.519 -197.134 1 3
-0.973041 -0.106267 0.204691 0 -0.0788635 0.987331 0.137686 0 -0.216729 0.117832 -0.969095 0 -5586.33 -205.575 -188.41 1 3
-0.972301 -0.108946 0.206789 0 -0.0822784 0.987632 0.133467 0 -0.218772 0.112756 -0.969239 0 -5586.69 -233.858 -178.657 1 3
-0.971629 -0.110368 0.209178 0 -0.0842355 0.987931 0.129986 0 -0.220999 0.108678 -0.9692 0 -5587.86 -254.095 -167.879 1 3
-0.971128 -0.109995 0.211686 0 -0.084441 0.988404 0.126206 0 -0.223113 0.104687 -0.969155 0 -5589.89 -266.479 -156.706 1 3
-0.970747 -0.1079 0.214495 0 -0.0831583 0.989136 0.121224 0 -0.225245 0.0998406 -0.969173 0 -5592.8 -273.429 -143.708 1 3
-0.970514 -0.103295 0.21779 0 -0.0795727 0.990169 0.115034 0 -0.227531 0.0943118 -0.969193 0 -5597 -270.997 -128.436 1 3
-0.970516 -0.0954723 0.221323 0 -0.0730943 0.991547 0.107201 0 -0.229687 0.087863 -0.96929 0 -5602.76 -256.14 -111.238 1 3
-0.970491 -0.0866836 0.225017 0 -0.065492 0.992829 0.100004 0 -0.232072 0.0823167 -0.969209 0 -5609.39 -233.893 -92.5041 1 3
-0.970399 -0.0779798 0.228569 0 -0.0578296 0.993931 0.0935766 0 -0.234479 0.0775886 -0.96902 0 -5615.91 -207.955 -74.2206 1 3
-0.970187 -0.0699996 0.232028 0 -0.0505701 0.994777 0.0886597 0 -0.237022 0.0742829 -0.96866 0 -5622.05 -181.074 -55.7915 1 3
-0.969901 -0.062869 0.235245 0 -0.0439673 0.995431 0.0847533 0 -0.239498 0.0718592 -0.968234 0 -5627.61 -155.548 -39.1827 1 3
-0.969609 -0.0569167 0.237947 0 -0.0384035 0.995914 0.0817314 0 -0.241627 0.0701095 -0.967833 0 -5632.63 -133.63 -25.5978 1 3
-0.969303 -0.0520821 0.240288 0 -0.0337953 0.996253 0.079609 0 -0.243534 0.0690446 -0.967432 0 -5637.14 -114.82 -14.3475 1 3
-0.969018 -0.0481616 0.242248 0 -0.0300098 0.996496 0.0780722 0 -0.245159 0.0683836 -0.967068 0 -5641.2 -99.0431 -4.91853 1 3
-0.968703 -0.045085 0.244095 0 -0.0268757 0.996636 0.0774238 0 -0.246764 0.0684404 -0.966656 0 -5644.71 -85.555 3.92247 1 3
-0.968443 -0.0427339 0.245543 0 -0.0243873 0.996711 0.0772799 0 -0.248038 0.068853 -0.9663 0 -5647.85 -74.8007 10.6173 1 3
-0.968214 -0.0407884 0.246774 0 -0.0223182 0.996767 0.077187 0 -0.249125 0.069226 -0.965994 0 -5650.59 -65.7861 15.8763 1 3
-0.96802 -0.0391465 0.247799 0 -0.0205471 0.996803 0.0772052 0 -0.250029 0.0696447 -0.96573 0 -5652.96 -58.2523 20.3235 1 3
-0.96783 -0.0378787 0.248736 0 -0.0191113 0.996814 0.0774373 0 -0.250877 0.0701925 -0.965471 0 -5655.04 -51.9819 24.482 1 3
-0.96765 -0.0369806 0.249573 0 -0.0180662 0.996816 0.0776573 0 -0.25165 0.0706363 -0.965237 0 -5656.84 -47.5417 28.134 1 3
-0.967491 -0.0360761 0.250318 0 -0.0170135 0.996816 0.0779042 0 -0.252332 0.0711128 -0.965024 0 -5658.42 -43.1313 31.3749 1 3
-0.967311 -0.0355376 0.25109 0 -0.0164076 0.996828 0.077875 0 -0.253061 0.0712096 -0.964826 0 -5659.94 -40.571 35.0806 1 3
-0.967168 -0.0350689 0.251705 0 -0.0158698 0.996834 0.0779051 0 -0.25364 0.0713529 -0.964663 0 -5661.29 -38.5591 38.1552 1 3
-0.967019 -0.0346589 0.252334 0 -0.0153924 0.99684 0.0779309 0 -0.254237 0.0714766 -0.964497 0 -5662.52 -36.7573 41.1085 1 3
-0.966875 -0.0344664 0.252911 0 -0.015145 0.996842 0.0779491 0 -0.254799 0.0715367 -0.964344 0 -5663.69 -35.6384 43.7516 1 3
-0.966755 -0.0341915 0.253407 0 -0.0147875 0.996837 0.0780855 0 -0.255276 0.0717423 -0.964203 0 -5664.79 -33.9807 45.8888 1 3
-0.966653 -0.0339926 0.253824 0 -0.0144949 0.996825 0.0782952 0 -0.255679 0.0720052 -0.964076 0 -5665.8 -32.7289 47.3643 1 3
-0.966452 -0.0341907 0.254563 0 -0.0144932 0.996781 0.0788551 0 -0.25644 0.0725202 -0.963836 0 -5667.24 -32.9427 50.0619 1 3
-0.966383 -0.0341733 0.254826 0 -0.0142594 0.996726 0.0795889 0 -0.256712 0.0732797 -0.963706 0 -5669.19 -31.325 48.0055 1 3
-0.966316 -0.0339839 0.255105 0 -0.0138966 0.996687 0.0801351 0 -0.256983 0.0738908 -0.963587 0 -5670.91 -29.4087 46.8048 1 3
-0.96626 -0.033796 0.255342 0 -0.0135576 0.996654 0.0806087 0 -0.257211 0.0744271 -0.963485 0 -5672.38 -27.4137 46.0107 1 3
-0.966185 -0.0336739 0.25564 0 -0.0133126 0.996628 0.080965 0 -0.257504 0.074824 -0.963376 0 -5673.71 -26.0775 45.9157 1 3
-0.966106 -0.03348 0.255967 0 -0.0129728 0.996598 0.0813897 0 -0.257821 0.0753105 -0.963253 0 -5674.98 -24.2201 46.2268 1 3
-0.966024 -0.0333787 0.256288 0 -0.0127512 0.996573 0.0817295 0 -0.258138 0.0756847 -0.963139 0 -5676.07 -22.8162 46.8596 1 3
-0.965951 -0.0332939 0.256575 0 -0.012578 0.996556 0.0819625 0 -0.25842 0.0759445 -0.963043 0 -5677 -21.6674 47.4157 1 3
-0.965906 -0.0330751 0.256772 0 -0.0122718 0.99654 0.0822025 0 -0.258602 0.0762489 -0.96297 0 -5677.81 -20.1457 47.7374 1 3
