0.873115 0 0.487514 0 0 1 0 0 -0.487514 0 0.873115 0 -869.278 0 572.788 1 0
0.873115 0 0.487514 0 0 1 0 0 -0.487514 0 0.873115 0 -869.278 0 572.788 1 0
0.873115 0 0.487514 0 0 1 0 0 -0.487514 0 0.873115 0 -869.278 0 572.788 1 0
0.873115 0 0.487514 0 0 1 0 0 -0.487514 0 0.873115 0 -869.278 0 572.788 1 0
0.873115 0 0.487514 0 0 1 0 0 -0.487514 0 0.873115 0 -869.278 0 572.788 1 0
0.873115 0 0.487514 0 0 1 0 0 -0.487514 0 0.873115 0 -869.278 0 572.788 1 0
0.873115 0 0.487514 0 0 1 0 0 -0.487514 0 0.873115 0 -869.278 0 572.788 1 0
0.873115 0 0.487514 0 0 1 0 0 -0.487514 0 0.873115 0 -869.278 0 572.788 1 0
0.873115 0 0.487514 0 0 1 0 0 -0.487514 0 0.873115 0 -869.278 0 572.788 1 0
0.873115 0 0.487514 0 0 1 0 0 -0.487514 0 0.873115 0 -869.278 0 572.788 1 0
0.873115 0 0.487514 0 0 1 0 0 -0.487514 0 0.873115 0 -869.278 0 572.788 1 0
0.873115 0 0.487514 0 0 1 0 0 -0.487514 0 0.873115 0 -869.278 0 572.788 1 0
0.873115 0 0.487514 0 0 1 0 0 -0.487514 0 0.873115 0 -869.278 0 572.788 1 0
0.873115 0 0.487514 0 0 1 0 0 -0.487514 0 0.873115 0 -869.278 0 572.788 1 0
0.873115 0 0.487514 0 0 1 0 0 -0.487514 0 0.873115 0 -869.278 0 572.788 1 0
0.873115 0 0.487514 0 0 1 0 0 -0.487514 0 0.873115 0 -869.278 0 572.788 1 0
0.873115 0 0.487514 0 0 1 0 0 -0.487514 0 0.873115 0 -869.278 0 572.788 1 0
0.873115 0 0.487514 0 0 1 0 0 -0.487514 0 0.873115 0 -869.278 0 572.788 1 0
0.887088 -0.051978 0.458665 0 0.0526202 0.99855 0.0113893 0 -0.458592 0.0140318 0.888536 0 -641.062 -12.2478 837.479 1 1
0.8862 -0.038537 0.461698 0 0.0386592 0.99921 0.00919824 0 -0.461688 0.0096974 0.88699 0 -606.503 -13.9367 855.473 1 1
0.8862 -0.038537 0.461698 0 0.0386592 0.99921 0.00919824 0 -0.461688 0.0096974 0.88699 0 -606.503 -13.9367 855.473 1 2
0.8862 -0.038537 0.461698 0 0.0386592 0.99921 0.00919824 0 -0.461688 0.0096974 0.88699 0 -606.503 -13.9367 855.473 1 2
0.8862 -0.038537 0.461698 0 0.0386592 0.99921 0.00919824 0 -0.461688 0.0096974 0.88699 0 -606.503 -13.9367 855.473 1 2
0.8862 -0.038537 0.461698 0 0.0386592 0.99921 0.00919824 0 -0.461688 0.0096974 0.88699 0 -606.503 -13.9367 855.473 1 2
0.8862 -0.038537 0.461698 0 0.0386592 0.99921 0.00919824 0 -0.461688 0.0096974 0.88699 0 -606.503 -13.9367 855.473 1 2
0.8862 -0.038537 0.461698 0 0.0386592 0.99921 0.00919824 0 -0.461688 0.0096974 0.88699 0 -606.503 -13.9367 855.473 1 2
0.8862 -0.038537 0.461698 0 0.0386592 0.99921 0.00919824 0 -0.461688 0.0096974 0.88699 0 -606.503 -13.9367 855.473 1 2
0.8862 -0.038537 0.461698 0 0.0386592 0.99921 0.00919824 0 -0.461688 0.0096974 0.88699 0 -606.503 -13.9367 855.473 1 2
0.8862 -0.038537 0.461698 0 0.0386592 0.99921 0.00919824 0 -0.461688 0.0096974 0.88699 0 -606.503 -13.9367 855.473 1 2
0.8862 -0.038537 0.461698 0 0.0386592 0.99921 0.00919824 0 -0.461688 0.0096974 0.88699 0 -606.503 -13.9367 855.473 1 2
0.8862 -0.038537 0.461698 0 0.0386592 0.99921 0.00919824 0 -0.461688 0.0096974 0.88699 0 -606.503 -13.9367 855.473 1 2
0.8862 -0.038537 0.461698 0 0.0386592 0.99921 0.00919824 0 -0.461688 0.0096974 0.88699 0 -606.503 -13.9367 855.473 1 2
0.8862 -0.038537 0.461698 0 0.0386592 0.99921 0.00919824 0 -0.461688 0.0096974 0.88699 0 -606.503 -13.9367 855.473 1 2
0.8862 -0.038537 0.461698 0 0.0386592 0.99921 0.00919824 0 -0.461688 0.0096974 0.88699 0 -606.503 -13.9367 855.473 1 2
0.8862 -0.038537 0.461698 0 0.0386592 0.99921 0.00919824 0 -0.461688 0.0096974 0.88699 0 -606.503 -13.9367 855.473 1 2
0.8862 -0.038537 0.461698 0 0.0386592 0.99921 0.00919824 0 -0.461688 0.0096974 0.88699 0 -606.503 -13.9367 855.473 1 2
0.8862 -0.038537 0.461698 0 0.0386592 0.99921 0.00919824 0 -0.461688 0.0096974 0.88699 0 -606.503 -13.9367 855.473 1 2
0.8862 -0.038537 0.461698 0 0.0386592 0.99921 0.00919824 0 -0.461688 0.0096974 0.88699 0 -606.503 -13.9367 855.473 1 2
0.8862 -0.038537 0.461698 0 0.0386592 0.99921 0.00919824 0 -0.461688 0.0096974 0.88699 0 -606.503 -13.9367 855.473 1 2
0.8862 -0.038537 0.461698 0 0.0386592 0.99921 0.00919824 0 -0.461688 0.0096974 0.88699 0 -606.503 -13.9367 855.473 1 2
0.8862 -0.038537 0.461698 0 0.0386592 0.99921 0.00919824 0 -0.461688 0.0096974 0.88699 0 -606.503 -13.9367 855.473 1 2
0.8862 -0.038537 0.461698 0 0.0386592 0.99921 0.00919824 0 -0.461688 0.0096974 0.88699 0 -606.503 -13.9367 855.473 1 2
0.8862 -0.038537 0.461698 0 0.0386592 0.99921 0.00919824 0 -0.461688 0.0096974 0.88699 0 -606.503 -13.9367 855.473 1 2
0.8862 -0.038537 0.461698 0 0.0386592 0.99921 0.00919824 0 -0.461688 0.0096974 0.88699 0 -606.503 -13.9367 855.473 1 2
0.8862 -0.038537 0.461698 0 0.0386592 0.99921 0.00919824 0 -0.461688 0.0096974 0.88699 0 -606.503 -13.9367 855.473 1 2
0.8862 -0.038537 0.461698 0 0.0386592 0.99921 0.00919824 0 -0.461688 0.0096974 0.88699 0 -606.503 -13.9367 855.473 1 2
0.8862 -0.038537 0.461698 0 0.0386592 0.99921 0.00919824 0 -0.461688 0.0096974 0.88699 0 -606.503 -13.9367 855.473 1 2
0.8862 -0.038537 0.461698 0 0.0386592 0.99921 0.00919824 0 -0.461688 0.0096974 0.88699 0 -606.503 -13.9367 855.473 1 2
0.8862 -0.038537 0.461698 0 0.0386592 0.99921 0.00919824 0 -0.461688 0.0096974 0.88699 0 -606.503 -13.9367 855.473 1 2
0.8862 -0.038537 0.461698 0 0.0386592 0.99921 0.00919824 0 -0.461688 0.0096974 0.88699 0 -606.503 -13.9367 855.473 1 2
0.8862 -0.038537 0.461698 0 0.0386592 0.99921 0.00919824 0 -0.461688 0.0096974 0.88699 0 -606.503 -13.9367 855.473 1 2
0.8862 -0.038537 0.461698 0 0.0386592 0.99921 0.00919824 0 -0.461688 0.0096974 0.88699 0 -606.503 -13.9367 855.473 1 2
0.8862 -0.038537 0.461698 0 0.0386592 0.99921 0.00919824 0 -0.461688 0.0096974 0.88699 0 -606.503 -13.9367 855.473 1 2
0.8862 -0.038537 0.461698 0 0.0386592 0.99921 0.00919824 0 -0.461688 0.0096974 0.88699 0 -606.503 -13.9367 855.473 1 2
0.8862 -0.038537 0.461698 0 0.0386592 0.99921 0.00919824 0 -0.461688 0.0096974 0.88699 0 -606.503 -13.9367 855.473 1 2
0.8862 -0.038537 0.461698 0 0.0386592 0.99921 0.00919824 0 -0.461688 0.0096974 0.88699 0 -606.503 -13.9367 855.473 1 2
0.8862 -0.038537 0.461698 0 0.0386592 0.99921 0.00919824 0 -0.461688 0.0096974 0.88699 0 -606.503 -13.9367 855.473 1 2
0.8862 -0.038537 0.461698 0 0.0386592 0.99921 0.00919824 0 -0.461688 0.0096974 0.88699 0 -606.503 -13.9367 855.473 1 2
0.8862 -0.038537 0.461698 0 0.0386592 0.99921 0.00919824 0 -0.461688 0.0096974 0.88699 0 -606.503 -13.9367 855.473 1 2
0.8862 -0.038537 0.461698 0 0.0386592 0.99921 0.00919824 0 -0.461688 0.0096974 0.88699 0 -606.503 -13.9367 855.473 1 2
0.8862 -0.038537 0.461698 0 0.0386592 0.99921 0.00919824 0 -0.461688 0.0096974 0.88699 0 -606.503 -13.9367 855.473 1 2
0.8862 -0.038537 0.461698 0 0.0386592 0.99921 0.00919824 0 -0.461688 0.0096974 0.88699 0 -606.503 -13.9367 855.473 1 2
0.8862 -0.038537 0.461698 0 0.0386592 0.99921 0.00919824 0 -0.461688 0.0096974 0.88699 0 -606.503 -13.9367 855.473 1 2
0.8862 -0.038537 0.461698 0 0.0386592 0.99921 0.00919824 0 -0.461688 0.0096974 0.88699 0 -606.503 -13.9367 855.473 1 2
0.8862 -0.038537 0.461698 0 0.0386592 0.99921 0.00919824 0 -0.461688 0.0096974 0.88699 0 -606.503 -13.9367 855.473 1 2
0.8862 -0.038537 0.461698 0 0.0386592 0.99921 0.00919824 0 -0.461688 0.0096974 0.88699 0 -606.503 -13.9367 855.473 1 2
0.8862 -0.038537 0.461698 0 0.0386592 0.99921 0.00919824 0 -0.461688 0.0096974 0.88699 0 -606.503 -13.9367 855.473 1 2
0.8862 -0.038537 0.461698 0 0.0386592 0.99921 0.00919824 0 -0.461688 0.0096974 0.88699 0 -606.503 -13.9367 855.473 1 2
0.8862 -0.038537 0.461698 0 0.0386592 0.99921 0.00919824 0 -0.461688 0.0096974 0.88699 0 -606.503 -13.9367 855.473 1 2
0.8862 -0.038537 0.461698 0 0.0386592 0.99921 0.00919824 0 -0.461688 0.0096974 0.88699 0 -606.503 -13.9367 855.473 1 2
0.8862 -0.038537 0.461698 0 0.0386592 0.99921 0.00919824 0 -0.461688 0.0096974 0.88699 0 -606.503 -13.9367 855.473 1 2
0.8862 -0.038537 0.461698 0 0.0386592 0.99921 0.00919824 0 -0.461688 0.0096974 0.88699 0 -606.503 -13.9367 855.473 1 2
0.8862 -0.038537 0.461698 0 0.0386592 0.99921 0.00919824 0 -0.461688 0.0096974 0.88699 0 -606.503 -13.9367 855.473 1 2
0.8862 -0.038537 0.461698 0 0.0386592 0.99921 0.00919824 0 -0.461688 0.0096974 0.88699 0 -606.503 -13.9367 855.473 1 2
0.8862 -0.038537 0.461698 0 0.0386592 0.99921 0.00919824 0 -0.461688 0.0096974 0.88699 0 -606.503 -13.9367 855.473 1 2
0.8862 -0.038537 0.461698 0 0.0386592 0.99921 0.00919824 0 -0.461688 0.0096974 0.88699 0 -606.503 -13.9367 855.473 1 2
0.8862 -0.038537 0.461698 0 0.0386592 0.99921 0.00919824 0 -0.461688 0.0096974 0.88699 0 -606.503 -13.9367 855.473 1 2
0.8862 -0.038537 0.461698 0 0.0386592 0.99921 0.00919824 0 -0.461688 0.0096974 0.88699 0 -606.503 -13.9367 855.473 1 2
0.8862 -0.038537 0.461698 0 0.0386592 0.99921 0.00919824 0 -0.461688 0.0096974 0.88699 0 -606.503 -13.9367 855.473 1 2
0.8862 -0.038537 0.461698 0 0.0386592 0.99921 0.00919824 0 -0.461688 0.0096974 0.88699 0 -606.503 -13.9367 855.473 1 2
0.8862 -0.038537 0.461698 0 0.0386592 0.99921 0.00919824 0 -0.461688 0.0096974 0.88699 0 -606.503 -13.9367 855.473 1 2
0.8862 -0.038537 0.461698 0 0.0386592 0.99921 0.00919824 0 -0.461688 0.0096974 0.88699 0 -606.503 -13.9367 855.473 1 2
0.8862 -0.038537 0.461698 0 0.0386592 0.99921 0.00919824 0 -0.461688 0.0096974 0.88699 0 -606.503 -13.9367 855.473 1 2
0.8862 -0.038537 0.461698 0 0.0386592 0.99921 0.00919824 0 -0.461688 0.0096974 0.88699 0 -606.503 -13.9367 855.473 1 2
0.8862 -0.038537 0.461698 0 0.0386592 0.99921 0.00919824 0 -0.461688 0.0096974 0.88699 0 -606.503 -13.9367 855.473 1 2
0.8862 -0.038537 0.461698 0 0.0386592 0.99921 0.00919824 0 -0.461688 0.0096974 0.88699 0 -606.503 -13.9367 855.473 1 2
0.8862 -0.038537 0.461698 0 0.0386592 0.99921 0.00919824 0 -0.461688 0.0096974 0.88699 0 -606.503 -13.9367 855.473 1 2
0.8862 -0.038537 0.461698 0 0.0386592 0.99921 0.00919824 0 -0.461688 0.0096974 0.88699 0 -606.503 -13.9367 855.473 1 2
0.8862 -0.038537 0.461698 0 0.0386592 0.99921 0.00919824 0 -0.461688 0.0096974 0.88699 0 -606.503 -13.9367 855.473 1 2
0.8862 -0.038537 0.461698 0 0.0386592 0.99921 0.00919824 0 -0.461688 0.0096974 0.88699 0 -606.503 -13.9367 855.473 1 2
0.8862 -0.038537 0.461698 0 0.0386592 0.99921 0.00919824 0 -0.461688 0.0096974 0.88699 0 -606.503 -13.9367 855.473 1 2
0.8862 -0.038537 0.461698 0 0.0386592 0.99921 0.00919824 0 -0.461688 0.0096974 0.88699 0 -606.503 -13.9367 855.473 1 2
0.8862 -0.038537 0.461698 0 0.0386592 0.99921 0.00919824 0 -0.461688 0.0096974 0.88699 0 -606.503 -13.9367 855.473 1 2
0.8862 -0.038537 0.461698 0 0.0386592 0.99921 0.00919824 0 -0.461688 0.0096974 0.88699 0 -606.503 -13.9367 855.473 1 2
0.8862 -0.038537 0.461698 0 0.0386592 0.99921 0.00919824 0 -0.461688 0.0096974 0.88699 0 -606.503 -13.9367 855.473 1 2
0.8862 -0.038537 0.461698 0 0.0386592 0.99921 0.00919824 0 -0.461688 0.0096974 0.88699 0 -606.503 -13.9367 855.473 1 2
0.8862 -0.038537 0.461698 0 0.0386592 0.99921 0.00919824 0 -0.461688 0.0096974 0.88699 0 -606.503 -13.9367 855.473 1 2
0.8862 -0.038537 0.461698 0 0.0386592 0.99921 0.00919824 0 -0.461688 0.0096974 0.88699 0 -606.503 -13.9367 855.473 1 2
0.8862 -0.038537 0.461698 0 0.0386592 0.99921 0.00919824 0 -0.461688 0.0096974 0.88699 0 -606.503 -13.9367 855.473 1 2
0.8862 -0.038537 0.461698 0 0.0386592 0.99921 0.00919824 0 -0.461688 0.0096974 0.88699 0 -606.503 -13.9367 855.473 1 2
0.8862 -0.038537 0.461698 0 0.0386592 0.99921 0.00919824 0 -0.461688 0.0096974 0.88699 0 -606.503 -13.9367 855.473 1 2
0.8862 -0.038537 0.461698 0 0.0386592 0.99921 0.00919824 0 -0.461688 0.0096974 0.88699 0 -606.503 -13.9367 855.473 1 2
0.8862 -0.038537 0.461698 0 0.0386592 0.99921 0.00919824 0 -0.461688 0.0096974 0.88699 0 -606.503 -13.9367 855.473 1 2
0.8862 -0.038537 0.461698 0 0.0386592 0.99921 0.00919824 0 -0.461688 0.0096974 0.88699 0 -606.503 -13.9367 855.473 1 2
0.8862 -0.038537 0.461698 0 0.0386592 0.99921 0.00919824 0 -0.461688 0.0096974 0.88699 0 -606.503 -13.9367 855.473 1 2
0.8862 -0.038537 0.461698 0 0.0386592 0.99921 0.00919824 0 -0.461688 0.0096974 0.88699 0 -606.503 -13.9367 855.473 1 2
0.8862 -0.038537 0.461698 0 0.0386592 0.99921 0.00919824 0 -0.461688 0.0096974 0.88699 0 -606.503 -13.9367 855.473 1 2
0.8862 -0.038537 0.461698 0 0.0386592 0.99921 0.00919824 0 -0.461688 0.0096974 0.88699 0 -606.503 -13.9367 855.473 1 2
0.8862 -0.038537 0.461698 0 0.0386592 0.99921 0.00919824 0 -0.461688 0.0096974 0.88699 0 -606.503 -13.9367 855.473 1 2
0.8862 -0.038537 0.461698 0 0.0386592 0.99921 0.00919824 0 -0.461688 0.0096974 0.88699 0 -606.503 -13.9367 855.473 1 2
0.8862 -0.038537 0.461698 0 0.0386592 0.99921 0.00919824 0 -0.461688 0.0096974 0.88699 0 -606.503 -13.9367 855.473 1 2
0.8862 -0.038537 0.461698 0 0.0386592 0.99921 0.00919824 0 -0.461688 0.0096974 0.88699 0 -606.503 -13.9367 855.473 1 2
0.8862 -0.038537 0.461698 0 0.0386592 0.99921 0.00919824 0 -0.461688 0.0096974 0.88699 0 -606.503 -13.9367 855.473 1 2
0.8862 -0.038537 0.461698 0 0.0386592 0.99921 0.00919824 0 -0.461688 0.0096974 0.88699 0 -606.503 -13.9367 855.473 1 2
0.8862 -0.038537 0.461698 0 0.0386592 0.99921 0.00919824 0 -0.461688 0.0096974 0.88699 0 -606.503 -13.9367 855.473 1 2
0.8862 -0.038537 0.461698 0 0.0386592 0.99921 0.00919824 0 -0.461688 0.0096974 0.88699 0 -606.503 -13.9367 855.473 1 2
0.8862 -0.038537 0.461698 0 0.0386592 0.99921 0.00919824 0 -0.461688 0.0096974 0.88699 0 -606.503 -13.9367 855.473 1 2
0.8862 -0.038537 0.461698 0 0.0386592 0.99921 0.00919824 0 -0.461688 0.0096974 0.88699 0 -606.503 -13.9367 855.473 1 2
0.8862 -0.038537 0.461698 0 0.0386592 0.99921 0.00919824 0 -0.461688 0.0096974 0.88699 0 -606.503 -13.9367 855.473 1 2
0.8862 -0.038537 0.461698 0 0.0386592 0.99921 0.00919824 0 -0.461688 0.0096974 0.88699 0 -606.503 -13.9367 855.473 1 2
0.8862 -0.038537 0.461698 0 0.0386592 0.99921 0.00919824 0 -0.461688 0.0096974 0.88699 0 -606.503 -13.9367 855.473 1 2
0.8862 -0.038537 0.461698 0 0.0386592 0.99921 0.00919824 0 -0.461688 0.0096974 0.88699 0 -606.503 -13.9367 855.473 1 2
0.8862 -0.038537 0.461698 0 0.0386592 0.99921 0.00919824 0 -0.461688 0.0096974 0.88699 0 -606.503 -13.9367 855.473 1 2
0.8862 -0.038537 0.461698 0 0.0386592 0.99921 0.00919824 0 -0.461688 0.0096974 0.88699 0 -606.503 -13.9367 855.473 1 2
0.8862 -0.038537 0.461698 0 0.0386592 0.99921 0.00919824 0 -0.461688 0.0096974 0.88699 0 -606.503 -13.9367 855.473 1 2
0.8862 -0.038537 0.461698 0 0.0386592 0.99921 0.00919824 0 -0.461688 0.0096974 0.88699 0 -606.503 -13.9367 855.473 1 2
0.8862 -0.038537 0.461698 0 0.0386592 0.99921 0.00919824 0 -0.461688 0.0096974 0.88699 0 -606.503 -13.9367 855.473 1 2
0.8862 -0.038537 0.461698 0 0.0386592 0.99921 0.00919824 0 -0.461688 0.0096974 0.88699 0 -606.503 -13.9367 855.473 1 2
0.886539 -0.0410586 0.460828 0 0.0398259 0.99913 0.0124029 0 -0.460936 0.00735724 0.887403 0 -605.168 -18.435 855.025 1 3
0.886473 -0.0420154 0.460869 0 0.0399677 0.9991 0.0142064 0 -0.461051 0.00582625 0.887354 0 -603.627 -20.4439 854.875 1 3
0.886485 -0.0415787 0.460886 0 0.0390161 0.999125 0.0150907 0 -0.46111 0.00460429 0.887331 0 -602.072 -21.9512 854.705 1 3
0.886881 -0.0393259 0.460321 0 0.0362554 0.999222 0.0155133 0 -0.460573 0.00293065 0.887617 0 -601.602 -23.7634 855.3 1 3
0.887163 -0.0368703 0.459981 0 0.0333823 0.999319 0.0157174 0 -0.460248 0.0014113 0.887789 0 -601.059 -25.2947 855.621 1 3
0.887375 -0.034081 0.459788 0 0.0303385 0.999419 0.0155281 0 -0.46005 0.000170052 0.887893 0 -600.18 -26.4716 856.058 1 3
0.887551 -0.03117 0.459655 0 0.0272609 0.999514 0.0151405 0 -0.459903 -0.000907338 0.887969 0 -599.186 -27.5963 856.543 1 3
0.887682 -0.0282297 0.459591 0 0.024199 0.9996 0.0146595 0 -0.459821 -0.0018913 0.88801 0 -598.121 -28.674 856.958 1 3
0.887871 -0.0254851 0.459387 0 0.021245 0.999671 0.0143974 0 -0.459602 -0.00302335 0.88812 0 -597.084 -29.9206 857.534 1 3
0.887984 -0.0228319 0.459308 0 0.0183658 0.999731 0.0141892 0 -0.459508 -0.00416423 0.888164 0 -596.132 -31.1619 857.785 1 3
0.888098 -0.0200712 0.459216 0 0.0155347 0.999786 0.0136549 0 -0.459392 -0.00499314 0.88822 0 -595.186 -32.2313 858.117 1 3
0.888222 -0.0171701 0.459094 0 0.0125188 0.999835 0.0131733 0 -0.459244 -0.00595352 0.88829 0 -594.001 -33.5556 858.6 1 3
0.888424 -0.0138551 0.458815 0 0.00911415 0.99988 0.0125459 0 -0.458934 -0.00696432 0.888443 0 -592.618 -34.8978 859.24 1 3
0.888696 -0.0103759 0.458379 0 0.00548009 0.999913 0.0120093 0 -0.458464 -0.00816068 0.888675 0 -591.022 -36.2771 859.881 1 3
0.888977 -0.00752083 0.45789 0 0.00254887 0.999931 0.0114753 0 -0.457945 -0.00903418 0.888935 0 -589.499 -37.565 860.512 1 3
0.889268 -0.00533788 0.457355 0 0.000288167 0.999938 0.0111102 0 -0.457386 -0.00974811 0.889215 0 -588.159 -38.4786 861.129 1 3
0.889536 -0.00394377 0.456848 0 -0.00123273 0.999938 0.0110323 0 -0.456864 -0.0103768 0.889476 0 -586.697 -39.0561 861.396 1 3
0.889827 -0.00317479 0.456287 0 -0.00190377 0.999941 0.0106701 0 -0.456294 -0.0103632 0.889769 0 -585.568 -39.1248 861.706 1 3
0.890188 -0.00279854 0.455584 0 -0.00196195 0.999948 0.00997597 0 -0.455589 -0.00977432 0.890137 0 -584.569 -38.758 862.207 1 3
0.890673 -0.00360347 0.45463 0 -0.000812046 0.999954 0.0095167 0 -0.454643 -0.00884545 0.89063 0 -583.789 -37.8527 862.71 1 3
0.891265 -0.00522599 0.453453 0 0.0017722 0.999966 0.00804122 0 -0.453479 -0.00636325 0.891244 0 -583.568 -36.1996 863.464 1 3
0.89189 -0.0075849 0.452189 0 0.00495989 0.999963 0.00699033 0 -0.452225 -0.0039918 0.891895 0 -583.64 -34.6952 864.367 1 3
0.892501 -0.0105043 0.450924 0 0.00861046 0.999943 0.0062514 0 -0.450964 -0.00169671 0.89254 0 -583.757 -33.2305 865.073 1 3
0.893152 -0.0132095 0.449561 0 0.0120529 0.999913 0.00543497 0 -0.449593 0.000564244 0.893233 0 -583.855 -31.687 865.744 1 3
0.893738 -0.0155202 0.44832 0 0.0149779 0.999877 0.00475548 0 -0.448339 0.00246474 0.89386 0 -583.831 -30.3484 866.318 1 3
0.894129 -0.0174137 0.447471 0 0.0173622 0.99984 0.00421674 0 -0.447473 0.00399876 0.894288 0 -584.148 -29.3409 866.612 1 3
0.894453 -0.0191823 0.44675 0 0.0195886 0.999801 0.00371004 0 -0.446732 0.00543274 0.894651 0 -584.568 -28.318 867.043 1 3
0.894641 -0.0207459 0.446303 0 0.0214385 0.999764 0.00349828 0 -0.44627 0.00643834 0.894875 0 -585.037 -27.78 867.246 1 3
0.894864 -0.0221684 0.445788 0 0.0229451 0.99973 0.00365582 0 -0.445749 0.00695718 0.895131 0 -585.353 -27.6003 867.384 1 3
0.894983 -0.0233381 0.445489 0 0.0241475 0.999701 0.00385989 0 -0.445446 0.00730292 0.895279 0 -585.835 -27.5309 867.437 1 3
0.89504 -0.0242283 0.445327 0 0.0251011 0.999677 0.00393864 0 -0.445278 0.00765295 0.89536 0 -586.262 -27.4303 867.405 1 3
0.895077 -0.02487 0.445218 0 0.0257687 0.99966 0.00403531 0 -0.445167 0.00786077 0.895413 0 -586.537 -27.4089 867.302 1 3
0.895108 -0.0253258 0.445129 0 0.0262421 0.999647 0.00410516 0 -0.445076 0.00800656 0.895457 0 -586.719 -27.5478 867.163 1 3
0.895158 -0.0256247 0.445011 0 0.0265404 0.999639 0.00417427 0 -0.444958 0.00807415 0.895515 0 -586.795 -27.7128 866.975 1 3
0.895196 -0.0258624 0.444922 0 0.0267895 0.999632 0.00420518 0 -0.444867 0.00815479 0.895559 0 -586.747 -27.7672 866.841 1 3
0.895229 -0.0259195 0.444853 0 0.0270065 0.999628 0.00389541 0 -0.444788 0.00852661 0.895595 0 -586.771 -27.5995 867.407 1 3
0.895235 -0.025908 0.44484 0 0.027096 0.999626 0.00368898 0 -0.444769 0.00875091 0.895602 0 -586.77 -27.5564 867.863 1 3
0.895243 -0.0258958 0.444825 0 0.0271771 0.999625 0.00349786 0 -0.444749 0.00895764 0.895611 0 -586.702 -27.4631 868.224 1 3
0.895281 -0.0258169 0.444752 0 0.0271828 0.999625 0.00330728 0 -0.444671 0.00912868 0.895647 0 -586.683 -27.3627 868.515 1 3
0.895286 -0.0258123 0.444744 0 0.0272282 0.999624 0.00320522 0 -0.444659 0.00923999 0.895652 0 -586.714 -27.293 868.779 1 3
0.89526 -0.0258188 0.444796 0 0.0272487 0.999624 0.00317996 0 -0.44471 0.00927321 0.895626 0 -586.724 -27.2709 868.931 1 3
0.895335 -0.0257845 0.444647 0 0.027068 0.999628 0.00346342 0 -0.444571 0.00893479 0.895699 0 -586.787 -27.5083 868.949 1 3
0.895122 -0.0258932 0.445068 0 0.02709 0.999626 0.00367283 0 -0.444997 0.00876927 0.895489 0 -587.22 -27.6206 868.772 1 3
0.894997 -0.025992 0.445315 0 0.0271183 0.999625 0.00384324 0 -0.445248 0.0086365 0.895366 0 -587.49 -27.7444 868.592 1 3
0.894892 -0.0261023 0.445519 0 0.0271711 0.999623 0.00398927 0 -0.445455 0.00853527 0.895264 0 -587.696 -27.8431 868.438 1 3
0.894809 -0.0261478 0.445683 0 0.0271902 0.999622 0.00405642 0 -0.445621 0.0084885 0.895182 0 -587.785 -27.8977 868.311 1 3
0.894745 -0.026287 0.445802 0 0.0272875 0.999619 0.00417585 0 -0.445742 0.00842851 0.895122 0 -587.859 -27.9526 868.222 1 3
0.894708 -0.0263827 0.445871 0 0.0273623 0.999617 0.00424187 0 -0.445812 0.00840485 0.895087 0 -587.879 -27.9682 868.211 1 3
0.894684 -0.0264366 0.445917 0 0.0274163 0.999615 0.00425533 0 -0.445858 0.00841823 0.895064 0 -587.88 -27.9511 868.192 1 3
0.894653 -0.0265632 0.445972 0 0.0275165 0.999612 0.00433935 0 -0.445914 0.00838937 0.895037 0 -587.922 -27.9684 868.182 1 3
