0.484703 0 -0.874679 0 0 1 0 0 0.874679 0 0.484703 0 -323.823 0 -103.432 1 0
0.484703 0 -0.874679 0 0 1 0 0 0.874679 0 0.484703 0 -323.823 0 -103.432 1 0
0.484703 0 -0.874679 0 0 1 0 0 0.874679 0 0.484703 0 -323.823 0 -103.432 1 0
0.484703 0 -0.874679 0 0 1 0 0 0.874679 0 0.484703 0 -323.823 0 -103.432 1 0
0.484703 0 -0.874679 0 0 1 0 0 0.874679 0 0.484703 0 -323.823 0 -103.432 1 0
0.484703 0 -0.874679 0 0 1 0 0 0.874679 0 0.484703 0 -323.823 0 -103.432 1 0
0.484703 0 -0.874679 0 0 1 0 0 0.874679 0 0.484703 0 -323.823 0 -103.432 1 0
0.484703 0 -0.874679 0 0 1 0 0 0.874679 0 0.484703 0 -323.823 0 -103.432 1 0
0.484703 0 -0.874679 0 0 1 0 0 0.874679 0 0.484703 0 -323.823 0 -103.432 1 0
0.484703 0 -0.874679 0 0 1 0 0 0.874679 0 0.484703 0 -323.823 0 -103.432 1 0
0.484703 0 -0.874679 0 0 1 0 0 0.874679 0 0.484703 0 -323.823 0 -103.432 1 0
0.484703 0 -0.874679 0 0 1 0 0 0.874679 0 0.484703 0 -323.823 0 -103.432 1 0
0.484703 0 -0.874679 0 0 1 0 0 0.874679 0 0.484703 0 -323.823 0 -103.432 1 0
0.484703 0 -0.874679 0 0 1 0 0 0.874679 0 0.484703 0 -323.823 0 -103.432 1 0
0.484703 0 -0.874679 0 0 1 0 0 0.874679 0 0.484703 0 -323.823 0 -103.432 1 0
0.484703 0 -0.874679 0 0 1 0 0 0.874679 0 0.484703 0 -323.823 0 -103.432 1 0
0.484703 0 -0.874679 0 0 1 0 0 0.874679 0 0.484703 0 -323.823 0 -103.432 1 0
0.484703 0 -0.874679 0 0 1 0 0 0.874679 0 0.484703 0 -323.823 0 -103.432 1 0
0.484703 0 -0.874679 0 0 1 0 0 0.874679 0 0.484703 0 -323.823 0 -103.432 1 0
0.484703 0 -0.874679 0 0 1 0 0 0.874679 0 0.484703 0 -323.823 0 -103.432 1 0
0.484703 0 -0.874679 0 0 1 0 0 0.874679 0 0.484703 0 -323.823 0 -103.432 1 0
0.484703 0 -0.874679 0 0 1 0 0 0.874679 0 0.484703 0 -323.823 0 -103.432 1 0
0.484703 0 -0.874679 0 0 1 0 0 0.874679 0 0.484703 0 -323.823 0 -103.432 1 0
0.484703 0 -0.874679 0 0 1 0 0 0.874679 0 0.484703 0 -323.823 0 -103.432 1 0
0.484703 0 -0.874679 0 0 1 0 0 0.874679 0 0.484703 0 -323.823 0 -103.432 1 0
0.484703 0 -0.874679 0 0 1 0 0 0.874679 0 0.484703 0 -323.823 0 -103.432 1 0
0.484703 0 -0.874679 0 0 1 0 0 0.874679 0 0.484703 0 -323.823 0 -103.432 1 0
0.484703 0 -0.874679 0 0 1 0 0 0.874679 0 0.484703 0 -323.823 0 -103.432 1 0
0.484703 0 -0.874679 0 0 1 0 0 0.874679 0 0.484703 0 -323.823 0 -103.432 1 0
0.484703 0 -0.874679 0 0 1 0 0 0.874679 0 0.484703 0 -323.823 0 -103.432 1 0
0.484703 0 -0.874679 0 0 1 0 0 0.874679 0 0.484703 0 -323.823 0 -103.432 1 0
0.484703 0 -0.874679 0 0 1 0 0 0.874679 0 0.484703 0 -323.823 0 -103.432 1 0
0.484703 0 -0.874679 0 0 1 0 0 0.874679 0 0.484703 0 -323.823 0 -103.432 1 0
0.484703 0 -0.874679 0 0 1 0 0 0.874679 0 0.484703 0 -323.823 0 -103.432 1 0
0.484703 0 -0.874679 0 0 1 0 0 0.874679 0 0.484703 0 -323.823 0 -103.432 1 0
0.484703 0 -0.874679 0 0 1 0 0 0.874679 0 0.484703 0 -323.823 0 -103.432 1 0
0.484703 0 -0.874679 0 0 1 0 0 0.874679 0 0.484703 0 -323.823 0 -103.432 1 0
0.484703 0 -0.874679 0 0 1 0 0 0.874679 0 0.484703 0 -323.823 0 -103.432 1 0
0.484703 0 -0.874679 0 0 1 0 0 0.874679 0 0.484703 0 -323.823 0 -103.432 1 0
0.484703 0 -0.874679 0 0 1 0 0 0.874679 0 0.484703 0 -323.823 0 -103.432 1 0
0.484703 0 -0.874679 0 0 1 0 0 0.874679 0 0.484703 0 -323.823 0 -103.432 1 0
0.484703 0 -0.874679 0 0 1 0 0 0.874679 0 0.484703 0 -323.823 0 -103.432 1 0
0.484703 0 -0.874679 0 0 1 0 0 0.874679 0 0.484703 0 -323.823 0 -103.432 1 0
0.484703 0 -0.874679 0 0 1 0 0 0.874679 0 0.484703 0 -323.823 0 -103.432 1 0
0.484703 0 -0.874679 0 0 1 0 0 0.874679 0 0.484703 0 -323.823 0 -103.432 1 0
0.484703 0 -0.874679 0 0 1 0 0 0.874679 0 0.484703 0 -323.823 0 -103.432 1 0
0.484703 0 -0.874679 0 0 1 0 0 0.874679 0 0.484703 0 -323.823 0 -103.432 1 0
0.484703 0 -0.874679 0 0 1 0 0 0.874679 0 0.484703 0 -323.823 0 -103.432 1 0
0.484703 0 -0.874679 0 0 1 0 0 0.874679 0 0.484703 0 -323.823 0 -103.432 1 0
0.484703 0 -0.874679 0 0 1 0 0 0.874679 0 0.484703 0 -323.823 0 -103.432 1 0
0.484703 0 -0.874679 0 0 1 0 0 0.874679 0 0.484703 0 -323.823 0 -103.432 1 0
0.484703 0 -0.874679 0 0 1 0 0 0.874679 0 0.484703 0 -323.823 0 -103.432 1 0
0.484703 0 -0.874679 0 0 1 0 0 0.874679 0 0.484703 0 -323.823 0 -103.432 1 0
0.484703 0 -0.874679 0 0 1 0 0 0.874679 0 0.484703 0 -323.823 0 -103.432 1 0
0.484703 0 -0.874679 0 0 1 0 0 0.874679 0 0.484703 0 -323.823 0 -103.432 1 0
0.484703 0 -0.874679 0 0 1 0 0 0.874679 0 0.484703 0 -323.823 0 -103.432 1 0
0.484703 0 -0.874679 0 0 1 0 0 0.874679 0 0.484703 0 -323.823 0 -103.432 1 0
0.484703 0 -0.874679 0 0 1 0 0 0.874679 0 0.484703 0 -323.823 0 -103.432 1 0
0.484703 0 -0.874679 0 0 1 0 0 0.874679 0 0.484703 0 -323.823 0 -103.432 1 0
0.484703 0 -0.874679 0 0 1 0 0 0.874679 0 0.484703 0 -323.823 0 -103.432 1 0
0.484703 0 -0.874679 0 0 1 0 0 0.874679 0 0.484703 0 -323.823 0 -103.432 1 0
0.484703 0 -0.874679 0 0 1 0 0 0.874679 0 0.484703 0 -323.823 0 -103.432 1 0
0.484703 0 -0.874679 0 0 1 0 0 0.874679 0 0.484703 0 -323.823 0 -103.432 1 0
0.484703 0 -0.874679 0 0 1 0 0 0.874679 0 0.484703 0 -323.823 0 -103.432 1 0
0.484703 0 -0.874679 0 0 1 0 0 0.874679 0 0.484703 0 -323.823 0 -103.432 1 0
0.484703 0 -0.874679 0 0 1 0 0 0.874679 0 0.484703 0 -323.823 0 -103.432 1 0
0.484703 0 -0.874679 0 0 1 0 0 0.874679 0 0.484703 0 -323.823 0 -103.432 1 0
0.484703 0 -0.874679 0 0 1 0 0 0.874679 0 0.484703 0 -323.823 0 -103.432 1 0
0.484703 0 -0.874679 0 0 1 0 0 0.874679 0 0.484703 0 -323.823 0 -103.432 1 0
0.484703 0 -0.874679 0 0 1 0 0 0.874679 0 0.484703 0 -323.823 0 -103.432 1 0
0.484703 0 -0.874679 0 0 1 0 0 0.874679 0 0.484703 0 -323.823 0 -103.432 1 0
0.484703 0 -0.874679 0 0 1 0 0 0.874679 0 0.484703 0 -323.823 0 -103.432 1 0
0.484703 0 -0.874679 0 0 1 0 0 0.874679 0 0.484703 0 -323.823 0 -103.432 1 0
0.484703 0 -0.874679 0 0 1 0 0 0.874679 0 0.484703 0 -323.823 0 -103.432 1 0
0.484703 0 -0.874679 0 0 1 0 0 0.874679 0 0.484703 0 -323.823 0 -103.432 1 0
0.484703 0 -0.874679 0 0 1 0 0 0.874679 0 0.484703 0 -323.823 0 -103.432 1 0
0.484703 0 -0.874679 0 0 1 0 0 0.874679 0 0.484703 0 -323.823 0 -103.432 1 0
0.484703 0 -0.874679 0 0 1 0 0 0.874679 0 0.484703 0 -323.823 0 -103.432 1 0
0.484703 0 -0.874679 0 0 1 0 0 0.874679 0 0.484703 0 -323.823 0 -103.432 1 0
0.484703 0 -0.874679 0 0 1 0 0 0.874679 0 0.484703 0 -323.823 0 -103.432 1 0
0.484703 0 -0.874679 0 0 1 0 0 0.874679 0 0.484703 0 -323.823 0 -103.432 1 0
0.484703 0 -0.874679 0 0 1 0 0 0.874679 0 0.484703 0 -323.823 0 -103.432 1 0
0.484703 0 -0.874679 0 0 1 0 0 0.874679 0 0.484703 0 -323.823 0 -103.432 1 0
0.484703 0 -0.874679 0 0 1 0 0 0.874679 0 0.484703 0 -323.823 0 -103.432 1 0
0.484703 0 -0.874679 0 0 1 0 0 0.874679 0 0.484703 0 -323.823 0 -103.432 1 0
0.484703 0 -0.874679 0 0 1 0 0 0.874679 0 0.484703 0 -323.823 0 -103.432 1 0
0.484703 0 -0.874679 0 0 1 0 0 0.874679 0 0.484703 0 -323.823 0 -103.432 1 0
0.484703 0 -0.874679 0 0 1 0 0 0.874679 0 0.484703 0 -323.823 0 -103.432 1 0
0.484703 0 -0.874679 0 0 1 0 0 0.874679 0 0.484703 0 -323.823 0 -103.432 1 0
0.484703 0 -0.874679 0 0 1 0 0 0.874679 0 0.484703 0 -323.823 0 -103.432 1 0
0.484703 0 -0.874679 0 0 1 0 0 0.874679 0 0.484703 0 -323.823 0 -103.432 1 0
0.484703 0 -0.874679 0 0 1 0 0 0.874679 0 0.484703 0 -323.823 0 -103.432 1 0
0.484703 0 -0.874679 0 0 1 0 0 0.874679 0 0.484703 0 -323.823 0 -103.432 1 0
0.484703 0 -0.874679 0 0 1 0 0 0.874679 0 0.484703 0 -323.823 0 -103.432 1 0
0.484703 0 -0.874679 0 0 1 0 0 0.874679 0 0.484703 0 -323.823 0 -103.432 1 0
0.484703 0 -0.874679 0 0 1 0 0 0.874679 0 0.484703 0 -323.823 0 -103.432 1 0
0.484703 0 -0.874679 0 0 1 0 0 0.874679 0 0.484703 0 -323.823 0 -103.432 1 0
0.484703 0 -0.874679 0 0 1 0 0 0.874679 0 0.484703 0 -323.823 0 -103.432 1 0
0.484703 0 -0.874679 0 0 1 0 0 0.874679 0 0.484703 0 -323.823 0 -103.432 1 0
0.484703 0 -0.874679 0 0 1 0 0 0.874679 0 0.484703 0 -323.823 0 -103.432 1 0
0.484703 0 -0.874679 0 0 1 0 0 0.874679 0 0.484703 0 -323.823 0 -103.432 1 0
0.484703 0 -0.874679 0 0 1 0 0 0.874679 0 0.484703 0 -323.823 0 -103.432 1 0
0.484703 0 -0.874679 0 0 1 0 0 0.874679 0 0.484703 0 -323.823 0 -103.432 1 0
0.484703 0 -0.874679 0 0 1 0 0 0.874679 0 0.484703 0 -323.823 0 -103.432 1 0
0.484703 0 -0.874679 0 0 1 0 0 0.874679 0 0.484703 0 -323.823 0 -103.432 1 0
0.484703 0 -0.874679 0 0 1 0 0 0.874679 0 0.484703 0 -323.823 0 -103.432 1 0
0.484703 0 -0.874679 0 0 1 0 0 0.874679 0 0.484703 0 -323.823 0 -103.432 1 0
0.484703 0 -0.874679 0 0 1 0 0 0.874679 0 0.484703 0 -323.823 0 -103.432 1 0
0.484703 0 -0.874679 0 0 1 0 0 0.874679 0 0.484703 0 -323.823 0 -103.432 1 0
0.484703 0 -0.874679 0 0 1 0 0 0.874679 0 0.484703 0 -323.823 0 -103.432 1 0
0.484703 0 -0.874679 0 0 1 0 0 0.874679 0 0.484703 0 -323.823 0 -103.432 1 0
0.484703 0 -0.874679 0 0 1 0 0 0.874679 0 0.484703 0 -323.823 0 -103.432 1 0
0.484703 0 -0.874679 0 0 1 0 0 0.874679 0 0.484703 0 -323.823 0 -103.432 1 0
0.484703 0 -0.874679 0 0 1 0 0 0.874679 0 0.484703 0 -323.823 0 -103.432 1 0
0.484703 0 -0.874679 0 0 1 0 0 0.874679 0 0.484703 0 -323.823 0 -103.432 1 0
0.484703 0 -0.874679 0 0 1 0 0 0.874679 0 0.484703 0 -323.823 0 -103.432 1 0
0.484703 0 -0.874679 0 0 1 0 0 0.874679 0 0.484703 0 -323.823 0 -103.432 1 0
0.484703 0 -0.874679 0 0 1 0 0 0.874679 0 0.484703 0 -323.823 0 -103.432 1 0
0.484703 0 -0.874679 0 0 1 0 0 0.874679 0 0.484703 0 -323.823 0 -103.432 1 0
0.484703 0 -0.874679 0 0 1 0 0 0.874679 0 0.484703 0 -323.823 0 -103.432 1 0
0.484703 0 -0.874679 0 0 1 0 0 0.874679 0 0.484703 0 -323.823 0 -103.432 1 0
0.484703 0 -0.874679 0 0 1 0 0 0.874679 0 0.484703 0 -323.823 0 -103.432 1 0
0.271136 0.0772656 -0.959435 0 -0.0206817 0.99701 0.0744471 0 0.962319 -0.000342601 0.271924 0 -383.943 306.101 -545.343 1 1
0.266453 0.0817891 -0.960371 0 -0.0144734 0.99662 0.0808606 0 0.963739 -0.00764571 0.266736 0 -353.112 311.384 -616.568 1 1
0.266453 0.0817891 -0.960371 0 -0.0144734 0.99662 0.0808606 0 0.963739 -0.00764571 0.266736 0 -353.112 311.384 -616.568 1 2
0.266453 0.0817891 -0.960371 0 -0.0144734 0.99662 0.0808606 0 0.963739 -0.00764571 0.266736 0 -353.112 311.384 -616.568 1 2
0.266453 0.0817891 -0.960371 0 -0.0144734 0.99662 0.0808606 0 0.963739 -0.00764571 0.266736 0 -353.112 311.384 -616.568 1 2
0.266453 0.0817891 -0.960371 0 -0.0144734 0.99662 0.0808606 0 0.963739 -0.00764571 0.266736 0 -353.112 311.384 -616.568 1 2
0.267096 0.0940033 -0.959074 0 -0.0172955 0.995538 0.0927607 0 0.963515 -0.00818831 0.26753 0 -348.617 310.079 -640.313 1 3
0.267428 0.107363 -0.957578 0 -0.0199734 0.994177 0.105889 0 0.963371 -0.00919142 0.268015 0 -346.433 307.198 -661.768 1 3
0.267134 0.121968 -0.95591 0 -0.0230541 0.992483 0.120192 0 0.963384 -0.0100697 0.267938 0 -345.108 302.392 -680.746 1 3
0.266011 0.137444 -0.954121 0 -0.0267432 0.990454 0.135221 0 0.963599 -0.0104541 0.267147 0 -343.356 294.631 -697.764 1 3
0.264466 0.151383 -0.952439 0 -0.0305095 0.988422 0.148631 0 0.963912 -0.0102494 0.266023 0 -342.143 284.992 -712.308 1 3
0.262645 0.162001 -0.951196 0 -0.0347786 0.986754 0.158453 0 0.964266 -0.0085357 0.2648 0 -341.535 274.863 -724.146 1 3
0.260622 0.170147 -0.95033 0 -0.0402054 0.985407 0.165401 0 0.964603 -0.00489862 0.263659 0 -341.288 263.887 -733.746 1 3
0.25856 0.17659 -0.949717 0 -0.0462867 0.984285 0.170416 0 0.964886 -0.000103404 0.26267 0 -341.302 252.964 -741.4 1 3
0.256662 0.18092 -0.949417 0 -0.0522847 0.983484 0.173277 0 0.965086 0.00516632 0.261882 0 -341.535 241.632 -747.664 1 3
0.254989 0.184581 -0.949163 0 -0.0584388 0.982759 0.175415 0 0.965176 0.0107391 0.261379 0 -342.037 230.593 -752.651 1 3
0.253275 0.18721 -0.949107 0 -0.064653 0.982179 0.17648 0 0.965231 0.0166646 0.260865 0 -342.983 219.064 -756.472 1 3
0.25142 0.18923 -0.9492 0 -0.0709135 0.981667 0.176919 0 0.965277 0.02283 0.26023 0 -344.172 206.314 -759.249 1 3
0.249273 0.190114 -0.949589 0 -0.0772397 0.981321 0.176191 0 0.965348 0.0294263 0.259301 0 -345.614 191.252 -760.819 1 3
0.246846 0.190242 -0.950197 0 -0.0837556 0.98106 0.174663 0 0.965429 0.0364695 0.258104 0 -347.371 174.235 -761.451 1 3
0.244433 0.189566 -0.950956 0 -0.0891155 0.980946 0.172638 0 0.965562 0.0425464 0.256669 0 -349.441 157.48 -761.651 1 3
0.241929 0.187952 -0.951916 0 -0.0929944 0.981035 0.170067 0 0.965827 0.0473787 0.254819 0 -351.856 141.761 -761.634 1 3
0.239537 0.185434 -0.953014 0 -0.0951378 0.98135 0.167035 0 0.966215 0.0506565 0.252712 0 -355.19 127.109 -761.206 1 3
0.237461 0.180306 -0.954517 0 -0.0950152 0.982222 0.161902 0 0.966739 0.0522481 0.250371 0 -358.842 111.774 -760.566 1 3
0.235275 0.171347 -0.956706 0 -0.0929163 0.983794 0.153349 0 0.967477 0.0528144 0.247383 0 -362.983 94.5032 -759.545 1 3
0.232972 0.156683 -0.959778 0 -0.0876116 0.986304 0.139746 0 0.968529 0.0515308 0.243508 0 -368.08 74.4065 -757.861 1 3
0.230437 0.135566 -0.963598 0 -0.0784108 0.989615 0.120475 0 0.969923 0.0477946 0.238673 0 -374.082 52.1929 -755.702 1 3
0.227065 0.113432 -0.967251 0 -0.0684206 0.992598 0.100342 0 0.971473 0.0433958 0.233145 0 -380.807 36.1576 -753.107 1 3
0.222989 0.0918291 -0.970486 0 -0.0585881 0.995016 0.0806883 0 0.973059 0.0388663 0.227258 0 -387.694 25.6521 -750.496 1 3
0.218551 0.0726066 -0.973121 0 -0.0496805 0.996763 0.063213 0 0.97456 0.0345299 0.22145 0 -394.412 19.4266 -748.528 1 3
0.21412 0.0566508 -0.975163 0 -0.0419858 0.997928 0.0487543 0 0.975905 0.0305037 0.216055 0 -400.815 15.9255 -747.204 1 3
0.210248 0.0439914 -0.976658 0 -0.0356853 0.998667 0.0373007 0 0.976997 0.0270099 0.211537 0 -406.642 14.2603 -746.611 1 3
0.206695 0.0341812 -0.977808 0 -0.0304578 0.99913 0.0284882 0 0.977931 0.0238936 0.207557 0 -411.982 13.6612 -746.395 1 3
0.203486 0.0266306 -0.978716 0 -0.0260965 0.999422 0.0217683 0 0.97873 0.0211115 0.204064 0 -416.823 13.6908 -746.798 1 3
0.200458 0.0209405 -0.979479 0 -0.0224185 0.999608 0.0167828 0 0.979446 0.0185942 0.200848 0 -421.284 14.0039 -747.492 1 3
0.197763 0.0165776 -0.98011 0 -0.019401 0.999727 0.0129947 0 0.980058 0.0164452 0.19803 0 -425.318 14.2986 -748.393 1 3
0.195401 0.013273 -0.980634 0 -0.0169046 0.999805 0.0101641 0 0.980578 0.0145912 0.195587 0 -428.993 14.6155 -749.502 1 3
0.193284 0.0107135 -0.981084 0 -0.0148462 0.999858 0.00799368 0 0.981031 0.0130203 0.193416 0 -432.342 14.8642 -750.773 1 3
0.191465 0.00884797 -0.98146 0 -0.0131254 0.999893 0.00645363 0 0.981412 0.0116464 0.19156 0 -435.369 15.0297 -752.176 1 3
0.189897 0.00739625 -0.981776 0 -0.0117893 0.999917 0.00525261 0 0.981733 0.010577 0.189968 0 -438.123 15.1625 -753.68 1 3
0.188349 0.0062738 -0.982082 0 -0.0106594 0.999934 0.00434352 0 0.982044 0.00965033 0.188404 0 -440.54 15.2743 -755.254 1 3
0.186669 0.00559582 -0.982407 0 -0.0101812 0.999941 0.00376115 0 0.98237 0.00929998 0.186715 0 -442.714 15.2936 -757.059 1 3
0.185216 0.00515777 -0.982684 0 -0.00974878 0.999947 0.00341094 0 0.98265 0.00894821 0.185256 0 -444.641 15.2575 -758.858 1 3
0.183801 0.00475205 -0.982952 0 -0.0092932 0.999952 0.00309651 0 0.98292 0.00856563 0.183836 0 -446.498 15.1739 -760.665 1 3
0.182589 0.00448897 -0.983179 0 -0.00895125 0.999956 0.0029032 0 0.983149 0.00827058 0.182621 0 -448.28 15.0846 -762.538 1 3
0.181557 0.00421552 -0.983371 0 -0.00840918 0.999961 0.00273407 0 0.983344 0.00777296 0.181585 0 -449.974 15.0482 -764.331 1 3
0.180724 0.00411229 -0.983525 0 -0.00795786 0.999965 0.00271876 0 0.983502 0.00733541 0.180751 0 -451.545 14.9988 -766.261 1 3
0.179735 0.004775 -0.983704 0 -0.00795243 0.999963 0.00340092 0 0.983683 0.00721157 0.179766 0 -453.877 15.3332 -768.31 1 3
0.180199 0.00596406 -0.983612 0 -0.00760148 0.99996 0.00467059 0 0.983601 0.00663528 0.180237 0 -456.901 15.977 -771.273 1 3
0.180312 0.00665324 -0.983587 0 -0.00717922 0.999959 0.00544789 0 0.983583 0.00607907 0.180353 0 -459.611 16.4064 -773.959 1 3
0.180224 0.00711776 -0.9836 0 -0.00672509 0.999959 0.00600391 0 0.983603 0.00553275 0.180265 0 -461.922 16.6613 -776.388 1 3
0.179889 0.00741451 -0.983659 0 -0.00633655 0.99996 0.00637857 0 0.983666 0.00508557 0.179929 0 -464.01 16.7796 -778.684 1 3
0.179459 0.00776456 -0.983735 0 -0.00580719 0.99996 0.00683324 0 0.983748 0.00448645 0.179497 0 -465.97 16.9769 -780.765 1 3
0.178983 0.00797618 -0.98382 0 -0.00528537 0.999961 0.00714549 0 0.983838 0.00392093 0.179018 0 -467.704 17.1624 -782.597 1 3
0.178563 0.00815001 -0.983895 0 -0.00488062 0.999961 0.00739733 0 0.983916 0.00348113 0.178596 0 -469.171 17.2957 -784.248 1 3
0.178161 0.00825667 -0.983967 0 -0.00442702 0.999961 0.00758931 0 0.983991 0.00300392 0.178191 0 -470.386 17.4353 -785.798 1 3
