0.0987657 0 0.995111 0 0 1 0 0 -0.995111 0 0.0987657 0 -3761.37 0 -4.19805 1 0
0.0987657 0 0.995111 0 0 1 0 0 -0.995111 0 0.0987657 0 -3761.37 0 -4.19805 1 0
0.0987657 0 0.995111 0 0 1 0 0 -0.995111 0 0.0987657 0 -3761.37 0 -4.19805 1 0
0.0987657 0 0.995111 0 0 1 0 0 -0.995111 0 0.0987657 0 -3761.37 0 -4.19805 1 0
0.0987657 0 0.995111 0 0 1 0 0 -0.995111 0 0.0987657 0 -3761.37 0 -4.19805 1 0
0.0987657 0 0.995111 0 0 1 0 0 -0.995111 0 0.0987657 0 -3761.37 0 -4.19805 1 0
0.0987657 0 0.995111 0 0 1 0 0 -0.995111 0 0.0987657 0 -3761.37 0 -4.19805 1 0
0.0987657 0 0.995111 0 0 1 0 0 -0.995111 0 0.0987657 0 -3761.37 0 -4.19805 1 0
0.0987657 0 0.995111 0 0 1 0 0 -0.995111 0 0.0987657 0 -3761.37 0 -4.19805 1 0
0.0987657 0 0.995111 0 0 1 0 0 -0.995111 0 0.0987657 0 -3761.37 0 -4.19805 1 0
0.0987657 0 0.995111 0 0 1 0 0 -0.995111 0 0.0987657 0 -3761.37 0 -4.19805 1 0
0.0987657 0 0.995111 0 0 1 0 0 -0.995111 0 0.0987657 0 -3761.37 0 -4.19805 1 0
0.0987657 0 0.995111 0 0 1 0 0 -0.995111 0 0.0987657 0 -3761.37 0 -4.19805 1 0
0.0987657 0 0.995111 0 0 1 0 0 -0.995111 0 0.0987657 0 -3761.37 0 -4.19805 1 0
0.0987657 0 0.995111 0 0 1 0 0 -0.995111 0 0.0987657 0 -3761.37 0 -4.19805 1 0
0.0987657 0 0.995111 0 0 1 0 0 -0.995111 0 0.0987657 0 -3761.37 0 -4.19805 1 0
0.0987657 0 0.995111 0 0 1 0 0 -0.995111 0 0.0987657 0 -3761.37 0 -4.19805 1 0
0.0987657 0 0.995111 0 0 1 0 0 -0.995111 0 0.0987657 0 -3761.37 0 -4.19805 1 0
0.0987657 0 0.995111 0 0 1 0 0 -0.995111 0 0.0987657 0 -3761.37 0 -4.19805 1 0
0.0987657 0 0.995111 0 0 1 0 0 -0.995111 0 0.0987657 0 -3761.37 0 -4.19805 1 0
0.0987657 0 0.995111 0 0 1 0 0 -0.995111 0 0.0987657 0 -3761.37 0 -4.19805 1 0
0.0987657 0 0.995111 0 0 1 0 0 -0.995111 0 0.0987657 0 -3761.37 0 -4.19805 1 0
0.0987657 0 0.995111 0 0 1 0 0 -0.995111 0 0.0987657 0 -3761.37 0 -4.19805 1 0
0.0987657 0 0.995111 0 0 1 0 0 -0.995111 0 0.0987657 0 -3761.37 0 -4.19805 1 0
0.0987657 0 0.995111 0 0 1 0 0 -0.995111 0 0.0987657 0 -3761.37 0 -4.19805 1 0
0.0987657 0 0.995111 0 0 1 0 0 -0.995111 0 0.0987657 0 -3761.37 0 -4.19805 1 0
0.0987657 0 0.995111 0 0 1 0 0 -0.995111 0 0.0987657 0 -3761.37 0 -4.19805 1 0
0.0987657 0 0.995111 0 0 1 0 0 -0.995111 0 0.0987657 0 -3761.37 0 -4.19805 1 0
0.0987657 0 0.995111 0 0 1 0 0 -0.995111 0 0.0987657 0 -3761.37 0 -4.19805 1 0
0.0987657 0 0.995111 0 0 1 0 0 -0.995111 0 0.0987657 0 -3761.37 0 -4.19805 1 0
0.0987657 0 0.995111 0 0 1 0 0 -0.995111 0 0.0987657 0 -3761.37 0 -4.19805 1 0
0.0987657 0 0.995111 0 0 1 0 0 -0.995111 0 0.0987657 0 -3761.37 0 -4.19805 1 0
0.0987657 0 0.995111 0 0 1 0 0 -0.995111 0 0.0987657 0 -3761.37 0 -4.19805 1 0
0.0987657 0 0.995111 0 0 1 0 0 -0.995111 0 0.0987657 0 -3761.37 0 -4.19805 1 0
0.0987657 0 0.995111 0 0 1 0 0 -0.995111 0 0.0987657 0 -3761.37 0 -4.19805 1 0
0.0987657 0 0.995111 0 0 1 0 0 -0.995111 0 0.0987657 0 -3761.37 0 -4.19805 1 0
0.0987657 0 0.995111 0 0 1 0 0 -0.995111 0 0.0987657 0 -3761.37 0 -4.19805 1 0
0.0987657 0 0.995111 0 0 1 0 0 -0.995111 0 0.0987657 0 -3761.37 0 -4.19805 1 0
0.0987657 0 0.995111 0 0 1 0 0 -0.995111 0 0.0987657 0 -3761.37 0 -4.19805 1 0
0.0987657 0 0.995111 0 0 1 0 0 -0.995111 0 0.0987657 0 -3761.37 0 -4.19805 1 0
0.0987657 0 0.995111 0 0 1 0 0 -0.995111 0 0.0987657 0 -3761.37 0 -4.19805 1 0
0.0987657 0 0.995111 0 0 1 0 0 -0.995111 0 0.0987657 0 -3761.37 0 -4.19805 1 0
0.0987657 0 0.995111 0 0 1 0 0 -0.995111 0 0.0987657 0 -3761.37 0 -4.19805 1 0
0.0987657 0 0.995111 0 0 1 0 0 -0.995111 0 0.0987657 0 -3761.37 0 -4.19805 1 0
0.0987657 0 0.995111 0 0 1 0 0 -0.995111 0 0.0987657 0 -3761.37 0 -4.19805 1 0
0.0987657 0 0.995111 0 0 1 0 0 -0.995111 0 0.0987657 0 -3761.37 0 -4.19805 1 0
0.137854 -0.0770394 0.987452 0 0.0198809 0.996985 0.0750076 0 -0.990253 0.00929129 0.13897 0 -3536.89 -23.493 1341.1 1 1
0.140834 -0.0767649 0.987053 0 0.0194711 0.997011 0.0747612 0 -0.989842 0.00869001 0.141908 0 -3545.37 -29.4245 1420.42 1 1
0.140834 -0.0767649 0.987053 0 0.0194711 0.997011 0.0747612 0 -0.989842 0.00869001 0.141908 0 -3545.37 -29.4245 1420.42 1 2
0.140834 -0.0767649 0.987053 0 0.0194711 0.997011 0.0747612 0 -0.989842 0.00869001 0.141908 0 -3545.37 -29.4245 1420.42 1 2
0.140834 -0.0767649 0.987053 0 0.0194711 0.997011 0.0747612 0 -0.989842 0.00869001 0.141908 0 -3545.37 -29.4245 1420.42 1 2
0.140834 -0.0767649 0.987053 0 0.0194711 0.997011 0.0747612 0 -0.989842 0.00869001 0.141908 0 -3545.37 -29.4245 1420.42 1 2
0.140834 -0.0767649 0.987053 0 0.0194711 0.997011 0.0747612 0 -0.989842 0.00869001 0.141908 0 -3545.37 -29.4245 1420.42 1 2
0.140834 -0.0767649 0.987053 0 0.0194711 0.997011 0.0747612 0 -0.989842 0.00869001 0.141908 0 -3545.37 -29.4245 1420.42 1 2
0.140834 -0.0767649 0.987053 0 0.0194711 0.997011 0.0747612 0 -0.989842 0.00869001 0.141908 0 -3545.37 -29.4245 1420.42 1 2
0.140834 -0.0767649 0.987053 0 0.0194711 0.997011 0.0747612 0 -0.989842 0.00869001 0.141908 0 -3545.37 -29.4245 1420.42 1 2
0.140834 -0.0767649 0.987053 0 0.0194711 0.997011 0.0747612 0 -0.989842 0.00869001 0.141908 0 -3545.37 -29.4245 1420.42 1 2
0.140834 -0.0767649 0.987053 0 0.0194711 0.997011 0.0747612 0 -0.989842 0.00869001 0.141908 0 -3545.37 -29.4245 1420.42 1 2
0.140834 -0.0767649 0.987053 0 0.0194711 0.997011 0.0747612 0 -0.989842 0.00869001 0.141908 0 -3545.37 -29.4245 1420.42 1 2
0.140834 -0.0767649 0.987053 0 0.0194711 0.997011 0.0747612 0 -0.989842 0.00869001 0.141908 0 -3545.37 -29.4245 1420.42 1 2
0.140834 -0.0767649 0.987053 0 0.0194711 0.997011 0.0747612 0 -0.989842 0.00869001 0.141908 0 -3545.37 -29.4245 1420.42 1 2
0.140834 -0.0767649 0.987053 0 0.0194711 0.997011 0.0747612 0 -0.989842 0.00869001 0.141908 0 -3545.37 -29.4245 1420.42 1 2
0.140834 -0.0767649 0.987053 0 0.0194711 0.997011 0.0747612 0 -0.989842 0.00869001 0.141908 0 -3545.37 -29.4245 1420.42 1 2
0.140834 -0.0767649 0.987053 0 0.0194711 0.997011 0.0747612 0 -0.989842 0.00869001 0.141908 0 -3545.37 -29.4245 1420.42 1 2
0.140834 -0.0767649 0.987053 0 0.0194711 0.997011 0.0747612 0 -0.989842 0.00869001 0.141908 0 -3545.37 -29.4245 1420.42 1 2
0.140834 -0.0767649 0.987053 0 0.0194711 0.997011 0.0747612 0 -0.989842 0.00869001 0.141908 0 -3545.37 -29.4245 1420.42 1 2
0.140834 -0.0767649 0.987053 0 0.0194711 0.997011 0.0747612 0 -0.989842 0.00869001 0.141908 0 -3545.37 -29.4245 1420.42 1 2
0.140834 -0.0767649 0.987053 0 0.0194711 0.997011 0.0747612 0 -0.989842 0.00869001 0.141908 0 -3545.37 -29.4245 1420.42 1 2
0.140834 -0.0767649 0.987053 0 0.0194711 0.997011 0.0747612 0 -0.989842 0.00869001 0.141908 0 -3545.37 -29.4245 1420.42 1 2
0.140834 -0.0767649 0.987053 0 0.0194711 0.997011 0.0747612 0 -0.989842 0.00869001 0.141908 0 -3545.37 -29.4245 1420.42 1 2
0.140834 -0.0767649 0.987053 0 0.0194711 0.997011 0.0747612 0 -0.989842 0.00869001 0.141908 0 -3545.37 -29.4245 1420.42 1 2
0.140834 -0.0767649 0.987053 0 0.0194711 0.997011 0.0747612 0 -0.989842 0.00869001 0.141908 0 -3545.37 -29.4245 1420.42 1 2
0.140834 -0.0767649 0.987053 0 0.0194711 0.997011 0.0747612 0 -0.989842 0.00869001 0.141908 0 -3545.37 -29.4245 1420.42 1 2
0.140834 -0.0767649 0.987053 0 0.0194711 0.997011 0.0747612 0 -0.989842 0.00869001 0.141908 0 -3545.37 -29.4245 1420.42 1 2
0.140834 -0.0767649 0.987053 0 0.0194711 0.997011 0.0747612 0 -0.989842 0.00869001 0.141908 0 -3545.37 -29.4245 1420.42 1 2
0.140834 -0.0767649 0.987053 0 0.0194711 0.997011 0.0747612 0 -0.989842 0.00869001 0.141908 0 -3545.37 -29.4245 1420.42 1 2
0.140834 -0.0767649 0.987053 0 0.0194711 0.997011 0.0747612 0 -0.989842 0.00869001 0.141908 0 -3545.37 -29.4245 1420.42 1 2
0.140834 -0.0767649 0.987053 0 0.0194711 0.997011 0.0747612 0 -0.989842 0.00869001 0.141908 0 -3545.37 -29.4245 1420.42 1 2
0.140834 -0.0767649 0.987053 0 0.0194711 0.997011 0.0747612 0 -0.989842 0.00869001 0.141908 0 -3545.37 -29.4245 1420.42 1 2
0.140834 -0.0767649 0.987053 0 0.0194711 0.997011 0.0747612 0 -0.989842 0.00869001 0.141908 0 -3545.37 -29.4245 1420.42 1 2
0.140834 -0.0767649 0.987053 0 0.0194711 0.997011 0.0747612 0 -0.989842 0.00869001 0.141908 0 -3545.37 -29.4245 1420.42 1 2
0.140834 -0.0767649 0.987053 0 0.0194711 0.997011 0.0747612 0 -0.989842 0.00869001 0.141908 0 -3545.37 -29.4245 1420.42 1 2
0.140834 -0.0767649 0.987053 0 0.0194711 0.997011 0.0747612 0 -0.989842 0.00869001 0.141908 0 -3545.37 -29.4245 1420.42 1 2
0.140834 -0.0767649 0.987053 0 0.0194711 0.997011 0.0747612 0 -0.989842 0.00869001 0.141908 0 -3545.37 -29.4245 1420.42 1 2
0.140834 -0.0767649 0.987053 0 0.0194711 0.997011 0.0747612 0 -0.989842 0.00869001 0.141908 0 -3545.37 -29.4245 1420.42 1 2
0.140834 -0.0767649 0.987053 0 0.0194711 0.997011 0.0747612 0 -0.989842 0.00869001 0.141908 0 -3545.37 -29.4245 1420.42 1 2
0.140834 -0.0767649 0.987053 0 0.0194711 0.997011 0.0747612 0 -0.989842 0.00869001 0.141908 0 -3545.37 -29.4245 1420.42 1 2
0.140834 -0.0767649 0.987053 0 0.0194711 0.997011 0.0747612 0 -0.989842 0.00869001 0.141908 0 -3545.37 -29.4245 1420.42 1 2
0.140834 -0.0767649 0.987053 0 0.0194711 0.997011 0.0747612 0 -0.989842 0.00869001 0.141908 0 -3545.37 -29.4245 1420.42 1 2
0.140834 -0.0767649 0.987053 0 0.0194711 0.997011 0.0747612 0 -0.989842 0.00869001 0.141908 0 -3545.37 -29.4245 1420.42 1 2
0.140834 -0.0767649 0.987053 0 0.0194711 0.997011 0.0747612 0 -0.989842 0.00869001 0.141908 0 -3545.37 -29.4245 1420.42 1 2
0.140834 -0.0767649 0.987053 0 0.0194711 0.997011 0.0747612 0 -0.989842 0.00869001 0.141908 0 -3545.37 -29.4245 1420.42 1 2
0.140834 -0.0767649 0.987053 0 0.0194711 0.997011 0.0747612 0 -0.989842 0.00869001 0.141908 0 -3545.37 -29.4245 1420.42 1 2
0.140834 -0.0767649 0.987053 0 0.0194711 0.997011 0.0747612 0 -0.989842 0.00869001 0.141908 0 -3545.37 -29.4245 1420.42 1 2
0.140834 -0.0767649 0.987053 0 0.0194711 0.997011 0.0747612 0 -0.989842 0.00869001 0.141908 0 -3545.37 -29.4245 1420.42 1 2
0.140834 -0.0767649 0.987053 0 0.0194711 0.997011 0.0747612 0 -0.989842 0.00869001 0.141908 0 -3545.37 -29.4245 1420.42 1 2
0.140834 -0.0767649 0.987053 0 0.0194711 0.997011 0.0747612 0 -0.989842 0.00869001 0.141908 0 -3545.37 -29.4245 1420.42 1 2
0.140834 -0.0767649 0.987053 0 0.0194711 0.997011 0.0747612 0 -0.989842 0.00869001 0.141908 0 -3545.37 -29.4245 1420.42 1 2
0.140834 -0.0767649 0.987053 0 0.0194711 0.997011 0.0747612 0 -0.989842 0.00869001 0.141908 0 -3545.37 -29.4245 1420.42 1 2
0.140834 -0.0767649 0.987053 0 0.0194711 0.997011 0.0747612 0 -0.989842 0.00869001 0.141908 0 -3545.37 -29.4245 1420.42 1 2
0.140834 -0.0767649 0.987053 0 0.0194711 0.997011 0.0747612 0 -0.989842 0.00869001 0.141908 0 -3545.37 -29.4245 1420.42 1 2
0.140834 -0.0767649 0.987053 0 0.0194711 0.997011 0.0747612 0 -0.989842 0.00869001 0.141908 0 -3545.37 -29.4245 1420.42 1 2
0.140834 -0.0767649 0.987053 0 0.0194711 0.997011 0.0747612 0 -0.989842 0.00869001 0.141908 0 -3545.37 -29.4245 1420.42 1 2
0.140834 -0.0767649 0.987053 0 0.0194711 0.997011 0.0747612 0 -0.989842 0.00869001 0.141908 0 -3545.37 -29.4245 1420.42 1 2
0.140834 -0.0767649 0.987053 0 0.0194711 0.997011 0.0747612 0 -0.989842 0.00869001 0.141908 0 -3545.37 -29.4245 1420.42 1 2
0.140834 -0.0767649 0.987053 0 0.0194711 0.997011 0.0747612 0 -0.989842 0.00869001 0.141908 0 -3545.37 -29.4245 1420.42 1 2
0.140834 -0.0767649 0.987053 0 0.0194711 0.997011 0.0747612 0 -0.989842 0.00869001 0.141908 0 -3545.37 -29.4245 1420.42 1 2
0.140834 -0.0767649 0.987053 0 0.0194711 0.997011 0.0747612 0 -0.989842 0.00869001 0.141908 0 -3545.37 -29.4245 1420.42 1 2
0.140834 -0.0767649 0.987053 0 0.0194711 0.997011 0.0747612 0 -0.989842 0.00869001 0.141908 0 -3545.37 -29.4245 1420.42 1 2
0.140834 -0.0767649 0.987053 0 0.0194711 0.997011 0.0747612 0 -0.989842 0.00869001 0.141908 0 -3545.37 -29.4245 1420.42 1 2
0.140834 -0.0767649 0.987053 0 0.0194711 0.997011 0.0747612 0 -0.989842 0.00869001 0.141908 0 -3545.37 -29.4245 1420.42 1 2
0.140834 -0.0767649 0.987053 0 0.0194711 0.997011 0.0747612 0 -0.989842 0.00869001 0.141908 0 -3545.37 -29.4245 1420.42 1 2
0.140834 -0.0767649 0.987053 0 0.0194711 0.997011 0.0747612 0 -0.989842 0.00869001 0.141908 0 -3545.37 -29.4245 1420.42 1 2
0.140834 -0.0767649 0.987053 0 0.0194711 0.997011 0.0747612 0 -0.989842 0.00869001 0.141908 0 -3545.37 -29.4245 1420.42 1 2
0.140834 -0.0767649 0.987053 0 0.0194711 0.997011 0.0747612 0 -0.989842 0.00869001 0.141908 0 -3545.37 -29.4245 1420.42 1 2
0.140834 -0.0767649 0.987053 0 0.0194711 0.997011 0.0747612 0 -0.989842 0.00869001 0.141908 0 -3545.37 -29.4245 1420.42 1 2
0.140834 -0.0767649 0.987053 0 0.0194711 0.997011 0.0747612 0 -0.989842 0.00869001 0.141908 0 -3545.37 -29.4245 1420.42 1 2
0.140834 -0.0767649 0.987053 0 0.0194711 0.997011 0.0747612 0 -0.989842 0.00869001 0.141908 0 -3545.37 -29.4245 1420.42 1 2
0.140834 -0.0767649 0.987053 0 0.0194711 0.997011 0.0747612 0 -0.989842 0.00869001 0.141908 0 -3545.37 -29.4245 1420.42 1 2
0.140834 -0.0767649 0.987053 0 0.0194711 0.997011 0.0747612 0 -0.989842 0.00869001 0.141908 0 -3545.37 -29.4245 1420.42 1 2
0.140834 -0.0767649 0.987053 0 0.0194711 0.997011 0.0747612 0 -0.989842 0.00869001 0.141908 0 -3545.37 -29.4245 1420.42 1 2
0.140834 -0.0767649 0.987053 0 0.0194711 0.997011 0.0747612 0 -0.989842 0.00869001 0.141908 0 -3545.37 -29.4245 1420.42 1 2
0.140834 -0.0767649 0.987053 0 0.0194711 0.997011 0.0747612 0 -0.989842 0.00869001 0.141908 0 -3545.37 -29.4245 1420.42 1 2
0.140834 -0.0767649 0.987053 0 0.0194711 0.997011 0.0747612 0 -0.989842 0.00869001 0.141908 0 -3545.37 -29.4245 1420.42 1 2
0.140834 -0.0767649 0.987053 0 0.0194711 0.997011 0.0747612 0 -0.989842 0.00869001 0.141908 0 -3545.37 -29.4245 1420.42 1 2
0.140834 -0.0767649 0.987053 0 0.0194711 0.997011 0.0747612 0 -0.989842 0.00869001 0.141908 0 -3545.37 -29.4245 1420.42 1 2
0.140834 -0.0767649 0.987053 0 0.0194711 0.997011 0.0747612 0 -0.989842 0.00869001 0.141908 0 -3545.37 -29.4245 1420.42 1 2
0.140834 -0.0767649 0.987053 0 0.0194711 0.997011 0.0747612 0 -0.989842 0.00869001 0.141908 0 -3545.37 -29.4245 1420.42 1 2
0.136781 -0.0850047 0.986947 0 0.014157 0.996377 0.0838549 0 -0.9905 0.00250243 0.137489 0 -3546.79 -43.7447 1418.55 1 3
0.13369 -0.0898566 0.986941 0 0.00905693 0.99595 0.08945 0 -0.990982 -0.00301995 0.133963 0 -3547.94 -54.6344 1415.05 1 3
0.131531 -0.0933061 0.986911 0 0.00407373 0.995603 0.0935849 0 -0.991304 -0.00828893 0.131333 0 -3548.52 -65.375 1411.65 1 3
0.129908 -0.0962426 0.986844 0 -0.00157456 0.995257 0.0972704 0 -0.991525 -0.01419 0.12914 0 -3549.42 -80.1246 1409.99 1 3
0.129072 -0.0983151 0.986749 0 -0.00705585 0.994957 0.100056 0 -0.99161 -0.0198768 0.127728 0 -3549.87 -94.5388 1408.48 1 3
0.128993 -0.0990391 0.986687 0 -0.012432 0.99476 0.101475 0 -0.991568 -0.0253561 0.127086 0 -3549.45 -108.662 1408.12 1 3
0.129366 -0.0983695 0.986706 0 -0.0181131 0.994667 0.101538 0 -0.991431 -0.0310079 0.126894 0 -3548.29 -123.68 1408.75 1 3
0.130031 -0.0969914 0.986755 0 -0.0239691 0.994606 0.100922 0 -0.99122 -0.0367745 0.127004 0 -3546.69 -138.845 1409.66 1 3
0.13078 -0.0951172 0.986838 0 -0.0296408 0.994567 0.0997903 0 -0.990968 -0.0423012 0.12725 0 -3544.91 -153.992 1411 1 3
0.131693 -0.0931371 0.986905 0 -0.0353358 0.994503 0.0985693 0 -0.990661 -0.047854 0.127678 0 -3543.01 -169.43 1412.25 1 3
0.132707 -0.0905995 0.987006 0 -0.0408543 0.994467 0.0967775 0 -0.990313 -0.0531665 0.128272 0 -3540.93 -184.3 1414.14 1 3
0.133886 -0.0879008 0.987091 0 -0.0465066 0.994404 0.0948601 0 -0.989905 -0.0586066 0.129049 0 -3538.34 -200.145 1416.82 1 3
0.135403 -0.0846137 0.987171 0 -0.0526078 0.994327 0.0924429 0 -0.989393 -0.0644499 0.130183 0 -3535.16 -217.041 1420.74 1 3
0.137143 -0.080828 0.987248 0 -0.0591702 0.994217 0.0896181 0 -0.988782 -0.0707061 0.131567 0 -3531.43 -234.886 1425.55 1 3
0.138988 -0.0771284 0.987286 0 -0.0646571 0.994128 0.0867652 0 -0.988181 -0.0758944 0.133185 0 -3527.84 -249.67 1430.77 1 3
0.140977 -0.0737123 0.987265 0 -0.0691254 0.994058 0.0840902 0 -0.987597 -0.0800998 0.135043 0 -3524.66 -261.359 1436.44 1 3
0.143217 -0.0711349 0.987132 0 -0.0720808 0.994015 0.0820887 0 -0.987063 -0.0829097 0.137232 0 -3521.72 -269.319 1442.21 1 3
0.145393 -0.068549 0.986996 0 -0.0734362 0.994097 0.07986 0 -0.986645 -0.0840924 0.139501 0 -3519.57 -272.661 1448.23 1 3
0.14772 -0.0653571 0.986867 0 -0.0733091 0.994346 0.0768258 0 -0.986308 -0.083695 0.142094 0 -3517.98 -271.839 1455.44 1 3
0.150151 -0.061877 0.986725 0 -0.0709527 0.994792 0.0731798 0 -0.986114 -0.0809988 0.144978 0 -3517.17 -264.718 1464.02 1 3
0.152594 -0.0576064 0.986609 0 -0.0657673 0.995495 0.0682972 0 -0.986098 -0.0753084 0.148118 0 -3517.77 -249.113 1473.91 1 3
0.155218 -0.0540098 0.986403 0 -0.0591758 0.996203 0.0638581 0 -0.986106 -0.068283 0.151432 0 -3518.94 -230.289 1484.64 1 3
0.157828 -0.0512066 0.986138 0 -0.0520234 0.996836 0.0600883 0 -0.986095 -0.0607859 0.154665 0 -3520.12 -210.19 1494.88 1 3
0.160668 -0.049275 0.985778 0 -0.0450553 0.997346 0.0571966 0 -0.98598 -0.0536042 0.158022 0 -3521.04 -190.764 1505.12 1 3
0.163279 -0.0478867 0.985417 0 -0.0386191 0.997746 0.0548848 0 -0.985824 -0.0470175 0.161062 0 -3521.78 -173.466 1514.14 1 3
0.165493 -0.0469507 0.985093 0 -0.0331497 0.998037 0.0531367 0 -0.985654 -0.0414492 0.163612 0 -3522.79 -159.072 1521.29 1 3
0.167361 -0.0465315 0.984797 0 -0.0287025 0.998232 0.0520442 0 -0.985478 -0.0369763 0.165729 0 -3523.84 -147.024 1527.09 1 3
0.169027 -0.0464196 0.984518 0 -0.0249625 0.998368 0.0513584 0 -0.985295 -0.033257 0.167592 0 -3524.98 -137.322 1531.76 1 3
0.170572 -0.0468776 0.98423 0 -0.0218589 0.998442 0.0513427 0 -0.985103 -0.0302718 0.169281 0 -3525.73 -129.743 1536.04 1 3
0.171769 -0.047453 0.983994 0 -0.0194679 0.998481 0.05155 0 -0.984945 -0.028011 0.170584 0 -3526.72 -124.132 1539.05 1 3
0.172745 -0.0479313 0.9838 0 -0.0174473 0.99851 0.0517116 0 -0.984812 -0.0260976 0.171652 0 -3527.61 -119.421 1541.28 1 3
0.17361 -0.0483492 0.983627 0 -0.0157717 0.99853 0.0518654 0 -0.984688 -0.0245178 0.172592 0 -3528.43 -115.674 1543.13 1 3
0.174463 -0.0488381 0.983452 0 -0.0143885 0.998536 0.0521397 0 -0.984559 -0.0232468 0.173504 0 -3529.07 -112.802 1544.85 1 3
0.175257 -0.0492103 0.983292 0 -0.0133754 0.998539 0.0523573 0 -0.984432 -0.022328 0.174343 0 -3529.54 -110.901 1546.35 1 3
0.175925 -0.0495736 0.983154 0 -0.0124039 0.99854 0.0525689 0 -0.984325 -0.0214432 0.175054 0 -3529.92 -108.985 1547.68 1 3
0.1766 -0.0495114 0.983037 0 -0.0118565 0.998555 0.0524229 0 -0.984211 -0.0209132 0.175758 0 -3530.24 -107.431 1549.55 1 3
0.177174 -0.0495582 0.982931 0 -0.0114245 0.998561 0.0524055 0 -0.984113 -0.0205144 0.176352 0 -3530.59 -106.381 1551.08 1 3
0.177763 -0.0496755 0.982819 0 -0.0110215 0.998562 0.0524647 0 -0.984012 -0.0201584 0.17696 0 -3530.85 -105.456 1552.49 1 3
0.17828 -0.0496881 0.982724 0 -0.010783 0.998566 0.0524453 0 -0.983921 -0.0199467 0.177489 0 -3531.1 -104.803 1553.8 1 3
0.178733 -0.0497782 0.982638 0 -0.010443 0.998567 0.0524847 0 -0.983842 -0.0196425 0.177957 0 -3531.43 -104.018 1554.79 1 3
0.179107 -0.0499571 0.98256 0 -0.0101917 0.998562 0.0526285 0 -0.983777 -0.0194401 0.178341 0 -3531.8 -103.577 1555.3 1 3
0.179721 -0.0503986 0.982426 0 -0.0102394 0.998537 0.0530983 0 -0.983664 -0.0196023 0.178942 0 -3532.01 -104.468 1556.39 1 3
0.179421 -0.0509771 0.982451 0 -0.010033 0.99851 0.0536427 0 -0.983721 -0.0194815 0.178642 0 -3533.37 -104.414 1554.56 1 3
0.17925 -0.0514143 0.982459 0 -0.00973739 0.998492 0.0540299 0 -0.983755 -0.0192514 0.178479 0 -3534.48 -104.037 1553.37 1 3
0.179182 -0.0518285 0.98245 0 -0.00940488 0.998476 0.0543893 0 -0.983771 -0.0189854 0.178421 0 -3535.44 -103.516 1552.48 1 3
0.179225 -0.0521164 0.982427 0 -0.00919684 0.998463 0.0546449 0 -0.983765 -0.0188289 0.17847 0 -3536.12 -103.191 1551.99 1 3
0.179341 -0.0524724 0.982387 0 -0.00890372 0.998449 0.0549557 0 -0.983747 -0.0186027 0.178596 0 -3536.71 -102.624 1551.72 1 3
0.179515 -0.0527531 0.98234 0 -0.00866548 0.998438 0.0552011 0 -0.983717 -0.0184218 0.178777 0 -3537.18 -102.165 1551.78 1 3
0.179644 -0.0529513 0.982306 0 -0.00845694 0.99843 0.0553671 0 -0.983695 -0.0182537 0.178914 0 -3537.55 -101.692 1551.84 1 3
0.179707 -0.0531911 0.982281 0 -0.0081762 0.998422 0.0555609 0 -0.983686 -0.018016 0.178989 0 -3537.93 -101.13 1551.83 1 3
