0.99998 0.000166334 -0.00627131 0 -0.000166941 1 -9.62183e-05 0 0.00627129 9.72634e-05 0.99998 0 -0.258329 -0.245334 -0.206558 1 1
0.999926 0.000147967 -0.0121805 0 -0.000145486 1 0.000204573 0 0.0121805 -0.000202786 0.999926 0 0.666111 -0.389276 -0.0564839 1 1
0.999937 0.000665086 -0.0112344 0 -0.000663606 1 0.000135435 0 0.0112345 -0.000127971 0.999937 0 0.794076 -0.381489 -0.132949 1 3
