0.201218 0 0.979546 0 0 1 0 0 -0.979546 0 0.201218 0 -1130.79 0 587.358 1 0
0.201218 0 0.979546 0 0 1 0 0 -0.979546 0 0.201218 0 -1130.79 0 587.358 1 0
0.201218 0 0.979546 0 0 1 0 0 -0.979546 0 0.201218 0 -1130.79 0 587.358 1 0
0.201218 0 0.979546 0 0 1 0 0 -0.979546 0 0.201218 0 -1130.79 0 587.358 1 0
0.201218 0 0.979546 0 0 1 0 0 -0.979546 0 0.201218 0 -1130.79 0 587.358 1 0
0.201218 0 0.979546 0 0 1 0 0 -0.979546 0 0.201218 0 -1130.79 0 587.358 1 0
0.201218 0 0.979546 0 0 1 0 0 -0.979546 0 0.201218 0 -1130.79 0 587.358 1 0
0.201218 0 0.979546 0 0 1 0 0 -0.979546 0 0.201218 0 -1130.79 0 587.358 1 0
0.201218 0 0.979546 0 0 1 0 0 -0.979546 0 0.201218 0 -1130.79 0 587.358 1 0
0.201218 0 0.979546 0 0 1 0 0 -0.979546 0 0.201218 0 -1130.79 0 587.358 1 0
0.201218 0 0.979546 0 0 1 0 0 -0.979546 0 0.201218 0 -1130.79 0 587.358 1 0
0.201218 0 0.979546 0 0 1 0 0 -0.979546 0 0.201218 0 -1130.79 0 587.358 1 0
0.201218 0 0.979546 0 0 1 0 0 -0.979546 0 0.201218 0 -1130.79 0 587.358 1 0
0.201218 0 0.979546 0 0 1 0 0 -0.979546 0 0.201218 0 -1130.79 0 587.358 1 0
0.201218 0 0.979546 0 0 1 0 0 -0.979546 0 0.201218 0 -1130.79 0 587.358 1 0
0.201218 0 0.979546 0 0 1 0 0 -0.979546 0 0.201218 0 -1130.79 0 587.358 1 0
0.201218 0 0.979546 0 0 1 0 0 -0.979546 0 0.201218 0 -1130.79 0 587.358 1 0
0.201218 0 0.979546 0 0 1 0 0 -0.979546 0 0.201218 0 -1130.79 0 587.358 1 0
0.201218 0 0.979546 0 0 1 0 0 -0.979546 0 0.201218 0 -1130.79 0 587.358 1 0
0.201218 0 0.979546 0 0 1 0 0 -0.979546 0 0.201218 0 -1130.79 0 587.358 1 0
0.201218 0 0.979546 0 0 1 0 0 -0.979546 0 0.201218 0 -1130.79 0 587.358 1 0
0.201218 0 0.979546 0 0 1 0 0 -0.979546 0 0.201218 0 -1130.79 0 587.358 1 0
0.230738 -0.0203952 0.972802 0 0.0255382 0.999563 0.0148988 0 -0.972681 0.0214059 0.231158 0 -843.481 -7.28635 931.362 1 1
0.226918 -0.0228482 0.973646 0 0.0241152 0.99955 0.0178358 0 -0.973615 0.0194324 0.227367 0 -841.917 -6.83357 975.136 1 1
0.226918 -0.0228482 0.973646 0 0.0241152 0.99955 0.0178358 0 -0.973615 0.0194324 0.227367 0 -841.917 -6.83357 975.136 1 2
0.226918 -0.0228482 0.973646 0 0.0241152 0.99955 0.0178358 0 -0.973615 0.0194324 0.227367 0 -841.917 -6.83357 975.136 1 2
0.226918 -0.0228482 0.973646 0 0.0241152 0.99955 0.0178358 0 -0.973615 0.0194324 0.227367 0 -841.917 -6.83357 975.136 1 2
0.226918 -0.0228482 0.973646 0 0.0241152 0.99955 0.0178358 0 -0.973615 0.0194324 0.227367 0 -841.917 -6.83357 975.136 1 2
0.226918 -0.0228482 0.973646 0 0.0241152 0.99955 0.0178358 0 -0.973615 0.0194324 0.227367 0 -841.917 -6.83357 975.136 1 2
0.226918 -0.0228482 0.973646 0 0.0241152 0.99955 0.0178358 0 -0.973615 0.0194324 0.227367 0 -841.917 -6.83357 975.136 1 2
0.226918 -0.0228482 0.973646 0 0.0241152 0.99955 0.0178358 0 -0.973615 0.0194324 0.227367 0 -841.917 -6.83357 975.136 1 2
0.226918 -0.0228482 0.973646 0 0.0241152 0.99955 0.0178358 0 -0.973615 0.0194324 0.227367 0 -841.917 -6.83357 975.136 1 2
0.226918 -0.0228482 0.973646 0 0.0241152 0.99955 0.0178358 0 -0.973615 0.0194324 0.227367 0 -841.917 -6.83357 975.136 1 2
0.226918 -0.0228482 0.973646 0 0.0241152 0.99955 0.0178358 0 -0.973615 0.0194324 0.227367 0 -841.917 -6.83357 975.136 1 2
0.226918 -0.0228482 0.973646 0 0.0241152 0.99955 0.0178358 0 -0.973615 0.0194324 0.227367 0 -841.917 -6.83357 975.136 1 2
0.226918 -0.0228482 0.973646 0 0.0241152 0.99955 0.0178358 0 -0.973615 0.0194324 0.227367 0 -841.917 -6.83357 975.136 1 2
0.226918 -0.0228482 0.973646 0 0.0241152 0.99955 0.0178358 0 -0.973615 0.0194324 0.227367 0 -841.917 -6.83357 975.136 1 2
0.226918 -0.0228482 0.973646 0 0.0241152 0.99955 0.0178358 0 -0.973615 0.0194324 0.227367 0 -841.917 -6.83357 975.136 1 2
0.226918 -0.0228482 0.973646 0 0.0241152 0.99955 0.0178358 0 -0.973615 0.0194324 0.227367 0 -841.917 -6.83357 975.136 1 2
0.226918 -0.0228482 0.973646 0 0.0241152 0.99955 0.0178358 0 -0.973615 0.0194324 0.227367 0 -841.917 -6.83357 975.136 1 2
0.226918 -0.0228482 0.973646 0 0.0241152 0.99955 0.0178358 0 -0.973615 0.0194324 0.227367 0 -841.917 -6.83357 975.136 1 2
0.226918 -0.0228482 0.973646 0 0.0241152 0.99955 0.0178358 0 -0.973615 0.0194324 0.227367 0 -841.917 -6.83357 975.136 1 2
0.226918 -0.0228482 0.973646 0 0.0241152 0.99955 0.0178358 0 -0.973615 0.0194324 0.227367 0 -841.917 -6.83357 975.136 1 2
0.226918 -0.0228482 0.973646 0 0.0241152 0.99955 0.0178358 0 -0.973615 0.0194324 0.227367 0 -841.917 -6.83357 975.136 1 2
0.226918 -0.0228482 0.973646 0 0.0241152 0.99955 0.0178358 0 -0.973615 0.0194324 0.227367 0 -841.917 -6.83357 975.136 1 2
0.226918 -0.0228482 0.973646 0 0.0241152 0.99955 0.0178358 0 -0.973615 0.0194324 0.227367 0 -841.917 -6.83357 975.136 1 2
0.226918 -0.0228482 0.973646 0 0.0241152 0.99955 0.0178358 0 -0.973615 0.0194324 0.227367 0 -841.917 -6.83357 975.136 1 2
0.226918 -0.0228482 0.973646 0 0.0241152 0.99955 0.0178358 0 -0.973615 0.0194324 0.227367 0 -841.917 -6.83357 975.136 1 2
0.226918 -0.0228482 0.973646 0 0.0241152 0.99955 0.0178358 0 -0.973615 0.0194324 0.227367 0 -841.917 -6.83357 975.136 1 2
0.226918 -0.0228482 0.973646 0 0.0241152 0.99955 0.0178358 0 -0.973615 0.0194324 0.227367 0 -841.917 -6.83357 975.136 1 2
0.226918 -0.0228482 0.973646 0 0.0241152 0.99955 0.0178358 0 -0.973615 0.0194324 0.227367 0 -841.917 -6.83357 975.136 1 2
0.226918 -0.0228482 0.973646 0 0.0241152 0.99955 0.0178358 0 -0.973615 0.0194324 0.227367 0 -841.917 -6.83357 975.136 1 2
0.226918 -0.0228482 0.973646 0 0.0241152 0.99955 0.0178358 0 -0.973615 0.0194324 0.227367 0 -841.917 -6.83357 975.136 1 2
0.226918 -0.0228482 0.973646 0 0.0241152 0.99955 0.0178358 0 -0.973615 0.0194324 0.227367 0 -841.917 -6.83357 975.136 1 2
0.226918 -0.0228482 0.973646 0 0.0241152 0.99955 0.0178358 0 -0.973615 0.0194324 0.227367 0 -841.917 -6.83357 975.136 1 2
0.226918 -0.0228482 0.973646 0 0.0241152 0.99955 0.0178358 0 -0.973615 0.0194324 0.227367 0 -841.917 -6.83357 975.136 1 2
0.226918 -0.0228482 0.973646 0 0.0241152 0.99955 0.0178358 0 -0.973615 0.0194324 0.227367 0 -841.917 -6.83357 975.136 1 2
0.226918 -0.0228482 0.973646 0 0.0241152 0.99955 0.0178358 0 -0.973615 0.0194324 0.227367 0 -841.917 -6.83357 975.136 1 2
0.226918 -0.0228482 0.973646 0 0.0241152 0.99955 0.0178358 0 -0.973615 0.0194324 0.227367 0 -841.917 -6.83357 975.136 1 2
0.226918 -0.0228482 0.973646 0 0.0241152 0.99955 0.0178358 0 -0.973615 0.0194324 0.227367 0 -841.917 -6.83357 975.136 1 2
0.226918 -0.0228482 0.973646 0 0.0241152 0.99955 0.0178358 0 -0.973615 0.0194324 0.227367 0 -841.917 -6.83357 975.136 1 2
0.226918 -0.0228482 0.973646 0 0.0241152 0.99955 0.0178358 0 -0.973615 0.0194324 0.227367 0 -841.917 -6.83357 975.136 1 2
0.226918 -0.0228482 0.973646 0 0.0241152 0.99955 0.0178358 0 -0.973615 0.0194324 0.227367 0 -841.917 -6.83357 975.136 1 2
0.226918 -0.0228482 0.973646 0 0.0241152 0.99955 0.0178358 0 -0.973615 0.0194324 0.227367 0 -841.917 -6.83357 975.136 1 2
0.226918 -0.0228482 0.973646 0 0.0241152 0.99955 0.0178358 0 -0.973615 0.0194324 0.227367 0 -841.917 -6.83357 975.136 1 2
0.226918 -0.0228482 0.973646 0 0.0241152 0.99955 0.0178358 0 -0.973615 0.0194324 0.227367 0 -841.917 -6.83357 975.136 1 2
0.226918 -0.0228482 0.973646 0 0.0241152 0.99955 0.0178358 0 -0.973615 0.0194324 0.227367 0 -841.917 -6.83357 975.136 1 2
0.226918 -0.0228482 0.973646 0 0.0241152 0.99955 0.0178358 0 -0.973615 0.0194324 0.227367 0 -841.917 -6.83357 975.136 1 2
0.226918 -0.0228482 0.973646 0 0.0241152 0.99955 0.0178358 0 -0.973615 0.0194324 0.227367 0 -841.917 -6.83357 975.136 1 2
0.226918 -0.0228482 0.973646 0 0.0241152 0.99955 0.0178358 0 -0.973615 0.0194324 0.227367 0 -841.917 -6.83357 975.136 1 2
0.226918 -0.0228482 0.973646 0 0.0241152 0.99955 0.0178358 0 -0.973615 0.0194324 0.227367 0 -841.917 -6.83357 975.136 1 2
0.226918 -0.0228482 0.973646 0 0.0241152 0.99955 0.0178358 0 -0.973615 0.0194324 0.227367 0 -841.917 -6.83357 975.136 1 2
0.226918 -0.0228482 0.973646 0 0.0241152 0.99955 0.0178358 0 -0.973615 0.0194324 0.227367 0 -841.917 -6.83357 975.136 1 2
0.226918 -0.0228482 0.973646 0 0.0241152 0.99955 0.0178358 0 -0.973615 0.0194324 0.227367 0 -841.917 -6.83357 975.136 1 2
0.226918 -0.0228482 0.973646 0 0.0241152 0.99955 0.0178358 0 -0.973615 0.0194324 0.227367 0 -841.917 -6.83357 975.136 1 2
0.226918 -0.0228482 0.973646 0 0.0241152 0.99955 0.0178358 0 -0.973615 0.0194324 0.227367 0 -841.917 -6.83357 975.136 1 2
0.226918 -0.0228482 0.973646 0 0.0241152 0.99955 0.0178358 0 -0.973615 0.0194324 0.227367 0 -841.917 -6.83357 975.136 1 2
0.226918 -0.0228482 0.973646 0 0.0241152 0.99955 0.0178358 0 -0.973615 0.0194324 0.227367 0 -841.917 -6.83357 975.136 1 2
0.226918 -0.0228482 0.973646 0 0.0241152 0.99955 0.0178358 0 -0.973615 0.0194324 0.227367 0 -841.917 -6.83357 975.136 1 2
0.226918 -0.0228482 0.973646 0 0.0241152 0.99955 0.0178358 0 -0.973615 0.0194324 0.227367 0 -841.917 -6.83357 975.136 1 2
0.226918 -0.0228482 0.973646 0 0.0241152 0.99955 0.0178358 0 -0.973615 0.0194324 0.227367 0 -841.917 -6.83357 975.136 1 2
0.226918 -0.0228482 0.973646 0 0.0241152 0.99955 0.0178358 0 -0.973615 0.0194324 0.227367 0 -841.917 -6.83357 975.136 1 2
0.226918 -0.0228482 0.973646 0 0.0241152 0.99955 0.0178358 0 -0.973615 0.0194324 0.227367 0 -841.917 -6.83357 975.136 1 2
0.226918 -0.0228482 0.973646 0 0.0241152 0.99955 0.0178358 0 -0.973615 0.0194324 0.227367 0 -841.917 -6.83357 975.136 1 2
0.226918 -0.0228482 0.973646 0 0.0241152 0.99955 0.0178358 0 -0.973615 0.0194324 0.227367 0 -841.917 -6.83357 975.136 1 2
0.226918 -0.0228482 0.973646 0 0.0241152 0.99955 0.0178358 0 -0.973615 0.0194324 0.227367 0 -841.917 -6.83357 975.136 1 2
0.226918 -0.0228482 0.973646 0 0.0241152 0.99955 0.0178358 0 -0.973615 0.0194324 0.227367 0 -841.917 -6.83357 975.136 1 2
0.226918 -0.0228482 0.973646 0 0.0241152 0.99955 0.0178358 0 -0.973615 0.0194324 0.227367 0 -841.917 -6.83357 975.136 1 2
0.226918 -0.0228482 0.973646 0 0.0241152 0.99955 0.0178358 0 -0.973615 0.0194324 0.227367 0 -841.917 -6.83357 975.136 1 2
0.226918 -0.0228482 0.973646 0 0.0241152 0.99955 0.0178358 0 -0.973615 0.0194324 0.227367 0 -841.917 -6.83357 975.136 1 2
0.226918 -0.0228482 0.973646 0 0.0241152 0.99955 0.0178358 0 -0.973615 0.0194324 0.227367 0 -841.917 -6.83357 975.136 1 2
0.226918 -0.0228482 0.973646 0 0.0241152 0.99955 0.0178358 0 -0.973615 0.0194324 0.227367 0 -841.917 -6.83357 975.136 1 2
0.226918 -0.0228482 0.973646 0 0.0241152 0.99955 0.0178358 0 -0.973615 0.0194324 0.227367 0 -841.917 -6.83357 975.136 1 2
0.226918 -0.0228482 0.973646 0 0.0241152 0.99955 0.0178358 0 -0.973615 0.0194324 0.227367 0 -841.917 -6.83357 975.136 1 2
0.226918 -0.0228482 0.973646 0 0.0241152 0.99955 0.0178358 0 -0.973615 0.0194324 0.227367 0 -841.917 -6.83357 975.136 1 2
0.226918 -0.0228482 0.973646 0 0.0241152 0.99955 0.0178358 0 -0.973615 0.0194324 0.227367 0 -841.917 -6.83357 975.136 1 2
0.226918 -0.0228482 0.973646 0 0.0241152 0.99955 0.0178358 0 -0.973615 0.0194324 0.227367 0 -841.917 -6.83357 975.136 1 2
0.226918 -0.0228482 0.973646 0 0.0241152 0.99955 0.0178358 0 -0.973615 0.0194324 0.227367 0 -841.917 -6.83357 975.136 1 2
0.226918 -0.0228482 0.973646 0 0.0241152 0.99955 0.0178358 0 -0.973615 0.0194324 0.227367 0 -841.917 -6.83357 975.136 1 2
0.226918 -0.0228482 0.973646 0 0.0241152 0.99955 0.0178358 0 -0.973615 0.0194324 0.227367 0 -841.917 -6.83357 975.136 1 2
0.226918 -0.0228482 0.973646 0 0.0241152 0.99955 0.0178358 0 -0.973615 0.0194324 0.227367 0 -841.917 -6.83357 975.136 1 2
0.226918 -0.0228482 0.973646 0 0.0241152 0.99955 0.0178358 0 -0.973615 0.0194324 0.227367 0 -841.917 -6.83357 975.136 1 2
0.226918 -0.0228482 0.973646 0 0.0241152 0.99955 0.0178358 0 -0.973615 0.0194324 0.227367 0 -841.917 -6.83357 975.136 1 2
0.226918 -0.0228482 0.973646 0 0.0241152 0.99955 0.0178358 0 -0.973615 0.0194324 0.227367 0 -841.917 -6.83357 975.136 1 2
0.226918 -0.0228482 0.973646 0 0.0241152 0.99955 0.0178358 0 -0.973615 0.0194324 0.227367 0 -841.917 -6.83357 975.136 1 2
0.226918 -0.0228482 0.973646 0 0.0241152 0.99955 0.0178358 0 -0.973615 0.0194324 0.227367 0 -841.917 -6.83357 975.136 1 2
0.226918 -0.0228482 0.973646 0 0.0241152 0.99955 0.0178358 0 -0.973615 0.0194324 0.227367 0 -841.917 -6.83357 975.136 1 2
0.226918 -0.0228482 0.973646 0 0.0241152 0.99955 0.0178358 0 -0.973615 0.0194324 0.227367 0 -841.917 -6.83357 975.136 1 2
0.226918 -0.0228482 0.973646 0 0.0241152 0.99955 0.0178358 0 -0.973615 0.0194324 0.227367 0 -841.917 -6.83357 975.136 1 2
0.226918 -0.0228482 0.973646 0 0.0241152 0.99955 0.0178358 0 -0.973615 0.0194324 0.227367 0 -841.917 -6.83357 975.136 1 2
0.226918 -0.0228482 0.973646 0 0.0241152 0.99955 0.0178358 0 -0.973615 0.0194324 0.227367 0 -841.917 -6.83357 975.136 1 2
0.226918 -0.0228482 0.973646 0 0.0241152 0.99955 0.0178358 0 -0.973615 0.0194324 0.227367 0 -841.917 -6.83357 975.136 1 2
0.226918 -0.0228482 0.973646 0 0.0241152 0.99955 0.0178358 0 -0.973615 0.0194324 0.227367 0 -841.917 -6.83357 975.136 1 2
0.226918 -0.0228482 0.973646 0 0.0241152 0.99955 0.0178358 0 -0.973615 0.0194324 0.227367 0 -841.917 -6.83357 975.136 1 2
0.226918 -0.0228482 0.973646 0 0.0241152 0.99955 0.0178358 0 -0.973615 0.0194324 0.227367 0 -841.917 -6.83357 975.136 1 2
0.226918 -0.0228482 0.973646 0 0.0241152 0.99955 0.0178358 0 -0.973615 0.0194324 0.227367 0 -841.917 -6.83357 975.136 1 2
0.226918 -0.0228482 0.973646 0 0.0241152 0.99955 0.0178358 0 -0.973615 0.0194324 0.227367 0 -841.917 -6.83357 975.136 1 2
0.226918 -0.0228482 0.973646 0 0.0241152 0.99955 0.0178358 0 -0.973615 0.0194324 0.227367 0 -841.917 -6.83357 975.136 1 2
0.226918 -0.0228482 0.973646 0 0.0241152 0.99955 0.0178358 0 -0.973615 0.0194324 0.227367 0 -841.917 -6.83357 975.136 1 2
0.226918 -0.0228482 0.973646 0 0.0241152 0.99955 0.0178358 0 -0.973615 0.0194324 0.227367 0 -841.917 -6.83357 975.136 1 2
0.226918 -0.0228482 0.973646 0 0.0241152 0.99955 0.0178358 0 -0.973615 0.0194324 0.227367 0 -841.917 -6.83357 975.136 1 2
0.226918 -0.0228482 0.973646 0 0.0241152 0.99955 0.0178358 0 -0.973615 0.0194324 0.227367 0 -841.917 -6.83357 975.136 1 2
0.226918 -0.0228482 0.973646 0 0.0241152 0.99955 0.0178358 0 -0.973615 0.0194324 0.227367 0 -841.917 -6.83357 975.136 1 2
0.226918 -0.0228482 0.973646 0 0.0241152 0.99955 0.0178358 0 -0.973615 0.0194324 0.227367 0 -841.917 -6.83357 975.136 1 2
0.226918 -0.0228482 0.973646 0 0.0241152 0.99955 0.0178358 0 -0.973615 0.0194324 0.227367 0 -841.917 -6.83357 975.136 1 2
0.226918 -0.0228482 0.973646 0 0.0241152 0.99955 0.0178358 0 -0.973615 0.0194324 0.227367 0 -841.917 -6.83357 975.136 1 2
0.226918 -0.0228482 0.973646 0 0.0241152 0.99955 0.0178358 0 -0.973615 0.0194324 0.227367 0 -841.917 -6.83357 975.136 1 2
0.226918 -0.0228482 0.973646 0 0.0241152 0.99955 0.0178358 0 -0.973615 0.0194324 0.227367 0 -841.917 -6.83357 975.136 1 2
0.229763 -0.0247444 0.972932 0 0.0259011 0.999478 0.0193028 0 -0.972902 0.0207649 0.230284 0 -842.498 -12.4265 975.401 1 3
0.230794 -0.0256388 0.972665 0 0.026124 0.999456 0.0201463 0 -0.972652 0.0207603 0.231338 0 -842.529 -15.1095 975.535 1 3
0.231432 -0.0257258 0.972511 0 0.0250886 0.999476 0.0204686 0 -0.972528 0.0196618 0.231956 0 -842.055 -17.2263 975.446 1 3
0.232495 -0.0253412 0.972267 0 0.0222109 0.999538 0.0207408 0 -0.972344 0.0167728 0.23295 0 -842.391 -19.9081 976.137 1 3
0.233109 -0.0246756 0.972138 0 0.0190906 0.999601 0.020795 0 -0.972263 0.0137112 0.233487 0 -842.417 -22.255 976.518 1 3
0.233527 -0.0235877 0.972064 0 0.0157421 0.999666 0.0204756 0 -0.972223 0.0105208 0.233821 0 -841.879 -24.2692 977.035 1 3
0.233932 -0.0221051 0.972002 0 0.012111 0.99973 0.019821 0 -0.972178 0.00713514 0.234137 0 -841.01 -26.234 977.624 1 3
0.234148 -0.0204315 0.971986 0 0.00836304 0.999784 0.0190012 0 -0.972165 0.00367968 0.234268 0 -839.937 -28.1491 978.152 1 3
0.234447 -0.01888 0.971946 0 0.00454348 0.999822 0.0183255 0 -0.972118 0.000119657 0.234491 0 -838.83 -30.2208 978.903 1 3
0.234681 -0.017436 0.971916 0 0.000769906 0.999842 0.0177511 0 -0.972072 -0.00341755 0.234657 0 -837.763 -32.2675 979.304 1 3
0.234932 -0.0157484 0.971884 0 -0.00292815 0.999853 0.0169094 0 -0.972007 -0.00681838 0.234851 0 -836.655 -34.1425 979.781 1 3
0.235278 -0.0140143 0.971827 0 -0.0069836 0.999846 0.016109 0 -0.971903 -0.010577 0.235144 0 -835.212 -36.3561 980.422 1 3
0.235819 -0.0120181 0.971723 0 -0.0113998 0.999821 0.0151322 0 -0.97173 -0.0146459 0.23564 0 -833.521 -38.6219 981.323 1 3
0.236593 -0.0098798 0.971559 0 -0.0160885 0.999771 0.0140846 0 -0.971476 -0.0189633 0.23638 0 -831.581 -40.9905 982.272 1 3
0.237489 -0.00794971 0.971358 0 -0.01984 0.999718 0.0130325 0 -0.971188 -0.0223668 0.237264 0 -829.76 -43.0857 983.199 1 3
0.238385 -0.00640358 0.97115 0 -0.0226946 0.999668 0.0121624 0 -0.970906 -0.0249392 0.238161 0 -828.18 -44.7086 984.142 1 3
0.239247 -0.00549674 0.970943 0 -0.0245979 0.999629 0.0117202 0 -0.970647 -0.0266872 0.239023 0 -826.541 -45.7804 984.738 1 3
0.240222 -0.00444122 0.970708 0 -0.0255435 0.999614 0.0108947 0 -0.970382 -0.0274124 0.240016 0 -825.276 -46.0726 985.386 1 3
0.241368 -0.00326196 0.970428 0 -0.025634 0.999624 0.00973586 0 -0.970095 -0.0272259 0.241194 0 -824.201 -45.7294 986.299 1 3
0.242768 -0.00254072 0.970081 0 -0.024194 0.99967 0.00867292 0 -0.969783 -0.0255757 0.242627 0 -823.412 -44.4911 987.357 1 3
0.2444 -0.00125838 0.969674 0 -0.0208797 0.99976 0.00656001 0 -0.96945 -0.0218497 0.244315 0 -823.286 -41.9608 988.765 1 3
0.246254 -0.000393931 0.969205 0 -0.0166816 0.99985 0.00464482 0 -0.969062 -0.0173117 0.24621 0 -823.519 -39.5113 990.43 1 3
0.24815 -6.89041e-05 0.968722 0 -0.0120698 0.999922 0.00316296 0 -0.968646 -0.0124772 0.24813 0 -823.773 -36.9735 991.814 1 3
0.250113 0.000108915 0.968217 0 -0.0075895 0.999969 0.00184806 0 -0.968187 -0.0078105 0.250106 0 -824.066 -34.444 993.141 1 3
0.251838 8.99699e-05 0.967769 0 -0.00374116 0.999993 0.000880577 0 -0.967762 -0.00384234 0.251836 0 -824.242 -32.2081 994.32 1 3
0.253115 -5.12274e-05 0.967436 0 -0.000595621 1 0.000208787 0 -0.967436 -0.000629072 0.253115 0 -824.76 -30.4336 995.075 1 3
0.254148 -0.000285738 0.967165 0 0.00220815 0.999998 -0.00028481 0 -0.967163 0.00220803 0.254148 0 -825.372 -28.7233 995.849 1 3
0.254932 -0.00063754 0.966959 0 0.0045466 0.99999 -0.000539361 0 -0.966948 0.00453388 0.254932 0 -826.072 -27.6441 996.282 1 3
0.255717 -0.00124753 0.966751 0 0.00643727 0.999979 -0.000412321 0 -0.96673 0.00632868 0.255719 0 -826.553 -27.0625 996.656 1 3
0.256203 -0.00187463 0.966621 0 0.00792926 0.999969 -0.000162344 0 -0.966591 0.00770618 0.25621 0 -827.212 -26.6792 996.846 1 3
0.256555 -0.00229615 0.966527 0 0.00912257 0.999958 -4.59243e-05 0 -0.966487 0.00882899 0.256566 0 -827.785 -26.3384 996.875 1 3
0.256924 -0.00260686 0.966428 0 0.0100639 0.999949 2.1801e-05 0 -0.966379 0.00972046 0.256937 0 -828.257 -26.1478 996.778 1 3
0.257286 -0.00288598 0.966331 0 0.0108507 0.999941 9.73542e-05 0 -0.966274 0.0104603 0.257302 0 -828.615 -26.1399 996.677 1 3
0.257649 -0.00314211 0.966233 0 0.0113453 0.999936 0.00022645 0 -0.966172 0.0109039 0.257668 0 -828.833 -26.2209 996.475 1 3
0.257935 -0.00340143 0.966156 0 0.0118818 0.999929 0.000348241 0 -0.966089 0.0113899 0.257957 0 -828.959 -26.1819 996.321 1 3
0.258127 -0.00328806 0.966105 0 0.0122531 0.999925 0.000129327 0 -0.966033 0.0118044 0.258148 0 -829.102 -25.8881 996.846 1 3
0.258219 -0.00322264 0.966081 0 0.0124648 0.999922 3.88322e-06 0 -0.966006 0.012041 0.258239 0 -829.222 -25.7659 997.247 1 3
0.258288 -0.0031643 0.966063 0 0.012638 0.99992 -0.0001037 0 -0.965985 0.0122359 0.258307 0 -829.228 -25.6194 997.563 1 3
0.258457 -0.00301936 0.966018 0 0.0126854 0.99992 -0.000268645 0 -0.96594 0.0123238 0.258474 0 -829.262 -25.4919 997.824 1 3
0.258512 -0.00299197 0.966003 0 0.0127766 0.999918 -0.000322135 0 -0.965923 0.0124255 0.25853 0 -829.34 -25.382 998.041 1 3
0.258509 -0.00301013 0.966004 0 0.0128225 0.999918 -0.000315593 0 -0.965924 0.0124682 0.258527 0 -829.388 -25.3361 998.142 1 3
0.258704 -0.00326515 0.965951 0 0.0126439 0.99992 -6.36375e-06 0 -0.965874 0.012215 0.258725 0 -829.464 -25.6567 998.167 1 3
0.258191 -0.00353055 0.966087 0 0.0127099 0.999919 0.000257399 0 -0.96601 0.0122125 0.258215 0 -830.022 -25.7871 997.801 1 3
0.257875 -0.00374106 0.966171 0 0.0127765 0.999918 0.000461626 0 -0.966094 0.0122253 0.257902 0 -830.395 -25.9144 997.505 1 3
0.257604 -0.00393972 0.966243 0 0.0128819 0.999917 0.000642656 0 -0.966165 0.0122815 0.257633 0 -830.696 -26.0191 997.249 1 3
0.257424 -0.0040355 0.96629 0 0.0129289 0.999916 0.000731617 0 -0.966212 0.0123047 0.257454 0 -830.858 -26.0796 997.046 1 3
0.257302 -0.0042181 0.966322 0 0.0130869 0.999914 0.000880087 0 -0.966242 0.0124197 0.257335 0 -830.999 -26.1273 996.908 1 3
0.257254 -0.00433266 0.966334 0 0.0131981 0.999912 0.000969675 0 -0.966254 0.0125043 0.257288 0 -831.075 -26.1318 996.857 1 3
0.257228 -0.00438493 0.966341 0 0.0132863 0.999911 0.00100062 0 -0.966259 0.0125817 0.257263 0 -831.117 -26.0932 996.808 1 3
0.257197 -0.00453852 0.966348 0 0.0134337 0.999909 0.00112071 0 -0.966266 0.0126934 0.257235 0 -831.189 -26.0963 996.749 1 3
