-0.801212 0 -0.598381 0 0 1 0 0 0.598381 0 -0.801212 0 -4458.74 0 -2796.41 1 0
-0.801212 0 -0.598381 0 0 1 0 0 0.598381 0 -0.801212 0 -4458.74 0 -2796.41 1 0
-0.801212 0 -0.598381 0 0 1 0 0 0.598381 0 -0.801212 0 -4458.74 0 -2796.41 1 0
-0.801212 0 -0.598381 0 0 1 0 0 0.598381 0 -0.801212 0 -4458.74 0 -2796.41 1 0
-0.801212 0 -0.598381 0 0 1 0 0 0.598381 0 -0.801212 0 -4458.74 0 -2796.41 1 0
-0.801212 0 -0.598381 0 0 1 0 0 0.598381 0 -0.801212 0 -4458.74 0 -2796.41 1 0
-0.801212 0 -0.598381 0 0 1 0 0 0.598381 0 -0.801212 0 -4458.74 0 -2796.41 1 0
-0.801212 0 -0.598381 0 0 1 0 0 0.598381 0 -0.801212 0 -4458.74 0 -2796.41 1 0
-0.801212 0 -0.598381 0 0 1 0 0 0.598381 0 -0.801212 0 -4458.74 0 -2796.41 1 0
-0.801212 0 -0.598381 0 0 1 0 0 0.598381 0 -0.801212 0 -4458.74 0 -2796.41 1 0
-0.801212 0 -0.598381 0 0 1 0 0 0.598381 0 -0.801212 0 -4458.74 0 -2796.41 1 0
-0.801212 0 -0.598381 0 0 1 0 0 0.598381 0 -0.801212 0 -4458.74 0 -2796.41 1 0
-0.801212 0 -0.598381 0 0 1 0 0 0.598381 0 -0.801212 0 -4458.74 0 -2796.41 1 0
-0.801212 0 -0.598381 0 0 1 0 0 0.598381 0 -0.801212 0 -4458.74 0 -2796.41 1 0
-0.801212 0 -0.598381 0 0 1 0 0 0.598381 0 -0.801212 0 -4458.74 0 -2796.41 1 0
-0.801212 0 -0.598381 0 0 1 0 0 0.598381 0 -0.801212 0 -4458.74 0 -2796.41 1 0
-0.801212 0 -0.598381 0 0 1 0 0 0.598381 0 -0.801212 0 -4458.74 0 -2796.41 1 0
-0.801212 0 -0.598381 0 0 1 0 0 0.598381 0 -0.801212 0 -4458.74 0 -2796.41 1 0
-0.801212 0 -0.598381 0 0 1 0 0 0.598381 0 -0.801212 0 -4458.74 0 -2796.41 1 0
-0.801212 0 -0.598381 0 0 1 0 0 0.598381 0 -0.801212 0 -4458.74 0 -2796.41 1 0
-0.801212 0 -0.598381 0 0 1 0 0 0.598381 0 -0.801212 0 -4458.74 0 -2796.41 1 0
-0.801212 0 -0.598381 0 0 1 0 0 0.598381 0 -0.801212 0 -4458.74 0 -2796.41 1 0
-0.801212 0 -0.598381 0 0 1 0 0 0.598381 0 -0.801212 0 -4458.74 0 -2796.41 1 0
-0.801212 0 -0.598381 0 0 1 0 0 0.598381 0 -0.801212 0 -4458.74 0 -2796.41 1 0
-0.801212 0 -0.598381 0 0 1 0 0 0.598381 0 -0.801212 0 -4458.74 0 -2796.41 1 0
-0.801212 0 -0.598381 0 0 1 0 0 0.598381 0 -0.801212 0 -4458.74 0 -2796.41 1 0
-0.801212 0 -0.598381 0 0 1 0 0 0.598381 0 -0.801212 0 -4458.74 0 -2796.41 1 0
-0.801212 0 -0.598381 0 0 1 0 0 0.598381 0 -0.801212 0 -4458.74 0 -2796.41 1 0
-0.801212 0 -0.598381 0 0 1 0 0 0.598381 0 -0.801212 0 -4458.74 0 -2796.41 1 0
-0.801212 0 -0.598381 0 0 1 0 0 0.598381 0 -0.801212 0 -4458.74 0 -2796.41 1 0
-0.801212 0 -0.598381 0 0 1 0 0 0.598381 0 -0.801212 0 -4458.74 0 -2796.41 1 0
-0.801212 0 -0.598381 0 0 1 0 0 0.598381 0 -0.801212 0 -4458.74 0 -2796.41 1 0
-0.801212 0 -0.598381 0 0 1 0 0 0.598381 0 -0.801212 0 -4458.74 0 -2796.41 1 0
-0.801212 0 -0.598381 0 0 1 0 0 0.598381 0 -0.801212 0 -4458.74 0 -2796.41 1 0
-0.801212 0 -0.598381 0 0 1 0 0 0.598381 0 -0.801212 0 -4458.74 0 -2796.41 1 0
-0.801212 0 -0.598381 0 0 1 0 0 0.598381 0 -0.801212 0 -4458.74 0 -2796.41 1 0
-0.801212 0 -0.598381 0 0 1 0 0 0.598381 0 -0.801212 0 -4458.74 0 -2796.41 1 0
-0.801212 0 -0.598381 0 0 1 0 0 0.598381 0 -0.801212 0 -4458.74 0 -2796.41 1 0
-0.801212 0 -0.598381 0 0 1 0 0 0.598381 0 -0.801212 0 -4458.74 0 -2796.41 1 0
-0.801212 0 -0.598381 0 0 1 0 0 0.598381 0 -0.801212 0 -4458.74 0 -2796.41 1 0
-0.801212 0 -0.598381 0 0 1 0 0 0.598381 0 -0.801212 0 -4458.74 0 -2796.41 1 0
-0.801212 0 -0.598381 0 0 1 0 0 0.598381 0 -0.801212 0 -4458.74 0 -2796.41 1 0
-0.801212 0 -0.598381 0 0 1 0 0 0.598381 0 -0.801212 0 -4458.74 0 -2796.41 1 0
-0.801212 0 -0.598381 0 0 1 0 0 0.598381 0 -0.801212 0 -4458.74 0 -2796.41 1 0
-0.801212 0 -0.598381 0 0 1 0 0 0.598381 0 -0.801212 0 -4458.74 0 -2796.41 1 0
-0.801212 0 -0.598381 0 0 1 0 0 0.598381 0 -0.801212 0 -4458.74 0 -2796.41 1 0
-0.801212 0 -0.598381 0 0 1 0 0 0.598381 0 -0.801212 0 -4458.74 0 -2796.41 1 0
-0.801212 0 -0.598381 0 0 1 0 0 0.598381 0 -0.801212 0 -4458.74 0 -2796.41 1 0
-0.801212 0 -0.598381 0 0 1 0 0 0.598381 0 -0.801212 0 -4458.74 0 -2796.41 1 0
-0.801212 0 -0.598381 0 0 1 0 0 0.598381 0 -0.801212 0 -4458.74 0 -2796.41 1 0
-0.801212 0 -0.598381 0 0 1 0 0 0.598381 0 -0.801212 0 -4458.74 0 -2796.41 1 0
-0.801212 0 -0.598381 0 0 1 0 0 0.598381 0 -0.801212 0 -4458.74 0 -2796.41 1 0
-0.801212 0 -0.598381 0 0 1 0 0 0.598381 0 -0.801212 0 -4458.74 0 -2796.41 1 0
-0.801212 0 -0.598381 0 0 1 0 0 0.598381 0 -0.801212 0 -4458.74 0 -2796.41 1 0
-0.801212 0 -0.598381 0 0 1 0 0 0.598381 0 -0.801212 0 -4458.74 0 -2796.41 1 0
-0.801212 0 -0.598381 0 0 1 0 0 0.598381 0 -0.801212 0 -4458.74 0 -2796.41 1 0
-0.801212 0 -0.598381 0 0 1 0 0 0.598381 0 -0.801212 0 -4458.74 0 -2796.41 1 0
-0.801212 0 -0.598381 0 0 1 0 0 0.598381 0 -0.801212 0 -4458.74 0 -2796.41 1 0
-0.801212 0 -0.598381 0 0 1 0 0 0.598381 0 -0.801212 0 -4458.74 0 -2796.41 1 0
-0.801212 0 -0.598381 0 0 1 0 0 0.598381 0 -0.801212 0 -4458.74 0 -2796.41 1 0
-0.801212 0 -0.598381 0 0 1 0 0 0.598381 0 -0.801212 0 -4458.74 0 -2796.41 1 0
-0.801212 0 -0.598381 0 0 1 0 0 0.598381 0 -0.801212 0 -4458.74 0 -2796.41 1 0
-0.801212 0 -0.598381 0 0 1 0 0 0.598381 0 -0.801212 0 -4458.74 0 -2796.41 1 0
-0.801212 0 -0.598381 0 0 1 0 0 0.598381 0 -0.801212 0 -4458.74 0 -2796.41 1 0
-0.801212 0 -0.598381 0 0 1 0 0 0.598381 0 -0.801212 0 -4458.74 0 -2796.41 1 0
-0.801212 0 -0.598381 0 0 1 0 0 0.598381 0 -0.801212 0 -4458.74 0 -2796.41 1 0
-0.801212 0 -0.598381 0 0 1 0 0 0.598381 0 -0.801212 0 -4458.74 0 -2796.41 1 0
-0.801212 0 -0.598381 0 0 1 0 0 0.598381 0 -0.801212 0 -4458.74 0 -2796.41 1 0
-0.801212 0 -0.598381 0 0 1 0 0 0.598381 0 -0.801212 0 -4458.74 0 -2796.41 1 0
-0.801212 0 -0.598381 0 0 1 0 0 0.598381 0 -0.801212 0 -4458.74 0 -2796.41 1 0
-0.801212 0 -0.598381 0 0 1 0 0 0.598381 0 -0.801212 0 -4458.74 0 -2796.41 1 0
-0.801212 0 -0.598381 0 0 1 0 0 0.598381 0 -0.801212 0 -4458.74 0 -2796.41 1 0
-0.801212 0 -0.598381 0 0 1 0 0 0.598381 0 -0.801212 0 -4458.74 0 -2796.41 1 0
-0.801212 0 -0.598381 0 0 1 0 0 0.598381 0 -0.801212 0 -4458.74 0 -2796.41 1 0
-0.801212 0 -0.598381 0 0 1 0 0 0.598381 0 -0.801212 0 -4458.74 0 -2796.41 1 0
-0.801212 0 -0.598381 0 0 1 0 0 0.598381 0 -0.801212 0 -4458.74 0 -2796.41 1 0
-0.801212 0 -0.598381 0 0 1 0 0 0.598381 0 -0.801212 0 -4458.74 0 -2796.41 1 0
-0.801212 0 -0.598381 0 0 1 0 0 0.598381 0 -0.801212 0 -4458.74 0 -2796.41 1 0
-0.854983 0.0462372 -0.516591 0 -0.0139181 0.993614 0.111968 0 0.518469 0.102921 -0.84888 0 -5334.7 263.296 -839.952 1 1
-0.856173 0.0479761 -0.514458 0 -0.0192366 0.99203 0.124527 0 0.516331 0.116513 -0.848426 0 -5388.73 269.535 -893.511 1 1
-0.856173 0.0479761 -0.514458 0 -0.0192366 0.99203 0.124527 0 0.516331 0.116513 -0.848426 0 -5388.73 269.535 -893.511 1 2
-0.856173 0.0479761 -0.514458 0 -0.0192366 0.99203 0.124527 0 0.516331 0.116513 -0.848426 0 -5388.73 269.535 -893.511 1 2
-0.856173 0.0479761 -0.514458 0 -0.0192366 0.99203 0.124527 0 0.516331 0.116513 -0.848426 0 -5388.73 269.535 -893.511 1 2
-0.856173 0.0479761 -0.514458 0 -0.0192366 0.99203 0.124527 0 0.516331 0.116513 -0.848426 0 -5388.73 269.535 -893.511 1 2
-0.856173 0.0479761 -0.514458 0 -0.0192366 0.99203 0.124527 0 0.516331 0.116513 -0.848426 0 -5388.73 269.535 -893.511 1 2
-0.856173 0.0479761 -0.514458 0 -0.0192366 0.99203 0.124527 0 0.516331 0.116513 -0.848426 0 -5388.73 269.535 -893.511 1 2
-0.856173 0.0479761 -0.514458 0 -0.0192366 0.99203 0.124527 0 0.516331 0.116513 -0.848426 0 -5388.73 269.535 -893.511 1 2
-0.856173 0.0479761 -0.514458 0 -0.0192366 0.99203 0.124527 0 0.516331 0.116513 -0.848426 0 -5388.73 269.535 -893.511 1 2
-0.856173 0.0479761 -0.514458 0 -0.0192366 0.99203 0.124527 0 0.516331 0.116513 -0.848426 0 -5388.73 269.535 -893.511 1 2
-0.856173 0.0479761 -0.514458 0 -0.0192366 0.99203 0.124527 0 0.516331 0.116513 -0.848426 0 -5388.73 269.535 -893.511 1 2
-0.856173 0.0479761 -0.514458 0 -0.0192366 0.99203 0.124527 0 0.516331 0.116513 -0.848426 0 -5388.73 269.535 -893.511 1 2
-0.856173 0.0479761 -0.514458 0 -0.0192366 0.99203 0.124527 0 0.516331 0.116513 -0.848426 0 -5388.73 269.535 -893.511 1 2
-0.856173 0.0479761 -0.514458 0 -0.0192366 0.99203 0.124527 0 0.516331 0.116513 -0.848426 0 -5388.73 269.535 -893.511 1 2
-0.856173 0.0479761 -0.514458 0 -0.0192366 0.99203 0.124527 0 0.516331 0.116513 -0.848426 0 -5388.73 269.535 -893.511 1 2
-0.856173 0.0479761 -0.514458 0 -0.0192366 0.99203 0.124527 0 0.516331 0.116513 -0.848426 0 -5388.73 269.535 -893.511 1 2
-0.856173 0.0479761 -0.514458 0 -0.0192366 0.99203 0.124527 0 0.516331 0.116513 -0.848426 0 -5388.73 269.535 -893.511 1 2
-0.856173 0.0479761 -0.514458 0 -0.0192366 0.99203 0.124527 0 0.516331 0.116513 -0.848426 0 -5388.73 269.535 -893.511 1 2
-0.856173 0.0479761 -0.514458 0 -0.0192366 0.99203 0.124527 0 0.516331 0.116513 -0.848426 0 -5388.73 269.535 -893.511 1 2
-0.856173 0.0479761 -0.514458 0 -0.0192366 0.99203 0.124527 0 0.516331 0.116513 -0.848426 0 -5388.73 269.535 -893.511 1 2
-0.856173 0.0479761 -0.514458 0 -0.0192366 0.99203 0.124527 0 0.516331 0.116513 -0.848426 0 -5388.73 269.535 -893.511 1 2
-0.856173 0.0479761 -0.514458 0 -0.0192366 0.99203 0.124527 0 0.516331 0.116513 -0.848426 0 -5388.73 269.535 -893.511 1 2
-0.856173 0.0479761 -0.514458 0 -0.0192366 0.99203 0.124527 0 0.516331 0.116513 -0.848426 0 -5388.73 269.535 -893.511 1 2
-0.856173 0.0479761 -0.514458 0 -0.0192366 0.99203 0.124527 0 0.516331 0.116513 -0.848426 0 -5388.73 269.535 -893.511 1 2
-0.856173 0.0479761 -0.514458 0 -0.0192366 0.99203 0.124527 0 0.516331 0.116513 -0.848426 0 -5388.73 269.535 -893.511 1 2
-0.856173 0.0479761 -0.514458 0 -0.0192366 0.99203 0.124527 0 0.516331 0.116513 -0.848426 0 -5388.73 269.535 -893.511 1 2
-0.856173 0.0479761 -0.514458 0 -0.0192366 0.99203 0.124527 0 0.516331 0.116513 -0.848426 0 -5388.73 269.535 -893.511 1 2
-0.856173 0.0479761 -0.514458 0 -0.0192366 0.99203 0.124527 0 0.516331 0.116513 -0.848426 0 -5388.73 269.535 -893.511 1 2
-0.856173 0.0479761 -0.514458 0 -0.0192366 0.99203 0.124527 0 0.516331 0.116513 -0.848426 0 -5388.73 269.535 -893.511 1 2
-0.856173 0.0479761 -0.514458 0 -0.0192366 0.99203 0.124527 0 0.516331 0.116513 -0.848426 0 -5388.73 269.535 -893.511 1 2
-0.856173 0.0479761 -0.514458 0 -0.0192366 0.99203 0.124527 0 0.516331 0.116513 -0.848426 0 -5388.73 269.535 -893.511 1 2
-0.856173 0.0479761 -0.514458 0 -0.0192366 0.99203 0.124527 0 0.516331 0.116513 -0.848426 0 -5388.73 269.535 -893.511 1 2
-0.856173 0.0479761 -0.514458 0 -0.0192366 0.99203 0.124527 0 0.516331 0.116513 -0.848426 0 -5388.73 269.535 -893.511 1 2
-0.856173 0.0479761 -0.514458 0 -0.0192366 0.99203 0.124527 0 0.516331 0.116513 -0.848426 0 -5388.73 269.535 -893.511 1 2
-0.856173 0.0479761 -0.514458 0 -0.0192366 0.99203 0.124527 0 0.516331 0.116513 -0.848426 0 -5388.73 269.535 -893.511 1 2
-0.856173 0.0479761 -0.514458 0 -0.0192366 0.99203 0.124527 0 0.516331 0.116513 -0.848426 0 -5388.73 269.535 -893.511 1 2
-0.856173 0.0479761 -0.514458 0 -0.0192366 0.99203 0.124527 0 0.516331 0.116513 -0.848426 0 -5388.73 269.535 -893.511 1 2
-0.856173 0.0479761 -0.514458 0 -0.0192366 0.99203 0.124527 0 0.516331 0.116513 -0.848426 0 -5388.73 269.535 -893.511 1 2
-0.856173 0.0479761 -0.514458 0 -0.0192366 0.99203 0.124527 0 0.516331 0.116513 -0.848426 0 -5388.73 269.535 -893.511 1 2
-0.856173 0.0479761 -0.514458 0 -0.0192366 0.99203 0.124527 0 0.516331 0.116513 -0.848426 0 -5388.73 269.535 -893.511 1 2
-0.856173 0.0479761 -0.514458 0 -0.0192366 0.99203 0.124527 0 0.516331 0.116513 -0.848426 0 -5388.73 269.535 -893.511 1 2
-0.856173 0.0479761 -0.514458 0 -0.0192366 0.99203 0.124527 0 0.516331 0.116513 -0.848426 0 -5388.73 269.535 -893.511 1 2
-0.856173 0.0479761 -0.514458 0 -0.0192366 0.99203 0.124527 0 0.516331 0.116513 -0.848426 0 -5388.73 269.535 -893.511 1 2
-0.856173 0.0479761 -0.514458 0 -0.0192366 0.99203 0.124527 0 0.516331 0.116513 -0.848426 0 -5388.73 269.535 -893.511 1 2
-0.856173 0.0479761 -0.514458 0 -0.0192366 0.99203 0.124527 0 0.516331 0.116513 -0.848426 0 -5388.73 269.535 -893.511 1 2
-0.856173 0.0479761 -0.514458 0 -0.0192366 0.99203 0.124527 0 0.516331 0.116513 -0.848426 0 -5388.73 269.535 -893.511 1 2
-0.856173 0.0479761 -0.514458 0 -0.0192366 0.99203 0.124527 0 0.516331 0.116513 -0.848426 0 -5388.73 269.535 -893.511 1 2
-0.856173 0.0479761 -0.514458 0 -0.0192366 0.99203 0.124527 0 0.516331 0.116513 -0.848426 0 -5388.73 269.535 -893.511 1 2
-0.856173 0.0479761 -0.514458 0 -0.0192366 0.99203 0.124527 0 0.516331 0.116513 -0.848426 0 -5388.73 269.535 -893.511 1 2
-0.856975 0.0442929 -0.513451 0 -0.0303371 0.990236 0.136057 0 0.514464 0.132174 -0.847264 0 -5388.39 263.562 -901.123 1 3
-0.857539 0.0418493 -0.512714 0 -0.0378617 0.988848 0.144038 0 0.513024 0.142931 -0.846391 0 -5389.23 256.898 -909.869 1 3
-0.858046 0.0404722 -0.511975 0 -0.0431606 0.987681 0.150412 0 0.511756 0.151158 -0.845729 0 -5390.66 248.384 -917.526 1 3
-0.858344 0.0394403 -0.511557 0 -0.0482631 0.986414 0.157032 0 0.5108 0.159477 -0.844778 0 -5391.89 234.583 -923.04 1 3
-0.858585 0.0383119 -0.511238 0 -0.0526242 0.98535 0.16222 0 0.509964 0.166183 -0.843991 0 -5393.24 218.772 -927.213 1 3
-0.858925 0.0361742 -0.510823 0 -0.0567153 0.984646 0.165092 0 0.508952 0.170773 -0.843685 0 -5394.96 198.632 -929.398 1 3
-0.859374 0.0327995 -0.510294 0 -0.0609311 0.984262 0.165877 0 0.507704 0.173643 -0.843851 0 -5396.76 172.631 -930.099 1 3
-0.859856 0.0286043 -0.509734 0 -0.0652313 0.98409 0.16526 0 0.506352 0.17535 -0.84431 0 -5398.56 143.253 -929.985 1 3
-0.860348 0.0238751 -0.509147 0 -0.0695651 0.984055 0.163694 0 0.504937 0.176253 -0.844969 0 -5400.16 112.335 -929.188 1 3
-0.860754 0.0190776 -0.508663 0 -0.0739091 0.984023 0.161974 0 0.503626 0.177015 -0.845592 0 -5401.52 80.7094 -928.063 1 3
-0.861215 0.0141165 -0.508045 0 -0.0780901 0.984069 0.159718 0 0.502206 0.177225 -0.846393 0 -5402.98 48.661 -925.973 1 3
-0.861722 0.00881019 -0.507304 0 -0.0824307 0.984135 0.157111 0 0.50064 0.177203 -0.847325 0 -5404.31 14.7219 -922.651 1 3
-0.862271 0.00284873 -0.506438 0 -0.0870082 0.984283 0.153678 0 0.498916 0.176577 -0.848471 0 -5405.7 -22.8468 -917.316 1 3
-0.862883 -0.00375494 -0.505389 0 -0.0918974 0.984469 0.149588 0 0.496978 0.175521 -0.849827 0 -5407.13 -63.9524 -910.512 1 3
-0.86358 -0.00967355 -0.50412 0 -0.095894 0.984718 0.145375 0 0.49501 0.173885 -0.85131 0 -5408.76 -100.465 -902.769 1 3
-0.864294 -0.0147658 -0.50277 0 -0.0989757 0.985019 0.141217 0 0.493153 0.171815 -0.852807 0 -5410.8 -131.267 -893.933 1 3
-0.8652 -0.0182781 -0.501093 0 -0.100604 0.985343 0.137763 0 0.49123 0.169605 -0.854358 0 -5413.8 -153.8 -883.992 1 3
-0.866184 -0.0205628 -0.499302 0 -0.100566 0.985884 0.133859 0 0.489502 0.16616 -0.856025 0 -5417.5 -169.036 -873.625 1 3
-0.867245 -0.0222576 -0.497383 0 -0.0990748 0.986736 0.128593 0 0.487924 0.160799 -0.857948 0 -5422.05 -179.998 -861.505 1 3
-0.868585 -0.0227477 -0.495019 0 -0.0953252 0.987959 0.121862 0 0.486286 0.153036 -0.860294 0 -5427.94 -182.93 -847.197 1 3
-0.870052 -0.0216743 -0.492483 0 -0.0887628 0.989592 0.113262 0 0.484903 0.142258 -0.862921 0 -5435.23 -175.105 -830.994 1 3
-0.871613 -0.0195017 -0.489806 0 -0.0812132 0.991145 0.105057 0 0.48342 0.131348 -0.865478 0 -5443.47 -159.621 -813.09 1 3
-0.87315 -0.0169469 -0.487157 0 -0.0737351 0.992487 0.0976321 0 0.481843 0.121168 -0.86784 0 -5451.61 -139.907 -795.492 1 3
-0.87476 -0.0140105 -0.484354 0 -0.0667643 0.993533 0.0918394 0 0.479935 0.112675 -0.870038 0 -5459.5 -118.053 -777.589 1 3
-0.876266 -0.0111544 -0.481698 0 -0.0605655 0.994352 0.0871504 0 0.478005 0.105541 -0.871993 0 -5466.79 -96.6082 -761.368 1 3
-0.877569 -0.00844892 -0.479377 0 -0.055216 0.994973 0.0835447 0 0.476261 0.0997855 -0.873624 0 -5473.32 -77.8759 -748.003 1 3
-0.878717 -0.00603841 -0.477304 0 -0.0508334 0.995418 0.0809913 0 0.474628 0.0954315 -0.874998 0 -5479.19 -61.4536 -736.899 1 3
-0.87968 -0.00399189 -0.475549 0 -0.0472825 0.995744 0.0791056 0 0.473209 0.0920728 -0.876125 0 -5484.4 -47.4711 -727.574 1 3
-0.880615 -0.00201567 -0.473828 0 -0.044344 0.995953 0.0781771 0 0.471753 0.0898554 -0.87714 0 -5489.05 -35.0178 -718.807 1 3
-0.881324 -0.00026474 -0.472513 0 -0.0419732 0.996091 0.0777297 0 0.470645 0.0883379 -0.877889 0 -5493.08 -24.8547 -712.057 1 3
-0.88192 0.00125293 -0.471397 0 -0.0399953 0.996192 0.0774735 0 0.469699 0.0871791 -0.878511 0 -5496.58 -16.3143 -706.718 1 3
-0.882433 0.00258594 -0.47043 0 -0.0383216 0.996266 0.0773601 0 0.468874 0.0862928 -0.87904 0 -5499.58 -9.06735 -702.196 1 3
-0.882904 0.00377475 -0.469538 0 -0.0369488 0.996308 0.077487 0 0.468097 0.0857625 -0.879505 0 -5502.26 -2.89386 -697.977 1 3
-0.883299 0.00459882 -0.468787 0 -0.0359761 0.996338 0.0775609 0 0.467428 0.0853746 -0.879899 0 -5504.61 1.47875 -694.253 1 3
-0.883655 0.00552983 -0.468105 0 -0.0349216 0.996366 0.0776928 0 0.466833 0.0850007 -0.880251 0 -5506.71 5.86084 -690.949 1 3
-0.884012 0.00598236 -0.467426 0 -0.0343024 0.996392 0.0776262 0 0.466204 0.0846563 -0.880618 0 -5508.76 8.2821 -687.227 1 3
-0.884307 0.00641055 -0.466862 0 -0.0337709 0.996409 0.0776488 0 0.465684 0.0844317 -0.880914 0 -5510.55 10.2198 -684.153 1 3
-0.884614 0.00677962 -0.466275 0 -0.0333085 0.996422 0.0776806 0 0.465133 0.0842482 -0.881223 0 -5512.23 11.9697 -681.236 1 3
-0.884894 0.00694963 -0.465741 0 -0.0330813 0.996426 0.0777217 0 0.464617 0.0841828 -0.881501 0 -5513.83 13.0676 -678.641 1 3
-0.885136 0.00729022 -0.465275 0 -0.0327213 0.996427 0.0778615 0 0.46418 0.0841424 -0.881735 0 -5515.3 14.7652 -676.531 1 3
-0.885347 0.0076133 -0.464868 0 -0.0324273 0.99642 0.078077 0 0.463798 0.0841997 -0.881931 0 -5516.62 16.1212 -675.081 1 3
-0.885717 0.00782245 -0.464161 0 -0.0324274 0.996373 0.07867 0 0.463092 0.0847309 -0.882251 0 -5518.65 16.3115 -672.443 1 3
-0.885874 0.00838098 -0.46385 0 -0.0321771 0.996319 0.0794546 0 0.462808 0.0853121 -0.882344 0 -5520.88 18.4383 -674.519 1 3
-0.886034 0.00893104 -0.463534 0 -0.0318218 0.996285 0.0800224 0 0.462527 0.0856531 -0.882458 0 -5522.88 20.7079 -675.755 1 3
-0.886166 0.0094433 -0.463272 0 -0.0314701 0.996257 0.0805049 0 0.462299 0.0859199 -0.882552 0 -5524.58 22.9915 -676.589 1 3
-0.886321 0.00979637 -0.462967 0 -0.0312288 0.996236 0.0808658 0 0.462017 0.086131 -0.882679 0 -5526.15 24.5551 -676.722 1 3
-0.88649 0.0102899 -0.462633 0 -0.030868 0.996211 0.0813064 0 0.461717 0.0863579 -0.882814 0 -5527.67 26.6768 -676.446 1 3
-0.886659 0.0106227 -0.462302 0 -0.0306368 0.99619 0.0816491 0 0.461408 0.0865583 -0.882955 0 -5529.03 28.2972 -675.839 1 3
-0.886809 0.0108618 -0.462009 0 -0.0304575 0.996177 0.0818822 0 0.461131 0.0866855 -0.883087 0 -5530.2 29.5922 -675.309 1 3
-0.88691 0.0112361 -0.461806 0 -0.0301385 0.996167 0.0821191 0 0.460959 0.0867504 -0.883171 0 -5531.16 31.2429 -674.992 1 3
