-0.802036 0 -0.597275 0 0 1 0 0 0.597275 0 -0.802036 0 -4256.9 0 -2927.68 1 0
-0.802036 0 -0.597275 0 0 1 0 0 0.597275 0 -0.802036 0 -4256.9 0 -2927.68 1 0
-0.802036 0 -0.597275 0 0 1 0 0 0.597275 0 -0.802036 0 -4256.9 0 -2927.68 1 0
-0.802036 0 -0.597275 0 0 1 0 0 0.597275 0 -0.802036 0 -4256.9 0 -2927.68 1 0
-0.802036 0 -0.597275 0 0 1 0 0 0.597275 0 -0.802036 0 -4256.9 0 -2927.68 1 0
-0.802036 0 -0.597275 0 0 1 0 0 0.597275 0 -0.802036 0 -4256.9 0 -2927.68 1 0
-0.802036 0 -0.597275 0 0 1 0 0 0.597275 0 -0.802036 0 -4256.9 0 -2927.68 1 0
-0.802036 0 -0.597275 0 0 1 0 0 0.597275 0 -0.802036 0 -4256.9 0 -2927.68 1 0
-0.802036 0 -0.597275 0 0 1 0 0 0.597275 0 -0.802036 0 -4256.9 0 -2927.68 1 0
-0.802036 0 -0.597275 0 0 1 0 0 0.597275 0 -0.802036 0 -4256.9 0 -2927.68 1 0
-0.802036 0 -0.597275 0 0 1 0 0 0.597275 0 -0.802036 0 -4256.9 0 -2927.68 1 0
-0.802036 0 -0.597275 0 0 1 0 0 0.597275 0 -0.802036 0 -4256.9 0 -2927.68 1 0
-0.802036 0 -0.597275 0 0 1 0 0 0.597275 0 -0.802036 0 -4256.9 0 -2927.68 1 0
-0.802036 0 -0.597275 0 0 1 0 0 0.597275 0 -0.802036 0 -4256.9 0 -2927.68 1 0
-0.802036 0 -0.597275 0 0 1 0 0 0.597275 0 -0.802036 0 -4256.9 0 -2927.68 1 0
-0.802036 0 -0.597275 0 0 1 0 0 0.597275 0 -0.802036 0 -4256.9 0 -2927.68 1 0
-0.802036 0 -0.597275 0 0 1 0 0 0.597275 0 -0.802036 0 -4256.9 0 -2927.68 1 0
-0.802036 0 -0.597275 0 0 1 0 0 0.597275 0 -0.802036 0 -4256.9 0 -2927.68 1 0
-0.802036 0 -0.597275 0 0 1 0 0 0.597275 0 -0.802036 0 -4256.9 0 -2927.68 1 0
-0.802036 0 -0.597275 0 0 1 0 0 0.597275 0 -0.802036 0 -4256.9 0 -2927.68 1 0
-0.802036 0 -0.597275 0 0 1 0 0 0.597275 0 -0.802036 0 -4256.9 0 -2927.68 1 0
-0.802036 0 -0.597275 0 0 1 0 0 0.597275 0 -0.802036 0 -4256.9 0 -2927.68 1 0
-0.802036 0 -0.597275 0 0 1 0 0 0.597275 0 -0.802036 0 -4256.9 0 -2927.68 1 0
-0.802036 0 -0.597275 0 0 1 0 0 0.597275 0 -0.802036 0 -4256.9 0 -2927.68 1 0
-0.802036 0 -0.597275 0 0 1 0 0 0.597275 0 -0.802036 0 -4256.9 0 -2927.68 1 0
-0.802036 0 -0.597275 0 0 1 0 0 0.597275 0 -0.802036 0 -4256.9 0 -2927.68 1 0
-0.802036 0 -0.597275 0 0 1 0 0 0.597275 0 -0.802036 0 -4256.9 0 -2927.68 1 0
-0.802036 0 -0.597275 0 0 1 0 0 0.597275 0 -0.802036 0 -4256.9 0 -2927.68 1 0
-0.802036 0 -0.597275 0 0 1 0 0 0.597275 0 -0.802036 0 -4256.9 0 -2927.68 1 0
-0.802036 0 -0.597275 0 0 1 0 0 0.597275 0 -0.802036 0 -4256.9 0 -2927.68 1 0
-0.802036 0 -0.597275 0 0 1 0 0 0.597275 0 -0.802036 0 -4256.9 0 -2927.68 1 0
-0.802036 0 -0.597275 0 0 1 0 0 0.597275 0 -0.802036 0 -4256.9 0 -2927.68 1 0
-0.802036 0 -0.597275 0 0 1 0 0 0.597275 0 -0.802036 0 -4256.9 0 -2927.68 1 0
-0.802036 0 -0.597275 0 0 1 0 0 0.597275 0 -0.802036 0 -4256.9 0 -2927.68 1 0
-0.802036 0 -0.597275 0 0 1 0 0 0.597275 0 -0.802036 0 -4256.9 0 -2927.68 1 0
-0.802036 0 -0.597275 0 0 1 0 0 0.597275 0 -0.802036 0 -4256.9 0 -2927.68 1 0
-0.802036 0 -0.597275 0 0 1 0 0 0.597275 0 -0.802036 0 -4256.9 0 -2927.68 1 0
-0.802036 0 -0.597275 0 0 1 0 0 0.597275 0 -0.802036 0 -4256.9 0 -2927.68 1 0
-0.802036 0 -0.597275 0 0 1 0 0 0.597275 0 -0.802036 0 -4256.9 0 -2927.68 1 0
-0.802036 0 -0.597275 0 0 1 0 0 0.597275 0 -0.802036 0 -4256.9 0 -2927.68 1 0
-0.802036 0 -0.597275 0 0 1 0 0 0.597275 0 -0.802036 0 -4256.9 0 -2927.68 1 0
-0.802036 0 -0.597275 0 0 1 0 0 0.597275 0 -0.802036 0 -4256.9 0 -2927.68 1 0
-0.802036 0 -0.597275 0 0 1 0 0 0.597275 0 -0.802036 0 -4256.9 0 -2927.68 1 0
-0.802036 0 -0.597275 0 0 1 0 0 0.597275 0 -0.802036 0 -4256.9 0 -2927.68 1 0
-0.802036 0 -0.597275 0 0 1 0 0 0.597275 0 -0.802036 0 -4256.9 0 -2927.68 1 0
-0.802036 0 -0.597275 0 0 1 0 0 0.597275 0 -0.802036 0 -4256.9 0 -2927.68 1 0
-0.802036 0 -0.597275 0 0 1 0 0 0.597275 0 -0.802036 0 -4256.9 0 -2927.68 1 0
-0.802036 0 -0.597275 0 0 1 0 0 0.597275 0 -0.802036 0 -4256.9 0 -2927.68 1 0
-0.802036 0 -0.597275 0 0 1 0 0 0.597275 0 -0.802036 0 -4256.9 0 -2927.68 1 0
-0.802036 0 -0.597275 0 0 1 0 0 0.597275 0 -0.802036 0 -4256.9 0 -2927.68 1 0
-0.802036 0 -0.597275 0 0 1 0 0 0.597275 0 -0.802036 0 -4256.9 0 -2927.68 1 0
-0.802036 0 -0.597275 0 0 1 0 0 0.597275 0 -0.802036 0 -4256.9 0 -2927.68 1 0
-0.802036 0 -0.597275 0 0 1 0 0 0.597275 0 -0.802036 0 -4256.9 0 -2927.68 1 0
-0.802036 0 -0.597275 0 0 1 0 0 0.597275 0 -0.802036 0 -4256.9 0 -2927.68 1 0
-0.802036 0 -0.597275 0 0 1 0 0 0.597275 0 -0.802036 0 -4256.9 0 -2927.68 1 0
-0.802036 0 -0.597275 0 0 1 0 0 0.597275 0 -0.802036 0 -4256.9 0 -2927.68 1 0
-0.802036 0 -0.597275 0 0 1 0 0 0.597275 0 -0.802036 0 -4256.9 0 -2927.68 1 0
-0.802036 0 -0.597275 0 0 1 0 0 0.597275 0 -0.802036 0 -4256.9 0 -2927.68 1 0
-0.802036 0 -0.597275 0 0 1 0 0 0.597275 0 -0.802036 0 -4256.9 0 -2927.68 1 0
-0.802036 0 -0.597275 0 0 1 0 0 0.597275 0 -0.802036 0 -4256.9 0 -2927.68 1 0
-0.802036 0 -0.597275 0 0 1 0 0 0.597275 0 -0.802036 0 -4256.9 0 -2927.68 1 0
-0.802036 0 -0.597275 0 0 1 0 0 0.597275 0 -0.802036 0 -4256.9 0 -2927.68 1 0
-0.802036 0 -0.597275 0 0 1 0 0 0.597275 0 -0.802036 0 -4256.9 0 -2927.68 1 0
-0.802036 0 -0.597275 0 0 1 0 0 0.597275 0 -0.802036 0 -4256.9 0 -2927.68 1 0
-0.802036 0 -0.597275 0 0 1 0 0 0.597275 0 -0.802036 0 -4256.9 0 -2927.68 1 0
-0.802036 0 -0.597275 0 0 1 0 0 0.597275 0 -0.802036 0 -4256.9 0 -2927.68 1 0
-0.802036 0 -0.597275 0 0 1 0 0 0.597275 0 -0.802036 0 -4256.9 0 -2927.68 1 0
-0.802036 0 -0.597275 0 0 1 0 0 0.597275 0 -0.802036 0 -4256.9 0 -2927.68 1 0
-0.802036 0 -0.597275 0 0 1 0 0 0.597275 0 -0.802036 0 -4256.9 0 -2927.68 1 0
-0.802036 0 -0.597275 0 0 1 0 0 0.597275 0 -0.802036 0 -4256.9 0 -2927.68 1 0
-0.802036 0 -0.597275 0 0 1 0 0 0.597275 0 -0.802036 0 -4256.9 0 -2927.68 1 0
-0.802036 0 -0.597275 0 0 1 0 0 0.597275 0 -0.802036 0 -4256.9 0 -2927.68 1 0
-0.802036 0 -0.597275 0 0 1 0 0 0.597275 0 -0.802036 0 -4256.9 0 -2927.68 1 0
-0.802036 0 -0.597275 0 0 1 0 0 0.597275 0 -0.802036 0 -4256.9 0 -2927.68 1 0
-0.802036 0 -0.597275 0 0 1 0 0 0.597275 0 -0.802036 0 -4256.9 0 -2927.68 1 0
-0.802036 0 -0.597275 0 0 1 0 0 0.597275 0 -0.802036 0 -4256.9 0 -2927.68 1 0
-0.802036 0 -0.597275 0 0 1 0 0 0.597275 0 -0.802036 0 -4256.9 0 -2927.68 1 0
-0.802036 0 -0.597275 0 0 1 0 0 0.597275 0 -0.802036 0 -4256.9 0 -2927.68 1 0
-0.802036 0 -0.597275 0 0 1 0 0 0.597275 0 -0.802036 0 -4256.9 0 -2927.68 1 0
-0.802036 0 -0.597275 0 0 1 0 0 0.597275 0 -0.802036 0 -4256.9 0 -2927.68 1 0
-0.857588 0.0403875 -0.512749 0 -0.0268106 0.992047 0.122982 0 0.513638 0.119215 -0.849684 0 -5208.29 294.116 -1048.99 1 1
-0.860317 0.0599926 -0.506216 0 -0.0159452 0.989398 0.144354 0 0.509509 0.132262 -0.850239 0 -5263.94 303.836 -1102.55 1 1
-0.860317 0.0599926 -0.506216 0 -0.0159452 0.989398 0.144354 0 0.509509 0.132262 -0.850239 0 -5263.94 303.836 -1102.55 1 2
-0.860317 0.0599926 -0.506216 0 -0.0159452 0.989398 0.144354 0 0.509509 0.132262 -0.850239 0 -5263.94 303.836 -1102.55 1 2
-0.860317 0.0599926 -0.506216 0 -0.0159452 0.989398 0.144354 0 0.509509 0.132262 -0.850239 0 -5263.94 303.836 -1102.55 1 2
-0.860317 0.0599926 -0.506216 0 -0.0159452 0.989398 0.144354 0 0.509509 0.132262 -0.850239 0 -5263.94 303.836 -1102.55 1 2
-0.860317 0.0599926 -0.506216 0 -0.0159452 0.989398 0.144354 0 0.509509 0.132262 -0.850239 0 -5263.94 303.836 -1102.55 1 2
-0.860317 0.0599926 -0.506216 0 -0.0159452 0.989398 0.144354 0 0.509509 0.132262 -0.850239 0 -5263.94 303.836 -1102.55 1 2
-0.860317 0.0599926 -0.506216 0 -0.0159452 0.989398 0.144354 0 0.509509 0.132262 -0.850239 0 -5263.94 303.836 -1102.55 1 2
-0.860317 0.0599926 -0.506216 0 -0.0159452 0.989398 0.144354 0 0.509509 0.132262 -0.850239 0 -5263.94 303.836 -1102.55 1 2
-0.860317 0.0599926 -0.506216 0 -0.0159452 0.989398 0.144354 0 0.509509 0.132262 -0.850239 0 -5263.94 303.836 -1102.55 1 2
-0.860317 0.0599926 -0.506216 0 -0.0159452 0.989398 0.144354 0 0.509509 0.132262 -0.850239 0 -5263.94 303.836 -1102.55 1 2
-0.860317 0.0599926 -0.506216 0 -0.0159452 0.989398 0.144354 0 0.509509 0.132262 -0.850239 0 -5263.94 303.836 -1102.55 1 2
-0.860317 0.0599926 -0.506216 0 -0.0159452 0.989398 0.144354 0 0.509509 0.132262 -0.850239 0 -5263.94 303.836 -1102.55 1 2
-0.860317 0.0599926 -0.506216 0 -0.0159452 0.989398 0.144354 0 0.509509 0.132262 -0.850239 0 -5263.94 303.836 -1102.55 1 2
-0.860317 0.0599926 -0.506216 0 -0.0159452 0.989398 0.144354 0 0.509509 0.132262 -0.850239 0 -5263.94 303.836 -1102.55 1 2
-0.860317 0.0599926 -0.506216 0 -0.0159452 0.989398 0.144354 0 0.509509 0.132262 -0.850239 0 -5263.94 303.836 -1102.55 1 2
-0.860317 0.0599926 -0.506216 0 -0.0159452 0.989398 0.144354 0 0.509509 0.132262 -0.850239 0 -5263.94 303.836 -1102.55 1 2
-0.860317 0.0599926 -0.506216 0 -0.0159452 0.989398 0.144354 0 0.509509 0.132262 -0.850239 0 -5263.94 303.836 -1102.55 1 2
-0.860317 0.0599926 -0.506216 0 -0.0159452 0.989398 0.144354 0 0.509509 0.132262 -0.850239 0 -5263.94 303.836 -1102.55 1 2
-0.860317 0.0599926 -0.506216 0 -0.0159452 0.989398 0.144354 0 0.509509 0.132262 -0.850239 0 -5263.94 303.836 -1102.55 1 2
-0.860317 0.0599926 -0.506216 0 -0.0159452 0.989398 0.144354 0 0.509509 0.132262 -0.850239 0 -5263.94 303.836 -1102.55 1 2
-0.860317 0.0599926 -0.506216 0 -0.0159452 0.989398 0.144354 0 0.509509 0.132262 -0.850239 0 -5263.94 303.836 -1102.55 1 2
-0.860317 0.0599926 -0.506216 0 -0.0159452 0.989398 0.144354 0 0.509509 0.132262 -0.850239 0 -5263.94 303.836 -1102.55 1 2
-0.860317 0.0599926 -0.506216 0 -0.0159452 0.989398 0.144354 0 0.509509 0.132262 -0.850239 0 -5263.94 303.836 -1102.55 1 2
-0.860317 0.0599926 -0.506216 0 -0.0159452 0.989398 0.144354 0 0.509509 0.132262 -0.850239 0 -5263.94 303.836 -1102.55 1 2
-0.860317 0.0599926 -0.506216 0 -0.0159452 0.989398 0.144354 0 0.509509 0.132262 -0.850239 0 -5263.94 303.836 -1102.55 1 2
-0.860317 0.0599926 -0.506216 0 -0.0159452 0.989398 0.144354 0 0.509509 0.132262 -0.850239 0 -5263.94 303.836 -1102.55 1 2
-0.860317 0.0599926 -0.506216 0 -0.0159452 0.989398 0.144354 0 0.509509 0.132262 -0.850239 0 -5263.94 303.836 -1102.55 1 2
-0.860317 0.0599926 -0.506216 0 -0.0159452 0.989398 0.144354 0 0.509509 0.132262 -0.850239 0 -5263.94 303.836 -1102.55 1 2
-0.860317 0.0599926 -0.506216 0 -0.0159452 0.989398 0.144354 0 0.509509 0.132262 -0.850239 0 -5263.94 303.836 -1102.55 1 2
-0.860317 0.0599926 -0.506216 0 -0.0159452 0.989398 0.144354 0 0.509509 0.132262 -0.850239 0 -5263.94 303.836 -1102.55 1 2
-0.860317 0.0599926 -0.506216 0 -0.0159452 0.989398 0.144354 0 0.509509 0.132262 -0.850239 0 -5263.94 303.836 -1102.55 1 2
-0.860317 0.0599926 -0.506216 0 -0.0159452 0.989398 0.144354 0 0.509509 0.132262 -0.850239 0 -5263.94 303.836 -1102.55 1 2
-0.860317 0.0599926 -0.506216 0 -0.0159452 0.989398 0.144354 0 0.509509 0.132262 -0.850239 0 -5263.94 303.836 -1102.55 1 2
-0.860317 0.0599926 -0.506216 0 -0.0159452 0.989398 0.144354 0 0.509509 0.132262 -0.850239 0 -5263.94 303.836 -1102.55 1 2
-0.860317 0.0599926 -0.506216 0 -0.0159452 0.989398 0.144354 0 0.509509 0.132262 -0.850239 0 -5263.94 303.836 -1102.55 1 2
-0.860317 0.0599926 -0.506216 0 -0.0159452 0.989398 0.144354 0 0.509509 0.132262 -0.850239 0 -5263.94 303.836 -1102.55 1 2
-0.860317 0.0599926 -0.506216 0 -0.0159452 0.989398 0.144354 0 0.509509 0.132262 -0.850239 0 -5263.94 303.836 -1102.55 1 2
-0.860317 0.0599926 -0.506216 0 -0.0159452 0.989398 0.144354 0 0.509509 0.132262 -0.850239 0 -5263.94 303.836 -1102.55 1 2
-0.860317 0.0599926 -0.506216 0 -0.0159452 0.989398 0.144354 0 0.509509 0.132262 -0.850239 0 -5263.94 303.836 -1102.55 1 2
-0.860317 0.0599926 -0.506216 0 -0.0159452 0.989398 0.144354 0 0.509509 0.132262 -0.850239 0 -5263.94 303.836 -1102.55 1 2
-0.860317 0.0599926 -0.506216 0 -0.0159452 0.989398 0.144354 0 0.509509 0.132262 -0.850239 0 -5263.94 303.836 -1102.55 1 2
-0.860317 0.0599926 -0.506216 0 -0.0159452 0.989398 0.144354 0 0.509509 0.132262 -0.850239 0 -5263.94 303.836 -1102.55 1 2
-0.860317 0.0599926 -0.506216 0 -0.0159452 0.989398 0.144354 0 0.509509 0.132262 -0.850239 0 -5263.94 303.836 -1102.55 1 2
-0.860317 0.0599926 -0.506216 0 -0.0159452 0.989398 0.144354 0 0.509509 0.132262 -0.850239 0 -5263.94 303.836 -1102.55 1 2
-0.860317 0.0599926 -0.506216 0 -0.0159452 0.989398 0.144354 0 0.509509 0.132262 -0.850239 0 -5263.94 303.836 -1102.55 1 2
-0.860317 0.0599926 -0.506216 0 -0.0159452 0.989398 0.144354 0 0.509509 0.132262 -0.850239 0 -5263.94 303.836 -1102.55 1 2
-0.861537 0.0580407 -0.504367 0 -0.0241308 0.98764 0.154873 0 0.507121 0.1456 -0.849487 0 -5264.47 301.695 -1109.93 1 3
-0.862363 0.0565786 -0.50312 0 -0.030028 0.986271 0.16238 0 0.5054 0.155138 -0.848824 0 -5266.02 297.688 -1118.46 1 3
-0.863079 0.0558625 -0.50197 0 -0.0343288 0.985078 0.16865 0 0.503901 0.16279 -0.848282 0 -5268.07 291.16 -1125.96 1 3
-0.863582 0.0552739 -0.501169 0 -0.0387846 0.983746 0.175328 0 0.502714 0.170848 -0.847401 0 -5269.75 279.396 -1131.27 1 3
-0.863952 0.054472 -0.50062 0 -0.0427061 0.982625 0.180619 0 0.50176 0.177426 -0.846615 0 -5271.52 265.194 -1135.3 1 3
-0.86437 0.0525313 -0.500105 0 -0.0465467 0.9819 0.18359 0 0.500697 0.181968 -0.84628 0 -5273.64 246.142 -1137.46 1 3
-0.864885 0.0493587 -0.499537 0 -0.0505623 0.981526 0.184526 0 0.499416 0.184851 -0.846412 0 -5275.87 220.814 -1138.26 1 3
-0.865429 0.0453211 -0.498978 0 -0.0547282 0.981391 0.184058 0 0.498034 0.186597 -0.846843 0 -5278.1 191.823 -1138.31 1 3
-0.865962 0.0407309 -0.498448 0 -0.058917 0.981429 0.182555 0 0.496627 0.187453 -0.84748 0 -5280.18 161.089 -1137.72 1 3
-0.866434 0.036022 -0.497991 0 -0.0631614 0.981474 0.180886 0 0.495281 0.18818 -0.848107 0 -5281.97 129.621 -1136.78 1 3
-0.866952 0.0311548 -0.497418 0 -0.0672317 0.981611 0.17866 0 0.493837 0.188332 -0.848915 0 -5283.88 97.594 -1134.91 1 3
-0.867526 0.0259451 -0.496715 0 -0.0714617 0.981777 0.176091 0 0.492232 0.18826 -0.849862 0 -5285.69 63.6178 -1131.83 1 3
-0.868141 0.0201229 -0.49591 0 -0.075882 0.982049 0.172688 0 0.490483 0.187548 -0.85103 0 -5287.6 25.8351 -1126.8 1 3
-0.868824 0.0136407 -0.494933 0 -0.0806384 0.982375 0.16863 0 0.488511 0.186421 -0.852411 0 -5289.6 -15.5866 -1120.36 1 3
-0.869566 0.0078417 -0.493755 0 -0.0845116 0.982759 0.164444 0 0.486532 0.184723 -0.853911 0 -5291.79 -52.5496 -1113 1 3
-0.870304 0.00283229 -0.492507 0 -0.0875102 0.983183 0.160292 0 0.484679 0.182603 -0.85542 0 -5294.37 -83.8944 -1104.55 1 3
-0.871204 -0.00062105 -0.490921 0 -0.0890694 0.983602 0.156821 0 0.482774 0.180349 -0.856974 0 -5297.89 -106.985 -1094.99 1 3
-0.872149 -0.00285736 -0.489231 0 -0.0889743 0.984234 0.152866 0 0.481081 0.176851 -0.858653 0 -5302.06 -123.081 -1085.03 1 3
-0.873158 -0.00449998 -0.487417 0 -0.087421 0.985189 0.14751 0 0.479535 0.17141 -0.860619 0 -5307.02 -135.369 -1073.36 1 3
-0.874375 -0.00496969 -0.485225 0 -0.0836275 0.986529 0.140592 0 0.47799 0.163509 -0.863012 0 -5313.33 -140.196 -1059.59 1 3
-0.8757 -0.00389451 -0.482839 0 -0.0770368 0.988286 0.131746 0 0.47667 0.152567 -0.865742 0 -5320.96 -134.991 -1043.96 1 3
-0.877096 -0.00172942 -0.480312 0 -0.0694804 0.989932 0.123314 0 0.475263 0.14153 -0.868386 0 -5329.54 -122.153 -1026.63 1 3
-0.878489 0.000753865 -0.477762 0 -0.0620367 0.991353 0.115635 0 0.473717 0.131223 -0.870846 0 -5338.02 -104.909 -1009.54 1 3
-0.879974 0.00363063 -0.475008 0 -0.0550288 0.992459 0.109529 0 0.471824 0.122522 -0.873139 0 -5346.35 -85.1153 -992.074 1 3
-0.881381 0.00647959 -0.472361 0 -0.0487575 0.993318 0.104603 0 0.469883 0.115226 -0.875176 0 -5354.09 -65.3926 -976.231 1 3
-0.882575 0.00911781 -0.470084 0 -0.0433805 0.993968 0.100725 0 0.468167 0.10929 -0.876856 0 -5361.01 -48.0385 -963.133 1 3
-0.883636 0.0114908 -0.468033 0 -0.0389486 0.994429 0.0979487 0 0.466551 0.10478 -0.878266 0 -5367.25 -32.6886 -952.243 1 3
-0.884521 0.0135329 -0.466304 0 -0.0353521 0.99476 0.0959281 0 0.465159 0.101335 -0.879408 0 -5372.79 -19.5272 -943.108 1 3
-0.885392 0.0154427 -0.464588 0 -0.0324218 0.994963 0.0948601 0 0.463712 0.0990512 -0.880432 0 -5377.76 -7.6045 -934.487 1 3
-0.886048 0.0171628 -0.463277 0 -0.0300557 0.995085 0.0943479 0 0.462619 0.0975208 -0.881177 0 -5382.03 2.20166 -927.845 1 3
-0.886577 0.0186697 -0.462204 0 -0.028052 0.995176 0.0940057 0 0.46173 0.096309 -0.881777 0 -5385.76 10.4677 -922.593 1 3
-0.887021 0.0199423 -0.461299 0 -0.0263959 0.995243 0.0937812 0 0.460974 0.0953623 -0.882275 0 -5388.98 17.502 -918.135 1 3
-0.887448 0.0210975 -0.460425 0 -0.0250236 0.995273 0.093837 0 0.460228 0.0947969 -0.882725 0 -5391.85 23.5518 -913.998 1 3
-0.887824 0.0218819 -0.459663 0 -0.0240461 0.995298 0.0938247 0 0.459555 0.0943529 -0.883124 0 -5394.38 27.8216 -910.354 1 3
-0.888152 0.0227771 -0.458984 0 -0.0230029 0.995315 0.0939041 0 0.458973 0.0939591 -0.883468 0 -5396.63 32.117 -907.11 1 3
-0.888496 0.023225 -0.458297 0 -0.0223754 0.995338 0.0938194 0 0.458339 0.0936127 -0.883834 0 -5398.84 34.461 -903.467 1 3
-0.888777 0.0236509 -0.457729 0 -0.0218357 0.995349 0.0938283 0 0.457819 0.0933872 -0.884127 0 -5400.75 36.3426 -900.452 1 3
-0.889072 0.0240172 -0.457137 0 -0.0213656 0.995357 0.0938478 0 0.457268 0.0932045 -0.884431 0 -5402.57 38.051 -897.601 1 3
-0.889342 0.0241858 -0.456603 0 -0.0211317 0.995359 0.0938822 0 0.456754 0.0931422 -0.884703 0 -5404.31 39.1348 -895.067 1 3
-0.88957 0.0245206 -0.45614 0 -0.0207605 0.995356 0.0939945 0 0.456327 0.0930844 -0.88493 0 -5405.89 40.8367 -892.994 1 3
-0.889774 0.0248312 -0.455725 0 -0.0204527 0.995346 0.0941663 0 0.455943 0.0931076 -0.885126 0 -5407.32 42.2186 -891.571 1 3
-0.89012 0.0250335 -0.455039 0 -0.0204389 0.995293 0.0947363 0 0.455268 0.0936271 -0.885418 0 -5409.56 42.5381 -888.994 1 3
-0.890264 0.0256029 -0.454725 0 -0.020167 0.995223 0.0955184 0 0.454998 0.0942071 -0.885495 0 -5411.91 44.8142 -891.087 1 3
-0.890415 0.0261599 -0.454398 0 -0.0197932 0.995177 0.0960785 0 0.45472 0.0945437 -0.885602 0 -5414.01 47.169 -892.35 1 3
-0.89054 0.0266774 -0.454122 0 -0.0194267 0.995138 0.0965554 0 0.45449 0.0948086 -0.885692 0 -5415.78 49.5145 -893.205 1 3
-0.890688 0.0270298 -0.45381 0 -0.0191792 0.995108 0.0969134 0 0.45421 0.0950233 -0.885813 0 -5417.43 51.1256 -893.365 1 3
-0.89085 0.0275234 -0.453463 0 -0.0188092 0.995073 0.0973484 0 0.453908 0.0952521 -0.885943 0 -5419.04 53.3043 -893.117 1 3
-0.891012 0.0278562 -0.453124 0 -0.0185684 0.995044 0.097684 0 0.453599 0.0954514 -0.88608 0 -5420.48 54.9755 -892.54 1 3
-0.891158 0.0280955 -0.452823 0 -0.0183814 0.995025 0.0979113 0 0.453322 0.0955779 -0.886208 0 -5421.72 56.3029 -892.038 1 3
-0.89125 0.0284694 -0.452617 0 -0.0180573 0.995009 0.0981424 0 0.453152 0.0956425 -0.886288 0 -5422.72 57.9709 -891.738 1 3
