0.479366 0 -0.877615 0 0 1 0 0 0.877615 0 0.479366 0 -163.522 0 81.4035 1 0
0.479366 0 -0.877615 0 0 1 0 0 0.877615 0 0.479366 0 -163.522 0 81.4035 1 0
0.479366 0 -0.877615 0 0 1 0 0 0.877615 0 0.479366 0 -163.522 0 81.4035 1 0
0.479366 0 -0.877615 0 0 1 0 0 0.877615 0 0.479366 0 -163.522 0 81.4035 1 0
0.479366 0 -0.877615 0 0 1 0 0 0.877615 0 0.479366 0 -163.522 0 81.4035 1 0
0.479366 0 -0.877615 0 0 1 0 0 0.877615 0 0.479366 0 -163.522 0 81.4035 1 0
0.479366 0 -0.877615 0 0 1 0 0 0.877615 0 0.479366 0 -163.522 0 81.4035 1 0
0.479366 0 -0.877615 0 0 1 0 0 0.877615 0 0.479366 0 -163.522 0 81.4035 1 0
0.479366 0 -0.877615 0 0 1 0 0 0.877615 0 0.479366 0 -163.522 0 81.4035 1 0
0.479366 0 -0.877615 0 0 1 0 0 0.877615 0 0.479366 0 -163.522 0 81.4035 1 0
0.479366 0 -0.877615 0 0 1 0 0 0.877615 0 0.479366 0 -163.522 0 81.4035 1 0
0.479366 0 -0.877615 0 0 1 0 0 0.877615 0 0.479366 0 -163.522 0 81.4035 1 0
0.479366 0 -0.877615 0 0 1 0 0 0.877615 0 0.479366 0 -163.522 0 81.4035 1 0
0.479366 0 -0.877615 0 0 1 0 0 0.877615 0 0.479366 0 -163.522 0 81.4035 1 0
0.479366 0 -0.877615 0 0 1 0 0 0.877615 0 0.479366 0 -163.522 0 81.4035 1 0
0.479366 0 -0.877615 0 0 1 0 0 0.877615 0 0.479366 0 -163.522 0 81.4035 1 0
0.479366 0 -0.877615 0 0 1 0 0 0.877615 0 0.479366 0 -163.522 0 81.4035 1 0
0.479366 0 -0.877615 0 0 1 0 0 0.877615 0 0.479366 0 -163.522 0 81.4035 1 0
0.479366 0 -0.877615 0 0 1 0 0 0.877615 0 0.479366 0 -163.522 0 81.4035 1 0
0.479366 0 -0.877615 0 0 1 0 0 0.877615 0 0.479366 0 -163.522 0 81.4035 1 0
0.479366 0 -0.877615 0 0 1 0 0 0.877615 0 0.479366 0 -163.522 0 81.4035 1 0
0.479366 0 -0.877615 0 0 1 0 0 0.877615 0 0.479366 0 -163.522 0 81.4035 1 0
0.479366 0 -0.877615 0 0 1 0 0 0.877615 0 0.479366 0 -163.522 0 81.4035 1 0
0.479366 0 -0.877615 0 0 1 0 0 0.877615 0 0.479366 0 -163.522 0 81.4035 1 0
0.479366 0 -0.877615 0 0 1 0 0 0.877615 0 0.479366 0 -163.522 0 81.4035 1 0
0.479366 0 -0.877615 0 0 1 0 0 0.877615 0 0.479366 0 -163.522 0 81.4035 1 0
0.479366 0 -0.877615 0 0 1 0 0 0.877615 0 0.479366 0 -163.522 0 81.4035 1 0
0.479366 0 -0.877615 0 0 1 0 0 0.877615 0 0.479366 0 -163.522 0 81.4035 1 0
0.479366 0 -0.877615 0 0 1 0 0 0.877615 0 0.479366 0 -163.522 0 81.4035 1 0
0.479366 0 -0.877615 0 0 1 0 0 0.877615 0 0.479366 0 -163.522 0 81.4035 1 0
0.479366 0 -0.877615 0 0 1 0 0 0.877615 0 0.479366 0 -163.522 0 81.4035 1 0
0.479366 0 -0.877615 0 0 1 0 0 0.877615 0 0.479366 0 -163.522 0 81.4035 1 0
0.479366 0 -0.877615 0 0 1 0 0 0.877615 0 0.479366 0 -163.522 0 81.4035 1 0
0.479366 0 -0.877615 0 0 1 0 0 0.877615 0 0.479366 0 -163.522 0 81.4035 1 0
0.479366 0 -0.877615 0 0 1 0 0 0.877615 0 0.479366 0 -163.522 0 81.4035 1 0
0.479366 0 -0.877615 0 0 1 0 0 0.877615 0 0.479366 0 -163.522 0 81.4035 1 0
0.479366 0 -0.877615 0 0 1 0 0 0.877615 0 0.479366 0 -163.522 0 81.4035 1 0
0.479366 0 -0.877615 0 0 1 0 0 0.877615 0 0.479366 0 -163.522 0 81.4035 1 0
0.479366 0 -0.877615 0 0 1 0 0 0.877615 0 0.479366 0 -163.522 0 81.4035 1 0
0.479366 0 -0.877615 0 0 1 0 0 0.877615 0 0.479366 0 -163.522 0 81.4035 1 0
0.479366 0 -0.877615 0 0 1 0 0 0.877615 0 0.479366 0 -163.522 0 81.4035 1 0
0.479366 0 -0.877615 0 0 1 0 0 0.877615 0 0.479366 0 -163.522 0 81.4035 1 0
0.479366 0 -0.877615 0 0 1 0 0 0.877615 0 0.479366 0 -163.522 0 81.4035 1 0
0.479366 0 -0.877615 0 0 1 0 0 0.877615 0 0.479366 0 -163.522 0 81.4035 1 0
0.479366 0 -0.877615 0 0 1 0 0 0.877615 0 0.479366 0 -163.522 0 81.4035 1 0
0.479366 0 -0.877615 0 0 1 0 0 0.877615 0 0.479366 0 -163.522 0 81.4035 1 0
0.479366 0 -0.877615 0 0 1 0 0 0.877615 0 0.479366 0 -163.522 0 81.4035 1 0
0.479366 0 -0.877615 0 0 1 0 0 0.877615 0 0.479366 0 -163.522 0 81.4035 1 0
0.479366 0 -0.877615 0 0 1 0 0 0.877615 0 0.479366 0 -163.522 0 81.4035 1 0
0.479366 0 -0.877615 0 0 1 0 0 0.877615 0 0.479366 0 -163.522 0 81.4035 1 0
0.479366 0 -0.877615 0 0 1 0 0 0.877615 0 0.479366 0 -163.522 0 81.4035 1 0
0.479366 0 -0.877615 0 0 1 0 0 0.877615 0 0.479366 0 -163.522 0 81.4035 1 0
0.479366 0 -0.877615 0 0 1 0 0 0.877615 0 0.479366 0 -163.522 0 81.4035 1 0
0.479366 0 -0.877615 0 0 1 0 0 0.877615 0 0.479366 0 -163.522 0 81.4035 1 0
0.479366 0 -0.877615 0 0 1 0 0 0.877615 0 0.479366 0 -163.522 0 81.4035 1 0
0.479366 0 -0.877615 0 0 1 0 0 0.877615 0 0.479366 0 -163.522 0 81.4035 1 0
0.479366 0 -0.877615 0 0 1 0 0 0.877615 0 0.479366 0 -163.522 0 81.4035 1 0
0.479366 0 -0.877615 0 0 1 0 0 0.877615 0 0.479366 0 -163.522 0 81.4035 1 0
0.479366 0 -0.877615 0 0 1 0 0 0.877615 0 0.479366 0 -163.522 0 81.4035 1 0
0.479366 0 -0.877615 0 0 1 0 0 0.877615 0 0.479366 0 -163.522 0 81.4035 1 0
0.479366 0 -0.877615 0 0 1 0 0 0.877615 0 0.479366 0 -163.522 0 81.4035 1 0
0.479366 0 -0.877615 0 0 1 0 0 0.877615 0 0.479366 0 -163.522 0 81.4035 1 0
0.479366 0 -0.877615 0 0 1 0 0 0.877615 0 0.479366 0 -163.522 0 81.4035 1 0
0.479366 0 -0.877615 0 0 1 0 0 0.877615 0 0.479366 0 -163.522 0 81.4035 1 0
0.479366 0 -0.877615 0 0 1 0 0 0.877615 0 0.479366 0 -163.522 0 81.4035 1 0
0.479366 0 -0.877615 0 0 1 0 0 0.877615 0 0.479366 0 -163.522 0 81.4035 1 0
0.479366 0 -0.877615 0 0 1 0 0 0.877615 0 0.479366 0 -163.522 0 81.4035 1 0
0.479366 0 -0.877615 0 0 1 0 0 0.877615 0 0.479366 0 -163.522 0 81.4035 1 0
0.479366 0 -0.877615 0 0 1 0 0 0.877615 0 0.479366 0 -163.522 0 81.4035 1 0
0.479366 0 -0.877615 0 0 1 0 0 0.877615 0 0.479366 0 -163.522 0 81.4035 1 0
0.479366 0 -0.877615 0 0 1 0 0 0.877615 0 0.479366 0 -163.522 0 81.4035 1 0
0.479366 0 -0.877615 0 0 1 0 0 0.877615 0 0.479366 0 -163.522 0 81.4035 1 0
0.479366 0 -0.877615 0 0 1 0 0 0.877615 0 0.479366 0 -163.522 0 81.4035 1 0
0.479366 0 -0.877615 0 0 1 0 0 0.877615 0 0.479366 0 -163.522 0 81.4035 1 0
0.479366 0 -0.877615 0 0 1 0 0 0.877615 0 0.479366 0 -163.522 0 81.4035 1 0
0.479366 0 -0.877615 0 0 1 0 0 0.877615 0 0.479366 0 -163.522 0 81.4035 1 0
0.479366 0 -0.877615 0 0 1 0 0 0.877615 0 0.479366 0 -163.522 0 81.4035 1 0
0.479366 0 -0.877615 0 0 1 0 0 0.877615 0 0.479366 0 -163.522 0 81.4035 1 0
0.479366 0 -0.877615 0 0 1 0 0 0.877615 0 0.479366 0 -163.522 0 81.4035 1 0
0.479366 0 -0.877615 0 0 1 0 0 0.877615 0 0.479366 0 -163.522 0 81.4035 1 0
0.479366 0 -0.877615 0 0 1 0 0 0.877615 0 0.479366 0 -163.522 0 81.4035 1 0
0.479366 0 -0.877615 0 0 1 0 0 0.877615 0 0.479366 0 -163.522 0 81.4035 1 0
0.479366 0 -0.877615 0 0 1 0 0 0.877615 0 0.479366 0 -163.522 0 81.4035 1 0
0.479366 0 -0.877615 0 0 1 0 0 0.877615 0 0.479366 0 -163.522 0 81.4035 1 0
0.479366 0 -0.877615 0 0 1 0 0 0.877615 0 0.479366 0 -163.522 0 81.4035 1 0
0.479366 0 -0.877615 0 0 1 0 0 0.877615 0 0.479366 0 -163.522 0 81.4035 1 0
0.479366 0 -0.877615 0 0 1 0 0 0.877615 0 0.479366 0 -163.522 0 81.4035 1 0
0.479366 0 -0.877615 0 0 1 0 0 0.877615 0 0.479366 0 -163.522 0 81.4035 1 0
0.479366 0 -0.877615 0 0 1 0 0 0.877615 0 0.479366 0 -163.522 0 81.4035 1 0
0.479366 0 -0.877615 0 0 1 0 0 0.877615 0 0.479366 0 -163.522 0 81.4035 1 0
0.479366 0 -0.877615 0 0 1 0 0 0.877615 0 0.479366 0 -163.522 0 81.4035 1 0
0.479366 0 -0.877615 0 0 1 0 0 0.877615 0 0.479366 0 -163.522 0 81.4035 1 0
0.479366 0 -0.877615 0 0 1 0 0 0.877615 0 0.479366 0 -163.522 0 81.4035 1 0
0.479366 0 -0.877615 0 0 1 0 0 0.877615 0 0.479366 0 -163.522 0 81.4035 1 0
0.479366 0 -0.877615 0 0 1 0 0 0.877615 0 0.479366 0 -163.522 0 81.4035 1 0
0.479366 0 -0.877615 0 0 1 0 0 0.877615 0 0.479366 0 -163.522 0 81.4035 1 0
0.479366 0 -0.877615 0 0 1 0 0 0.877615 0 0.479366 0 -163.522 0 81.4035 1 0
0.479366 0 -0.877615 0 0 1 0 0 0.877615 0 0.479366 0 -163.522 0 81.4035 1 0
0.479366 0 -0.877615 0 0 1 0 0 0.877615 0 0.479366 0 -163.522 0 81.4035 1 0
0.479366 0 -0.877615 0 0 1 0 0 0.877615 0 0.479366 0 -163.522 0 81.4035 1 0
0.479366 0 -0.877615 0 0 1 0 0 0.877615 0 0.479366 0 -163.522 0 81.4035 1 0
0.479366 0 -0.877615 0 0 1 0 0 0.877615 0 0.479366 0 -163.522 0 81.4035 1 0
0.479366 0 -0.877615 0 0 1 0 0 0.877615 0 0.479366 0 -163.522 0 81.4035 1 0
0.479366 0 -0.877615 0 0 1 0 0 0.877615 0 0.479366 0 -163.522 0 81.4035 1 0
0.479366 0 -0.877615 0 0 1 0 0 0.877615 0 0.479366 0 -163.522 0 81.4035 1 0
0.479366 0 -0.877615 0 0 1 0 0 0.877615 0 0.479366 0 -163.522 0 81.4035 1 0
0.479366 0 -0.877615 0 0 1 0 0 0.877615 0 0.479366 0 -163.522 0 81.4035 1 0
0.479366 0 -0.877615 0 0 1 0 0 0.877615 0 0.479366 0 -163.522 0 81.4035 1 0
0.479366 0 -0.877615 0 0 1 0 0 0.877615 0 0.479366 0 -163.522 0 81.4035 1 0
0.479366 0 -0.877615 0 0 1 0 0 0.877615 0 0.479366 0 -163.522 0 81.4035 1 0
0.479366 0 -0.877615 0 0 1 0 0 0.877615 0 0.479366 0 -163.522 0 81.4035 1 0
0.479366 0 -0.877615 0 0 1 0 0 0.877615 0 0.479366 0 -163.522 0 81.4035 1 0
0.479366 0 -0.877615 0 0 1 0 0 0.877615 0 0.479366 0 -163.522 0 81.4035 1 0
0.479366 0 -0.877615 0 0 1 0 0 0.877615 0 0.479366 0 -163.522 0 81.4035 1 0
0.479366 0 -0.877615 0 0 1 0 0 0.877615 0 0.479366 0 -163.522 0 81.4035 1 0
0.479366 0 -0.877615 0 0 1 0 0 0.877615 0 0.479366 0 -163.522 0 81.4035 1 0
0.479366 0 -0.877615 0 0 1 0 0 0.877615 0 0.479366 0 -163.522 0 81.4035 1 0
0.479366 0 -0.877615 0 0 1 0 0 0.877615 0 0.479366 0 -163.522 0 81.4035 1 0
0.479366 0 -0.877615 0 0 1 0 0 0.877615 0 0.479366 0 -163.522 0 81.4035 1 0
0.479366 0 -0.877615 0 0 1 0 0 0.877615 0 0.479366 0 -163.522 0 81.4035 1 0
0.479366 0 -0.877615 0 0 1 0 0 0.877615 0 0.479366 0 -163.522 0 81.4035 1 0
0.479366 0 -0.877615 0 0 1 0 0 0.877615 0 0.479366 0 -163.522 0 81.4035 1 0
0.479366 0 -0.877615 0 0 1 0 0 0.877615 0 0.479366 0 -163.522 0 81.4035 1 0
0.479366 0 -0.877615 0 0 1 0 0 0.877615 0 0.479366 0 -163.522 0 81.4035 1 0
0.257587 0.0795844 -0.962972 0 -0.00923733 0.99676 0.0799059 0 0.966211 -0.0116874 0.257488 0 -149.778 300.878 -478.967 1 1
0.248753 0.0897858 -0.964396 0 -0.00221491 0.995744 0.092133 0 0.968564 -0.0207823 0.247893 0 -116.711 301.609 -551.935 1 1
0.248753 0.0897858 -0.964396 0 -0.00221491 0.995744 0.092133 0 0.968564 -0.0207823 0.247893 0 -116.711 301.609 -551.935 1 2
0.248753 0.0897858 -0.964396 0 -0.00221491 0.995744 0.092133 0 0.968564 -0.0207823 0.247893 0 -116.711 301.609 -551.935 1 2
0.249417 0.10131 -0.963082 0 -0.00529534 0.99464 0.103258 0 0.968382 -0.0206545 0.248617 0 -112.12 298.912 -575.581 1 3
0.249778 0.114418 -0.961519 0 -0.00822188 0.993209 0.116053 0 0.968268 -0.0210821 0.249023 0 -109.851 295.189 -597.116 1 3
0.249526 0.129028 -0.959733 0 -0.011589 0.99141 0.130274 0 0.968299 -0.0213844 0.248878 0 -108.4 289.893 -616.343 1 3
0.248455 0.144743 -0.957768 0 -0.0156461 0.989243 0.145441 0 0.968517 -0.0211502 0.248047 0 -106.413 281.912 -633.823 1 3
0.246951 0.158886 -0.955913 0 -0.0197704 0.987087 0.15896 0 0.968826 -0.0203566 0.246904 0 -104.944 272.266 -648.878 1 3
0.245098 0.169717 -0.954528 0 -0.0243865 0.985326 0.168931 0 0.969192 -0.0181271 0.24564 0 -104.086 262.55 -661.201 1 3
0.24296 0.178019 -0.953562 0 -0.0301705 0.983928 0.176001 0 0.969567 -0.0139917 0.244426 0 -103.571 252.456 -671.224 1 3
0.240806 0.18457 -0.952862 0 -0.0366562 0.982781 0.181102 0 0.969881 -0.0086822 0.243426 0 -103.338 242.688 -679.24 1 3
0.238792 0.188985 -0.952503 0 -0.0430009 0.981975 0.184053 0 0.970118 -0.00299174 0.242614 0 -103.338 232.634 -685.783 1 3
0.236958 0.19268 -0.952221 0 -0.0494563 0.981257 0.186249 0 0.97026 0.0029603 0.242046 0 -103.628 222.955 -690.98 1 3
0.235104 0.195331 -0.952141 0 -0.0559964 0.980693 0.187362 0 0.970356 0.00926681 0.241503 0 -104.387 212.873 -694.982 1 3
0.233062 0.197336 -0.952229 0 -0.0625517 0.980209 0.187825 0 0.970448 0.0157888 0.240793 0 -105.427 201.645 -697.963 1 3
0.230768 0.19822 -0.952604 0 -0.0691786 0.979894 0.187141 0 0.970546 0.0227138 0.239841 0 -106.72 188.2 -699.794 1 3
0.228209 0.198323 -0.953199 0 -0.0761161 0.979671 0.185608 0 0.970632 0.0301965 0.238666 0 -108.286 172.904 -700.725 1 3
0.225623 0.197665 -0.953951 0 -0.0819769 0.979579 0.183586 0 0.970759 0.0367805 0.23722 0 -110.171 157.628 -701.285 1 3
0.222967 0.196032 -0.954912 0 -0.0861185 0.979703 0.181013 0 0.971015 0.0418759 0.235323 0 -112.447 143.062 -701.696 1 3
0.220482 0.19345 -0.956015 0 -0.0884604 0.980062 0.177914 0 0.971371 0.0453425 0.233199 0 -115.658 129.186 -701.733 1 3
0.218311 0.18829 -0.957542 0 -0.0884376 0.98099 0.172738 0 0.971864 0.0469723 0.230812 0 -119.2 114.206 -701.598 1 3
0.216001 0.179239 -0.9598 0 -0.0863877 0.982659 0.164067 0 0.972564 0.0474763 0.22774 0 -123.207 97.025 -701.169 1 3
0.213628 0.16438 -0.962986 0 -0.0809401 0.985331 0.150239 0 0.973556 0.0458488 0.2238 0 -128.168 76.5697 -700.197 1 3
0.211055 0.142941 -0.966966 0 -0.0714211 0.988861 0.130589 0 0.974861 0.0415003 0.218913 0 -134.013 53.3747 -698.885 1 3
0.2076 0.120441 -0.970771 0 -0.0608885 0.992058 0.110061 0 0.976317 0.03626 0.213285 0 -140.582 36.2014 -697.261 1 3
0.203404 0.0985786 -0.97412 0 -0.0505862 0.994648 0.0900932 0 0.977787 0.0309517 0.207302 0 -147.314 24.5448 -695.749 1 3
0.198828 0.0791372 -0.976834 0 -0.0411854 0.996529 0.0723498 0 0.979169 0.0258461 0.201397 0 -153.881 17.2128 -694.865 1 3
0.194314 0.062944 -0.978918 0 -0.0330582 0.997793 0.0575956 0 0.980382 0.0211696 0.195966 0 -160.136 12.7257 -694.533 1 3
0.190301 0.0500346 -0.98045 0 -0.0262904 0.998602 0.0458581 0 0.981374 0.0170496 0.19135 0 -165.883 10.2131 -694.713 1 3
0.186538 0.0399292 -0.981636 0 -0.0206744 0.999112 0.0367113 0 0.98223 0.0134467 0.187198 0 -171.151 8.87028 -695.19 1 3
0.183097 0.03222 -0.982567 0 -0.0160617 0.999427 0.0297799 0 0.982964 0.010329 0.18351 0 -175.895 8.23115 -696.192 1 3
0.17984 0.0264146 -0.983341 0 -0.0121641 0.999623 0.0246273 0 0.983621 0.00753245 0.180094 0 -180.274 7.93143 -697.454 1 3
0.177007 0.0219592 -0.983965 0 -0.00898689 0.999745 0.0206947 0 0.984169 0.00517967 0.177159 0 -184.244 7.71286 -698.85 1 3
0.174555 0.0185931 -0.984472 0 -0.006398 0.999822 0.0177486 0 0.984627 0.00320053 0.174643 0 -187.847 7.57016 -700.392 1 3
0.172379 0.0160342 -0.9849 0 -0.00428698 0.99987 0.0155276 0 0.985021 0.00154561 0.172426 0 -191.107 7.42623 -702.054 1 3
0.170518 0.0141411 -0.985253 0 -0.0025332 0.9999 0.0139129 0 0.985351 0.000123451 0.170536 0 -194.069 7.25587 -703.794 1 3
0.16892 0.0126815 -0.985548 0 -0.00113751 0.999919 0.0126715 0 0.985629 -0.0010194 0.168921 0 -196.778 7.12185 -705.596 1 3
0.167343 0.0115387 -0.985831 0 4.95205e-05 0.999931 0.0117122 0 0.985899 -0.00200877 0.167331 0 -199.141 7.01027 -707.484 1 3
0.165664 0.0108361 -0.986123 0 0.000662406 0.999938 0.0110992 0 0.986182 -0.00249194 0.165646 0 -201.256 6.96228 -709.643 1 3
0.164218 0.0103704 -0.98637 0 0.00119867 0.999942 0.0107127 0 0.986423 -0.00294155 0.164196 0 -203.134 6.84454 -711.736 1 3
0.162793 0.00994153 -0.98661 0 0.00172276 0.999945 0.0103602 0 0.986659 -0.00338625 0.162767 0 -204.958 6.66514 -713.835 1 3
0.161576 0.00964793 -0.986813 0 0.00209364 0.999947 0.0101191 0 0.986858 -0.00370104 0.161547 0 -206.707 6.50045 -715.933 1 3
0.160531 0.00937506 -0.986986 0 0.00266867 0.999947 0.00993223 0 0.987027 -0.00422837 0.160497 0 -208.372 6.33496 -717.932 1 3
0.159681 0.00924808 -0.987125 0 0.00317259 0.999946 0.0098814 0 0.987164 -0.00470961 0.159643 0 -209.928 6.16716 -720 1 3
0.15867 0.00989046 -0.987282 0 0.00321034 0.999939 0.0105332 0 0.987326 -0.00484082 0.158629 0 -212.243 6.46469 -722.249 1 3
0.159191 0.0110947 -0.987185 0 0.00357738 0.999924 0.0118147 0 0.987241 -0.00541233 0.159139 0 -215.326 6.96709 -725.09 1 3
0.159356 0.0117891 -0.987151 0 0.00401819 0.999913 0.0125902 0 0.987213 -0.00597287 0.159294 0 -218.065 7.2602 -727.744 1 3
0.159296 0.0122566 -0.987155 0 0.0044853 0.999904 0.0131387 0 0.987221 -0.00652062 0.159225 0 -220.392 7.38707 -730.19 1 3
0.158999 0.0125517 -0.987199 0 0.00489107 0.999897 0.0135009 0 0.987267 -0.00697508 0.158921 0 -222.468 7.3979 -732.566 1 3
0.158578 0.0129052 -0.987262 0 0.00542732 0.999888 0.013942 0 0.987332 -0.00756907 0.15849 0 -224.416 7.45126 -734.752 1 3
0.158098 0.0131227 -0.987336 0 0.00596219 0.999881 0.0142442 0 0.987405 -0.00813867 0.158001 0 -226.139 7.49919 -736.705 1 3
0.157683 0.0132925 -0.9874 0 0.00638715 0.999875 0.0144805 0 0.987469 -0.00859 0.157579 0 -227.599 7.52883 -738.462 1 3
0.157283 0.0134049 -0.987463 0 0.00685607 0.999869 0.0146653 0 0.98753 -0.00907672 0.15717 0 -228.806 7.55309 -740.116 1 3
