0.212894 0 -0.977075 0 0 1 0 0 0.977075 0 0.212894 0 -2383.7 0 -1763.27 1 0
0.212894 0 -0.977075 0 0 1 0 0 0.977075 0 0.212894 0 -2383.7 0 -1763.27 1 0
0.212894 0 -0.977075 0 0 1 0 0 0.977075 0 0.212894 0 -2383.7 0 -1763.27 1 0
0.212894 0 -0.977075 0 0 1 0 0 0.977075 0 0.212894 0 -2383.7 0 -1763.27 1 0
0.212894 0 -0.977075 0 0 1 0 0 0.977075 0 0.212894 0 -2383.7 0 -1763.27 1 0
0.212894 0 -0.977075 0 0 1 0 0 0.977075 0 0.212894 0 -2383.7 0 -1763.27 1 0
0.212894 0 -0.977075 0 0 1 0 0 0.977075 0 0.212894 0 -2383.7 0 -1763.27 1 0
0.212894 0 -0.977075 0 0 1 0 0 0.977075 0 0.212894 0 -2383.7 0 -1763.27 1 0
0.212894 0 -0.977075 0 0 1 0 0 0.977075 0 0.212894 0 -2383.7 0 -1763.27 1 0
0.212894 0 -0.977075 0 0 1 0 0 0.977075 0 0.212894 0 -2383.7 0 -1763.27 1 0
0.212894 0 -0.977075 0 0 1 0 0 0.977075 0 0.212894 0 -2383.7 0 -1763.27 1 0
0.212894 0 -0.977075 0 0 1 0 0 0.977075 0 0.212894 0 -2383.7 0 -1763.27 1 0
0.212894 0 -0.977075 0 0 1 0 0 0.977075 0 0.212894 0 -2383.7 0 -1763.27 1 0
0.212894 0 -0.977075 0 0 1 0 0 0.977075 0 0.212894 0 -2383.7 0 -1763.27 1 0
0.212894 0 -0.977075 0 0 1 0 0 0.977075 0 0.212894 0 -2383.7 0 -1763.27 1 0
0.212894 0 -0.977075 0 0 1 0 0 0.977075 0 0.212894 0 -2383.7 0 -1763.27 1 0
0.212894 0 -0.977075 0 0 1 0 0 0.977075 0 0.212894 0 -2383.7 0 -1763.27 1 0
0.212894 0 -0.977075 0 0 1 0 0 0.977075 0 0.212894 0 -2383.7 0 -1763.27 1 0
0.212894 0 -0.977075 0 0 1 0 0 0.977075 0 0.212894 0 -2383.7 0 -1763.27 1 0
0.212894 0 -0.977075 0 0 1 0 0 0.977075 0 0.212894 0 -2383.7 0 -1763.27 1 0
0.212894 0 -0.977075 0 0 1 0 0 0.977075 0 0.212894 0 -2383.7 0 -1763.27 1 0
0.212894 0 -0.977075 0 0 1 0 0 0.977075 0 0.212894 0 -2383.7 0 -1763.27 1 0
0.212894 0 -0.977075 0 0 1 0 0 0.977075 0 0.212894 0 -2383.7 0 -1763.27 1 0
0.212894 0 -0.977075 0 0 1 0 0 0.977075 0 0.212894 0 -2383.7 0 -1763.27 1 0
0.212894 0 -0.977075 0 0 1 0 0 0.977075 0 0.212894 0 -2383.7 0 -1763.27 1 0
0.212894 0 -0.977075 0 0 1 0 0 0.977075 0 0.212894 0 -2383.7 0 -1763.27 1 0
0.212894 0 -0.977075 0 0 1 0 0 0.977075 0 0.212894 0 -2383.7 0 -1763.27 1 0
0.212894 0 -0.977075 0 0 1 0 0 0.977075 0 0.212894 0 -2383.7 0 -1763.27 1 0
0.212894 0 -0.977075 0 0 1 0 0 0.977075 0 0.212894 0 -2383.7 0 -1763.27 1 0
0.212894 0 -0.977075 0 0 1 0 0 0.977075 0 0.212894 0 -2383.7 0 -1763.27 1 0
0.212894 0 -0.977075 0 0 1 0 0 0.977075 0 0.212894 0 -2383.7 0 -1763.27 1 0
0.212894 0 -0.977075 0 0 1 0 0 0.977075 0 0.212894 0 -2383.7 0 -1763.27 1 0
0.212894 0 -0.977075 0 0 1 0 0 0.977075 0 0.212894 0 -2383.7 0 -1763.27 1 0
0.212894 0 -0.977075 0 0 1 0 0 0.977075 0 0.212894 0 -2383.7 0 -1763.27 1 0
0.212894 0 -0.977075 0 0 1 0 0 0.977075 0 0.212894 0 -2383.7 0 -1763.27 1 0
0.212894 0 -0.977075 0 0 1 0 0 0.977075 0 0.212894 0 -2383.7 0 -1763.27 1 0
0.212894 0 -0.977075 0 0 1 0 0 0.977075 0 0.212894 0 -2383.7 0 -1763.27 1 0
0.212894 0 -0.977075 0 0 1 0 0 0.977075 0 0.212894 0 -2383.7 0 -1763.27 1 0
0.212894 0 -0.977075 0 0 1 0 0 0.977075 0 0.212894 0 -2383.7 0 -1763.27 1 0
0.212894 0 -0.977075 0 0 1 0 0 0.977075 0 0.212894 0 -2383.7 0 -1763.27 1 0
0.212894 0 -0.977075 0 0 1 0 0 0.977075 0 0.212894 0 -2383.7 0 -1763.27 1 0
0.212894 0 -0.977075 0 0 1 0 0 0.977075 0 0.212894 0 -2383.7 0 -1763.27 1 0
0.212894 0 -0.977075 0 0 1 0 0 0.977075 0 0.212894 0 -2383.7 0 -1763.27 1 0
0.212894 0 -0.977075 0 0 1 0 0 0.977075 0 0.212894 0 -2383.7 0 -1763.27 1 0
0.212894 0 -0.977075 0 0 1 0 0 0.977075 0 0.212894 0 -2383.7 0 -1763.27 1 0
0.212894 0 -0.977075 0 0 1 0 0 0.977075 0 0.212894 0 -2383.7 0 -1763.27 1 0
0.212894 0 -0.977075 0 0 1 0 0 0.977075 0 0.212894 0 -2383.7 0 -1763.27 1 0
0.212894 0 -0.977075 0 0 1 0 0 0.977075 0 0.212894 0 -2383.7 0 -1763.27 1 0
0.212894 0 -0.977075 0 0 1 0 0 0.977075 0 0.212894 0 -2383.7 0 -1763.27 1 0
0.212894 0 -0.977075 0 0 1 0 0 0.977075 0 0.212894 0 -2383.7 0 -1763.27 1 0
0.212894 0 -0.977075 0 0 1 0 0 0.977075 0 0.212894 0 -2383.7 0 -1763.27 1 0
0.212894 0 -0.977075 0 0 1 0 0 0.977075 0 0.212894 0 -2383.7 0 -1763.27 1 0
0.212894 0 -0.977075 0 0 1 0 0 0.977075 0 0.212894 0 -2383.7 0 -1763.27 1 0
0.212894 0 -0.977075 0 0 1 0 0 0.977075 0 0.212894 0 -2383.7 0 -1763.27 1 0
0.212894 0 -0.977075 0 0 1 0 0 0.977075 0 0.212894 0 -2383.7 0 -1763.27 1 0
0.212894 0 -0.977075 0 0 1 0 0 0.977075 0 0.212894 0 -2383.7 0 -1763.27 1 0
0.212894 0 -0.977075 0 0 1 0 0 0.977075 0 0.212894 0 -2383.7 0 -1763.27 1 0
0.212894 0 -0.977075 0 0 1 0 0 0.977075 0 0.212894 0 -2383.7 0 -1763.27 1 0
0.212894 0 -0.977075 0 0 1 0 0 0.977075 0 0.212894 0 -2383.7 0 -1763.27 1 0
0.212894 0 -0.977075 0 0 1 0 0 0.977075 0 0.212894 0 -2383.7 0 -1763.27 1 0
0.212894 0 -0.977075 0 0 1 0 0 0.977075 0 0.212894 0 -2383.7 0 -1763.27 1 0
0.212894 0 -0.977075 0 0 1 0 0 0.977075 0 0.212894 0 -2383.7 0 -1763.27 1 0
0.212894 0 -0.977075 0 0 1 0 0 0.977075 0 0.212894 0 -2383.7 0 -1763.27 1 0
0.212894 0 -0.977075 0 0 1 0 0 0.977075 0 0.212894 0 -2383.7 0 -1763.27 1 0
0.212894 0 -0.977075 0 0 1 0 0 0.977075 0 0.212894 0 -2383.7 0 -1763.27 1 0
0.212894 0 -0.977075 0 0 1 0 0 0.977075 0 0.212894 0 -2383.7 0 -1763.27 1 0
0.212894 0 -0.977075 0 0 1 0 0 0.977075 0 0.212894 0 -2383.7 0 -1763.27 1 0
0.212894 0 -0.977075 0 0 1 0 0 0.977075 0 0.212894 0 -2383.7 0 -1763.27 1 0
0.212894 0 -0.977075 0 0 1 0 0 0.977075 0 0.212894 0 -2383.7 0 -1763.27 1 0
0.212894 0 -0.977075 0 0 1 0 0 0.977075 0 0.212894 0 -2383.7 0 -1763.27 1 0
0.212894 0 -0.977075 0 0 1 0 0 0.977075 0 0.212894 0 -2383.7 0 -1763.27 1 0
0.212894 0 -0.977075 0 0 1 0 0 0.977075 0 0.212894 0 -2383.7 0 -1763.27 1 0
0.212894 0 -0.977075 0 0 1 0 0 0.977075 0 0.212894 0 -2383.7 0 -1763.27 1 0
0.212894 0 -0.977075 0 0 1 0 0 0.977075 0 0.212894 0 -2383.7 0 -1763.27 1 0
0.212894 0 -0.977075 0 0 1 0 0 0.977075 0 0.212894 0 -2383.7 0 -1763.27 1 0
0.212894 0 -0.977075 0 0 1 0 0 0.977075 0 0.212894 0 -2383.7 0 -1763.27 1 0
0.212894 0 -0.977075 0 0 1 0 0 0.977075 0 0.212894 0 -2383.7 0 -1763.27 1 0
0.212894 0 -0.977075 0 0 1 0 0 0.977075 0 0.212894 0 -2383.7 0 -1763.27 1 0
0.212894 0 -0.977075 0 0 1 0 0 0.977075 0 0.212894 0 -2383.7 0 -1763.27 1 0
0.212894 0 -0.977075 0 0 1 0 0 0.977075 0 0.212894 0 -2383.7 0 -1763.27 1 0
0.212894 0 -0.977075 0 0 1 0 0 0.977075 0 0.212894 0 -2383.7 0 -1763.27 1 0
0.212894 0 -0.977075 0 0 1 0 0 0.977075 0 0.212894 0 -2383.7 0 -1763.27 1 0
0.212894 0 -0.977075 0 0 1 0 0 0.977075 0 0.212894 0 -2383.7 0 -1763.27 1 0
0.212894 0 -0.977075 0 0 1 0 0 0.977075 0 0.212894 0 -2383.7 0 -1763.27 1 0
0.212894 0 -0.977075 0 0 1 0 0 0.977075 0 0.212894 0 -2383.7 0 -1763.27 1 0
0.212894 0 -0.977075 0 0 1 0 0 0.977075 0 0.212894 0 -2383.7 0 -1763.27 1 0
0.212894 0 -0.977075 0 0 1 0 0 0.977075 0 0.212894 0 -2383.7 0 -1763.27 1 0
0.212894 0 -0.977075 0 0 1 0 0 0.977075 0 0.212894 0 -2383.7 0 -1763.27 1 0
0.212894 0 -0.977075 0 0 1 0 0 0.977075 0 0.212894 0 -2383.7 0 -1763.27 1 0
0.212894 0 -0.977075 0 0 1 0 0 0.977075 0 0.212894 0 -2383.7 0 -1763.27 1 0
0.212894 0 -0.977075 0 0 1 0 0 0.977075 0 0.212894 0 -2383.7 0 -1763.27 1 0
0.212894 0 -0.977075 0 0 1 0 0 0.977075 0 0.212894 0 -2383.7 0 -1763.27 1 0
0.212894 0 -0.977075 0 0 1 0 0 0.977075 0 0.212894 0 -2383.7 0 -1763.27 1 0
0.212894 0 -0.977075 0 0 1 0 0 0.977075 0 0.212894 0 -2383.7 0 -1763.27 1 0
0.212894 0 -0.977075 0 0 1 0 0 0.977075 0 0.212894 0 -2383.7 0 -1763.27 1 0
0.212894 0 -0.977075 0 0 1 0 0 0.977075 0 0.212894 0 -2383.7 0 -1763.27 1 0
0.212894 0 -0.977075 0 0 1 0 0 0.977075 0 0.212894 0 -2383.7 0 -1763.27 1 0
0.212894 0 -0.977075 0 0 1 0 0 0.977075 0 0.212894 0 -2383.7 0 -1763.27 1 0
0.212894 0 -0.977075 0 0 1 0 0 0.977075 0 0.212894 0 -2383.7 0 -1763.27 1 0
0.212894 0 -0.977075 0 0 1 0 0 0.977075 0 0.212894 0 -2383.7 0 -1763.27 1 0
0.0473358 0.087669 -0.995024 0 -0.0130796 0.99611 0.0871424 0 0.998793 0.00888962 0.0482983 0 -3043.29 307.528 -862.722 1 1
0.0446026 0.0943235 -0.994542 0 -0.0153966 0.995479 0.0937219 0 0.998886 0.0111323 0.0458532 0 -3021.16 312.888 -936.213 1 1
0.0446026 0.0943235 -0.994542 0 -0.0153966 0.995479 0.0937219 0 0.998886 0.0111323 0.0458532 0 -3021.16 312.888 -936.213 1 2
0.0446026 0.0943235 -0.994542 0 -0.0153966 0.995479 0.0937219 0 0.998886 0.0111323 0.0458532 0 -3021.16 312.888 -936.213 1 2
0.0446026 0.0943235 -0.994542 0 -0.0153966 0.995479 0.0937219 0 0.998886 0.0111323 0.0458532 0 -3021.16 312.888 -936.213 1 2
0.0446026 0.0943235 -0.994542 0 -0.0153966 0.995479 0.0937219 0 0.998886 0.0111323 0.0458532 0 -3021.16 312.888 -936.213 1 2
0.0446026 0.0943235 -0.994542 0 -0.0153966 0.995479 0.0937219 0 0.998886 0.0111323 0.0458532 0 -3021.16 312.888 -936.213 1 2
0.0446026 0.0943235 -0.994542 0 -0.0153966 0.995479 0.0937219 0 0.998886 0.0111323 0.0458532 0 -3021.16 312.888 -936.213 1 2
0.0446026 0.0943235 -0.994542 0 -0.0153966 0.995479 0.0937219 0 0.998886 0.0111323 0.0458532 0 -3021.16 312.888 -936.213 1 2
0.0446026 0.0943235 -0.994542 0 -0.0153966 0.995479 0.0937219 0 0.998886 0.0111323 0.0458532 0 -3021.16 312.888 -936.213 1 2
0.0446026 0.0943235 -0.994542 0 -0.0153966 0.995479 0.0937219 0 0.998886 0.0111323 0.0458532 0 -3021.16 312.888 -936.213 1 2
0.0446026 0.0943235 -0.994542 0 -0.0153966 0.995479 0.0937219 0 0.998886 0.0111323 0.0458532 0 -3021.16 312.888 -936.213 1 2
0.0446026 0.0943235 -0.994542 0 -0.0153966 0.995479 0.0937219 0 0.998886 0.0111323 0.0458532 0 -3021.16 312.888 -936.213 1 2
0.0446026 0.0943235 -0.994542 0 -0.0153966 0.995479 0.0937219 0 0.998886 0.0111323 0.0458532 0 -3021.16 312.888 -936.213 1 2
0.0446026 0.0943235 -0.994542 0 -0.0153966 0.995479 0.0937219 0 0.998886 0.0111323 0.0458532 0 -3021.16 312.888 -936.213 1 2
0.0446026 0.0943235 -0.994542 0 -0.0153966 0.995479 0.0937219 0 0.998886 0.0111323 0.0458532 0 -3021.16 312.888 -936.213 1 2
0.0446026 0.0943235 -0.994542 0 -0.0153966 0.995479 0.0937219 0 0.998886 0.0111323 0.0458532 0 -3021.16 312.888 -936.213 1 2
0.0446026 0.0943235 -0.994542 0 -0.0153966 0.995479 0.0937219 0 0.998886 0.0111323 0.0458532 0 -3021.16 312.888 -936.213 1 2
0.0446026 0.0943235 -0.994542 0 -0.0153966 0.995479 0.0937219 0 0.998886 0.0111323 0.0458532 0 -3021.16 312.888 -936.213 1 2
0.0446026 0.0943235 -0.994542 0 -0.0153966 0.995479 0.0937219 0 0.998886 0.0111323 0.0458532 0 -3021.16 312.888 -936.213 1 2
0.0446026 0.0943235 -0.994542 0 -0.0153966 0.995479 0.0937219 0 0.998886 0.0111323 0.0458532 0 -3021.16 312.888 -936.213 1 2
0.0446026 0.0943235 -0.994542 0 -0.0153966 0.995479 0.0937219 0 0.998886 0.0111323 0.0458532 0 -3021.16 312.888 -936.213 1 2
0.0446026 0.0943235 -0.994542 0 -0.0153966 0.995479 0.0937219 0 0.998886 0.0111323 0.0458532 0 -3021.16 312.888 -936.213 1 2
0.0446026 0.0943235 -0.994542 0 -0.0153966 0.995479 0.0937219 0 0.998886 0.0111323 0.0458532 0 -3021.16 312.888 -936.213 1 2
0.0446026 0.0943235 -0.994542 0 -0.0153966 0.995479 0.0937219 0 0.998886 0.0111323 0.0458532 0 -3021.16 312.888 -936.213 1 2
0.0446026 0.0943235 -0.994542 0 -0.0153966 0.995479 0.0937219 0 0.998886 0.0111323 0.0458532 0 -3021.16 312.888 -936.213 1 2
0.0446026 0.0943235 -0.994542 0 -0.0153966 0.995479 0.0937219 0 0.998886 0.0111323 0.0458532 0 -3021.16 312.888 -936.213 1 2
0.0446026 0.0943235 -0.994542 0 -0.0153966 0.995479 0.0937219 0 0.998886 0.0111323 0.0458532 0 -3021.16 312.888 -936.213 1 2
0.0385411 0.106826 -0.99353 0 -0.0183047 0.994178 0.106186 0 0.999089 0.0140938 0.0402722 0 -3019.61 313.687 -948.97 1 3
0.0343077 0.118279 -0.992388 0 -0.0200881 0.992853 0.11764 0 0.999209 0.0158992 0.0364385 0 -3019.99 312.54 -961.739 1 3
0.0309909 0.129632 -0.991078 0 -0.0215922 0.991409 0.129 0 0.999286 0.0174018 0.0335237 0 -3021.08 308.3 -973.231 1 3
0.0278725 0.14158 -0.989534 0 -0.0232649 0.989743 0.140954 0 0.999341 0.0190927 0.0308804 0 -3021.86 299.466 -982.556 1 3
0.0251554 0.152075 -0.988049 0 -0.0248357 0.988152 0.151459 0 0.999375 0.0207288 0.0286343 0 -3023.12 288.173 -989.942 1 3
0.0225989 0.159355 -0.986963 0 -0.0268439 0.986955 0.15874 0 0.999384 0.0229066 0.0265818 0 -3024.88 273.609 -995.347 1 3
0.0200232 0.164225 -0.98622 0 -0.0297678 0.986078 0.163597 0 0.999356 0.0260818 0.024633 0 -3026.87 254.518 -999.342 1 3
0.0176673 0.167521 -0.98571 0 -0.0333875 0.985413 0.166872 0 0.999286 0.0299622 0.0230027 0 -3028.89 232.937 -1002.6 1 3
0.0155859 0.169087 -0.985478 0 -0.0371326 0.985016 0.16842 0 0.999189 0.0339684 0.021631 0 -3030.82 210.198 -1005.14 1 3
0.0137657 0.169953 -0.985356 0 -0.0411111 0.984712 0.169267 0 0.99906 0.038179 0.0205422 0 -3032.63 187.048 -1007.01 1 3
0.0121532 0.169887 -0.985389 0 -0.0450321 0.984554 0.169188 0 0.998912 0.0423179 0.0196158 0 -3034.73 163.267 -1008.01 1 3
0.0105786 0.169228 -0.98552 0 -0.0489521 0.984481 0.168524 0 0.998745 0.0464605 0.0186985 0 -3036.84 137.873 -1007.93 1 3
0.00876116 0.167503 -0.985833 0 -0.0530453 0.98456 0.166815 0 0.998554 0.0508323 0.0175111 0 -3039.04 109.277 -1006.11 1 3
0.00679734 0.16504 -0.986263 0 -0.0574696 0.984721 0.164386 0 0.998324 0.0555628 0.0161783 0 -3041.51 77.8826 -1003.04 1 3
0.00503325 0.16207 -0.986766 0 -0.0610319 0.984989 0.161467 0 0.998123 0.0594115 0.0148492 0 -3044.21 49.0857 -999.356 1 3
0.00320567 0.158805 -0.987305 0 -0.0636571 0.98534 0.158282 0 0.997967 0.0623415 0.0132677 0 -3047.13 24.0321 -994.787 1 3
0.00143713 0.155574 -0.987823 0 -0.0648074 0.985762 0.155155 0 0.997897 0.0637953 0.011499 0 -3050.96 4.32244 -989.418 1 3
-7.78968e-05 0.150765 -0.98857 0 -0.0643049 0.986523 0.150458 0 0.99793 0.0635816 0.00961812 0 -3055.26 -11.625 -983.541 1 3
-0.00163834 0.143294 -0.989679 0 -0.0624587 0.987733 0.143116 0 0.998046 0.0620486 0.00733174 0 -3060.13 -26.2927 -976.241 1 3
-0.00310329 0.132023 -0.991242 0 -0.0582455 0.98954 0.131979 0 0.998297 0.058145 0.00461894 0 -3066.12 -37.8499 -967.115 1 3
-0.00458224 0.116532 -0.993176 0 -0.0513316 0.99185 0.116613 0 0.998671 0.0515157 0.00143687 0 -3073.11 -44.3018 -956.33 1 3
-0.00656723 0.100774 -0.994888 0 -0.0441611 0.993909 0.100966 0 0.999003 0.0445984 -0.00207697 0 -3080.76 -43.8302 -944.019 1 3
-0.00876915 0.0856829 -0.996284 0 -0.0373348 0.995599 0.0859527 0 0.999264 0.0379497 -0.00553161 0 -3088.24 -38.4652 -931.656 1 3
-0.0114996 0.0723781 -0.997311 0 -0.0310071 0.996871 0.0727038 0 0.999453 0.0317598 -0.0092194 0 -3095.49 -29.9661 -919.567 1 3
-0.0143699 0.0612235 -0.998021 0 -0.0254784 0.997777 0.0615754 0 0.999572 0.0263128 -0.0127781 0 -3102.3 -20.1518 -908.636 1 3
-0.0172582 0.0524086 -0.998477 0 -0.0210437 0.998385 0.0527675 0 0.99963 0.0219223 -0.0161275 0 -3108.41 -10.9582 -899.681 1 3
-0.0200453 0.0459337 -0.998743 0 -0.0173877 0.998777 0.0462842 0 0.999648 0.0182937 -0.0192221 0 -3113.97 -2.46998 -892.414 1 3
-0.0227484 0.0411989 -0.998892 0 -0.0144907 0.999032 0.0415347 0 0.999636 0.0154195 -0.0221294 0 -3118.92 4.95665 -886.496 1 3
-0.0252626 0.037947 -0.99896 0 -0.0119523 0.999196 0.0382583 0 0.999609 0.0129064 -0.0247888 0 -3123.45 11.9137 -881.255 1 3
-0.0274273 0.0355421 -0.998992 0 -0.00989271 0.999309 0.035825 0 0.999575 0.0108653 -0.0270567 0 -3127.51 17.7951 -877.038 1 3
-0.0292409 0.0336135 -0.999007 0 -0.00827044 0.999392 0.0338685 0 0.999538 0.00925257 -0.0289451 0 -3131.09 22.6367 -873.636 1 3
-0.0309213 0.0323016 -0.999 0 -0.00686816 0.999447 0.0325286 0 0.999498 0.00786711 -0.0306824 0 -3134.27 26.8028 -870.788 1 3
-0.0324971 0.031518 -0.998975 0 -0.00571275 0.99948 0.0317198 0 0.999456 0.0067377 -0.0323002 0 -3137.13 30.3563 -868.328 1 3
-0.0339495 0.0308345 -0.998948 0 -0.00487594 0.999507 0.0310175 0 0.999412 0.00592383 -0.0337824 0 -3139.72 32.95 -866.274 1 3
-0.0352955 0.0303204 -0.998917 0 -0.00404552 0.999527 0.0304818 0 0.999369 0.00511701 -0.0351561 0 -3142.03 35.4194 -864.48 1 3
-0.0367019 0.029902 -0.998879 0 -0.00358942 0.999542 0.0300537 0 0.99932 0.00468842 -0.0365778 0 -3144.2 36.6358 -862.454 1 3
-0.0379452 0.0296081 -0.998841 0 -0.00321572 0.999552 0.0297513 0 0.999275 0.00434091 -0.037833 0 -3146.09 37.6116 -860.831 1 3
-0.0391274 0.0294054 -0.998801 0 -0.00281995 0.99956 0.0295382 0 0.99923 0.00397232 -0.0390272 0 -3147.9 38.5756 -859.406 1 3
-0.0402802 0.029235 -0.998761 0 -0.00252745 0.999566 0.0293605 0 0.999185 0.00370697 -0.0401888 0 -3149.68 39.2567 -858.233 1 3
-0.0412536 0.0291684 -0.998723 0 -0.00212786 0.999569 0.029281 0 0.999146 0.0033331 -0.0411738 0 -3151.31 40.2908 -857.484 1 3
-0.0420956 0.0291783 -0.998687 0 -0.00181263 0.99957 0.0292805 0 0.999112 0.00304283 -0.0420246 0 -3152.82 41.1171 -857.252 1 3
-0.0431649 0.0297763 -0.998624 0 -0.00180065 0.999552 0.0298818 0 0.999066 0.00308802 -0.0430919 0 -3155.11 41.4912 -856.511 1 3
-0.043387 0.0308379 -0.998582 0 -0.00150546 0.99952 0.0309323 0 0.999057 0.00284538 -0.0433198 0 -3157.75 43.1085 -859.346 1 3
-0.0436714 0.0315278 -0.998548 0 -0.00112972 0.9995 0.0316073 0 0.999045 0.00250841 -0.0436139 0 -3160.14 44.6573 -861.439 1 3
-0.0440092 0.0320624 -0.998516 0 -0.000688396 0.999484 0.0321238 0 0.999031 0.00210112 -0.0439644 0 -3162.2 46.1243 -863.07 1 3
-0.0444903 0.0324129 -0.998484 0 -0.000372253 0.999473 0.0324616 0 0.99901 0.00181591 -0.0444547 0 -3164.1 47.155 -864.125 1 3
-0.0449786 0.0327696 -0.99845 0 4.46409e-05 0.999462 0.0328008 0 0.998988 0.00143076 -0.0449559 0 -3165.9 48.5361 -864.844 1 3
-0.0454903 0.0330348 -0.998418 0 0.000364717 0.999454 0.0330524 0 0.998965 0.00113942 -0.0454775 0 -3167.49 49.6679 -865.252 1 3
-0.045953 0.03324 -0.99839 0 0.000641566 0.999447 0.0332457 0 0.998943 0.000887206 -0.0459489 0 -3168.87 50.5633 -865.646 1 3
-0.0463857 0.0334134 -0.998365 0 0.00096484 0.999441 0.0334047 0 0.998923 0.000586236 -0.046392 0 -3169.99 51.5992 -866.053 1 3
