0.224526 0 -0.974468 0 0 1 0 0 0.974468 0 0.224526 0 -2586.54 0 -1894.38 1 0
0.224526 0 -0.974468 0 0 1 0 0 0.974468 0 0.224526 0 -2586.54 0 -1894.38 1 0
0.224526 0 -0.974468 0 0 1 0 0 0.974468 0 0.224526 0 -2586.54 0 -1894.38 1 0
0.224526 0 -0.974468 0 0 1 0 0 0.974468 0 0.224526 0 -2586.54 0 -1894.38 1 0
0.224526 0 -0.974468 0 0 1 0 0 0.974468 0 0.224526 0 -2586.54 0 -1894.38 1 0
0.224526 0 -0.974468 0 0 1 0 0 0.974468 0 0.224526 0 -2586.54 0 -1894.38 1 0
0.224526 0 -0.974468 0 0 1 0 0 0.974468 0 0.224526 0 -2586.54 0 -1894.38 1 0
0.224526 0 -0.974468 0 0 1 0 0 0.974468 0 0.224526 0 -2586.54 0 -1894.38 1 0
0.224526 0 -0.974468 0 0 1 0 0 0.974468 0 0.224526 0 -2586.54 0 -1894.38 1 0
0.224526 0 -0.974468 0 0 1 0 0 0.974468 0 0.224526 0 -2586.54 0 -1894.38 1 0
0.224526 0 -0.974468 0 0 1 0 0 0.974468 0 0.224526 0 -2586.54 0 -1894.38 1 0
0.224526 0 -0.974468 0 0 1 0 0 0.974468 0 0.224526 0 -2586.54 0 -1894.38 1 0
0.224526 0 -0.974468 0 0 1 0 0 0.974468 0 0.224526 0 -2586.54 0 -1894.38 1 0
0.224526 0 -0.974468 0 0 1 0 0 0.974468 0 0.224526 0 -2586.54 0 -1894.38 1 0
0.224526 0 -0.974468 0 0 1 0 0 0.974468 0 0.224526 0 -2586.54 0 -1894.38 1 0
0.224526 0 -0.974468 0 0 1 0 0 0.974468 0 0.224526 0 -2586.54 0 -1894.38 1 0
0.224526 0 -0.974468 0 0 1 0 0 0.974468 0 0.224526 0 -2586.54 0 -1894.38 1 0
0.224526 0 -0.974468 0 0 1 0 0 0.974468 0 0.224526 0 -2586.54 0 -1894.38 1 0
0.224526 0 -0.974468 0 0 1 0 0 0.974468 0 0.224526 0 -2586.54 0 -1894.38 1 0
0.224526 0 -0.974468 0 0 1 0 0 0.974468 0 0.224526 0 -2586.54 0 -1894.38 1 0
0.224526 0 -0.974468 0 0 1 0 0 0.974468 0 0.224526 0 -2586.54 0 -1894.38 1 0
0.224526 0 -0.974468 0 0 1 0 0 0.974468 0 0.224526 0 -2586.54 0 -1894.38 1 0
0.224526 0 -0.974468 0 0 1 0 0 0.974468 0 0.224526 0 -2586.54 0 -1894.38 1 0
0.224526 0 -0.974468 0 0 1 0 0 0.974468 0 0.224526 0 -2586.54 0 -1894.38 1 0
0.224526 0 -0.974468 0 0 1 0 0 0.974468 0 0.224526 0 -2586.54 0 -1894.38 1 0
0.224526 0 -0.974468 0 0 1 0 0 0.974468 0 0.224526 0 -2586.54 0 -1894.38 1 0
0.224526 0 -0.974468 0 0 1 0 0 0.974468 0 0.224526 0 -2586.54 0 -1894.38 1 0
0.224526 0 -0.974468 0 0 1 0 0 0.974468 0 0.224526 0 -2586.54 0 -1894.38 1 0
0.224526 0 -0.974468 0 0 1 0 0 0.974468 0 0.224526 0 -2586.54 0 -1894.38 1 0
0.224526 0 -0.974468 0 0 1 0 0 0.974468 0 0.224526 0 -2586.54 0 -1894.38 1 0
0.224526 0 -0.974468 0 0 1 0 0 0.974468 0 0.224526 0 -2586.54 0 -1894.38 1 0
0.224526 0 -0.974468 0 0 1 0 0 0.974468 0 0.224526 0 -2586.54 0 -1894.38 1 0
0.224526 0 -0.974468 0 0 1 0 0 0.974468 0 0.224526 0 -2586.54 0 -1894.38 1 0
0.224526 0 -0.974468 0 0 1 0 0 0.974468 0 0.224526 0 -2586.54 0 -1894.38 1 0
0.224526 0 -0.974468 0 0 1 0 0 0.974468 0 0.224526 0 -2586.54 0 -1894.38 1 0
0.224526 0 -0.974468 0 0 1 0 0 0.974468 0 0.224526 0 -2586.54 0 -1894.38 1 0
0.224526 0 -0.974468 0 0 1 0 0 0.974468 0 0.224526 0 -2586.54 0 -1894.38 1 0
0.224526 0 -0.974468 0 0 1 0 0 0.974468 0 0.224526 0 -2586.54 0 -1894.38 1 0
0.224526 0 -0.974468 0 0 1 0 0 0.974468 0 0.224526 0 -2586.54 0 -1894.38 1 0
0.224526 0 -0.974468 0 0 1 0 0 0.974468 0 0.224526 0 -2586.54 0 -1894.38 1 0
0.224526 0 -0.974468 0 0 1 0 0 0.974468 0 0.224526 0 -2586.54 0 -1894.38 1 0
0.224526 0 -0.974468 0 0 1 0 0 0.974468 0 0.224526 0 -2586.54 0 -1894.38 1 0
0.224526 0 -0.974468 0 0 1 0 0 0.974468 0 0.224526 0 -2586.54 0 -1894.38 1 0
0.224526 0 -0.974468 0 0 1 0 0 0.974468 0 0.224526 0 -2586.54 0 -1894.38 1 0
0.224526 0 -0.974468 0 0 1 0 0 0.974468 0 0.224526 0 -2586.54 0 -1894.38 1 0
0.224526 0 -0.974468 0 0 1 0 0 0.974468 0 0.224526 0 -2586.54 0 -1894.38 1 0
0.224526 0 -0.974468 0 0 1 0 0 0.974468 0 0.224526 0 -2586.54 0 -1894.38 1 0
0.224526 0 -0.974468 0 0 1 0 0 0.974468 0 0.224526 0 -2586.54 0 -1894.38 1 0
0.224526 0 -0.974468 0 0 1 0 0 0.974468 0 0.224526 0 -2586.54 0 -1894.38 1 0
0.224526 0 -0.974468 0 0 1 0 0 0.974468 0 0.224526 0 -2586.54 0 -1894.38 1 0
0.224526 0 -0.974468 0 0 1 0 0 0.974468 0 0.224526 0 -2586.54 0 -1894.38 1 0
0.224526 0 -0.974468 0 0 1 0 0 0.974468 0 0.224526 0 -2586.54 0 -1894.38 1 0
0.224526 0 -0.974468 0 0 1 0 0 0.974468 0 0.224526 0 -2586.54 0 -1894.38 1 0
0.224526 0 -0.974468 0 0 1 0 0 0.974468 0 0.224526 0 -2586.54 0 -1894.38 1 0
0.224526 0 -0.974468 0 0 1 0 0 0.974468 0 0.224526 0 -2586.54 0 -1894.38 1 0
0.224526 0 -0.974468 0 0 1 0 0 0.974468 0 0.224526 0 -2586.54 0 -1894.38 1 0
0.224526 0 -0.974468 0 0 1 0 0 0.974468 0 0.224526 0 -2586.54 0 -1894.38 1 0
0.224526 0 -0.974468 0 0 1 0 0 0.974468 0 0.224526 0 -2586.54 0 -1894.38 1 0
0.224526 0 -0.974468 0 0 1 0 0 0.974468 0 0.224526 0 -2586.54 0 -1894.38 1 0
0.224526 0 -0.974468 0 0 1 0 0 0.974468 0 0.224526 0 -2586.54 0 -1894.38 1 0
0.224526 0 -0.974468 0 0 1 0 0 0.974468 0 0.224526 0 -2586.54 0 -1894.38 1 0
0.224526 0 -0.974468 0 0 1 0 0 0.974468 0 0.224526 0 -2586.54 0 -1894.38 1 0
0.224526 0 -0.974468 0 0 1 0 0 0.974468 0 0.224526 0 -2586.54 0 -1894.38 1 0
0.224526 0 -0.974468 0 0 1 0 0 0.974468 0 0.224526 0 -2586.54 0 -1894.38 1 0
0.224526 0 -0.974468 0 0 1 0 0 0.974468 0 0.224526 0 -2586.54 0 -1894.38 1 0
0.224526 0 -0.974468 0 0 1 0 0 0.974468 0 0.224526 0 -2586.54 0 -1894.38 1 0
0.224526 0 -0.974468 0 0 1 0 0 0.974468 0 0.224526 0 -2586.54 0 -1894.38 1 0
0.224526 0 -0.974468 0 0 1 0 0 0.974468 0 0.224526 0 -2586.54 0 -1894.38 1 0
0.224526 0 -0.974468 0 0 1 0 0 0.974468 0 0.224526 0 -2586.54 0 -1894.38 1 0
0.224526 0 -0.974468 0 0 1 0 0 0.974468 0 0.224526 0 -2586.54 0 -1894.38 1 0
0.224526 0 -0.974468 0 0 1 0 0 0.974468 0 0.224526 0 -2586.54 0 -1894.38 1 0
0.224526 0 -0.974468 0 0 1 0 0 0.974468 0 0.224526 0 -2586.54 0 -1894.38 1 0
0.224526 0 -0.974468 0 0 1 0 0 0.974468 0 0.224526 0 -2586.54 0 -1894.38 1 0
0.224526 0 -0.974468 0 0 1 0 0 0.974468 0 0.224526 0 -2586.54 0 -1894.38 1 0
0.224526 0 -0.974468 0 0 1 0 0 0.974468 0 0.224526 0 -2586.54 0 -1894.38 1 0
0.224526 0 -0.974468 0 0 1 0 0 0.974468 0 0.224526 0 -2586.54 0 -1894.38 1 0
0.224526 0 -0.974468 0 0 1 0 0 0.974468 0 0.224526 0 -2586.54 0 -1894.38 1 0
0.224526 0 -0.974468 0 0 1 0 0 0.974468 0 0.224526 0 -2586.54 0 -1894.38 1 0
0.224526 0 -0.974468 0 0 1 0 0 0.974468 0 0.224526 0 -2586.54 0 -1894.38 1 0
0.224526 0 -0.974468 0 0 1 0 0 0.974468 0 0.224526 0 -2586.54 0 -1894.38 1 0
0.224526 0 -0.974468 0 0 1 0 0 0.974468 0 0.224526 0 -2586.54 0 -1894.38 1 0
0.224526 0 -0.974468 0 0 1 0 0 0.974468 0 0.224526 0 -2586.54 0 -1894.38 1 0
0.224526 0 -0.974468 0 0 1 0 0 0.974468 0 0.224526 0 -2586.54 0 -1894.38 1 0
0.224526 0 -0.974468 0 0 1 0 0 0.974468 0 0.224526 0 -2586.54 0 -1894.38 1 0
0.224526 0 -0.974468 0 0 1 0 0 0.974468 0 0.224526 0 -2586.54 0 -1894.38 1 0
0.224526 0 -0.974468 0 0 1 0 0 0.974468 0 0.224526 0 -2586.54 0 -1894.38 1 0
0.224526 0 -0.974468 0 0 1 0 0 0.974468 0 0.224526 0 -2586.54 0 -1894.38 1 0
0.224526 0 -0.974468 0 0 1 0 0 0.974468 0 0.224526 0 -2586.54 0 -1894.38 1 0
0.224526 0 -0.974468 0 0 1 0 0 0.974468 0 0.224526 0 -2586.54 0 -1894.38 1 0
0.224526 0 -0.974468 0 0 1 0 0 0.974468 0 0.224526 0 -2586.54 0 -1894.38 1 0
0.224526 0 -0.974468 0 0 1 0 0 0.974468 0 0.224526 0 -2586.54 0 -1894.38 1 0
0.224526 0 -0.974468 0 0 1 0 0 0.974468 0 0.224526 0 -2586.54 0 -1894.38 1 0
0.224526 0 -0.974468 0 0 1 0 0 0.974468 0 0.224526 0 -2586.54 0 -1894.38 1 0
0.224526 0 -0.974468 0 0 1 0 0 0.974468 0 0.224526 0 -2586.54 0 -1894.38 1 0
0.224526 0 -0.974468 0 0 1 0 0 0.974468 0 0.224526 0 -2586.54 0 -1894.38 1 0
0.224526 0 -0.974468 0 0 1 0 0 0.974468 0 0.224526 0 -2586.54 0 -1894.38 1 0
0.224526 0 -0.974468 0 0 1 0 0 0.974468 0 0.224526 0 -2586.54 0 -1894.38 1 0
0.224526 0 -0.974468 0 0 1 0 0 0.974468 0 0.224526 0 -2586.54 0 -1894.38 1 0
0.0671283 0.0979103 -0.992929 0 -0.0166265 0.995145 0.0970048 0 0.997606 0.00999716 0.0684303 0 -3290.38 307.164 -871.495 1 1
0.0578415 0.0973167 -0.993571 0 -0.0132434 0.995225 0.0967077 0 0.998238 0.00756455 0.0588541 0 -3266.19 311.264 -950.161 1 1
0.0578415 0.0973167 -0.993571 0 -0.0132434 0.995225 0.0967077 0 0.998238 0.00756455 0.0588541 0 -3266.19 311.264 -950.161 1 2
0.0578415 0.0973167 -0.993571 0 -0.0132434 0.995225 0.0967077 0 0.998238 0.00756455 0.0588541 0 -3266.19 311.264 -950.161 1 2
0.0578415 0.0973167 -0.993571 0 -0.0132434 0.995225 0.0967077 0 0.998238 0.00756455 0.0588541 0 -3266.19 311.264 -950.161 1 2
0.0578415 0.0973167 -0.993571 0 -0.0132434 0.995225 0.0967077 0 0.998238 0.00756455 0.0588541 0 -3266.19 311.264 -950.161 1 2
0.0578415 0.0973167 -0.993571 0 -0.0132434 0.995225 0.0967077 0 0.998238 0.00756455 0.0588541 0 -3266.19 311.264 -950.161 1 2
0.0578415 0.0973167 -0.993571 0 -0.0132434 0.995225 0.0967077 0 0.998238 0.00756455 0.0588541 0 -3266.19 311.264 -950.161 1 2
0.0578415 0.0973167 -0.993571 0 -0.0132434 0.995225 0.0967077 0 0.998238 0.00756455 0.0588541 0 -3266.19 311.264 -950.161 1 2
0.0578415 0.0973167 -0.993571 0 -0.0132434 0.995225 0.0967077 0 0.998238 0.00756455 0.0588541 0 -3266.19 311.264 -950.161 1 2
0.0578415 0.0973167 -0.993571 0 -0.0132434 0.995225 0.0967077 0 0.998238 0.00756455 0.0588541 0 -3266.19 311.264 -950.161 1 2
0.0578415 0.0973167 -0.993571 0 -0.0132434 0.995225 0.0967077 0 0.998238 0.00756455 0.0588541 0 -3266.19 311.264 -950.161 1 2
0.0578415 0.0973167 -0.993571 0 -0.0132434 0.995225 0.0967077 0 0.998238 0.00756455 0.0588541 0 -3266.19 311.264 -950.161 1 2
0.0578415 0.0973167 -0.993571 0 -0.0132434 0.995225 0.0967077 0 0.998238 0.00756455 0.0588541 0 -3266.19 311.264 -950.161 1 2
0.0578415 0.0973167 -0.993571 0 -0.0132434 0.995225 0.0967077 0 0.998238 0.00756455 0.0588541 0 -3266.19 311.264 -950.161 1 2
0.0578415 0.0973167 -0.993571 0 -0.0132434 0.995225 0.0967077 0 0.998238 0.00756455 0.0588541 0 -3266.19 311.264 -950.161 1 2
0.0578415 0.0973167 -0.993571 0 -0.0132434 0.995225 0.0967077 0 0.998238 0.00756455 0.0588541 0 -3266.19 311.264 -950.161 1 2
0.0578415 0.0973167 -0.993571 0 -0.0132434 0.995225 0.0967077 0 0.998238 0.00756455 0.0588541 0 -3266.19 311.264 -950.161 1 2
0.0578415 0.0973167 -0.993571 0 -0.0132434 0.995225 0.0967077 0 0.998238 0.00756455 0.0588541 0 -3266.19 311.264 -950.161 1 2
0.0578415 0.0973167 -0.993571 0 -0.0132434 0.995225 0.0967077 0 0.998238 0.00756455 0.0588541 0 -3266.19 311.264 -950.161 1 2
0.0578415 0.0973167 -0.993571 0 -0.0132434 0.995225 0.0967077 0 0.998238 0.00756455 0.0588541 0 -3266.19 311.264 -950.161 1 2
0.0578415 0.0973167 -0.993571 0 -0.0132434 0.995225 0.0967077 0 0.998238 0.00756455 0.0588541 0 -3266.19 311.264 -950.161 1 2
0.0578415 0.0973167 -0.993571 0 -0.0132434 0.995225 0.0967077 0 0.998238 0.00756455 0.0588541 0 -3266.19 311.264 -950.161 1 2
0.0578415 0.0973167 -0.993571 0 -0.0132434 0.995225 0.0967077 0 0.998238 0.00756455 0.0588541 0 -3266.19 311.264 -950.161 1 2
0.0578415 0.0973167 -0.993571 0 -0.0132434 0.995225 0.0967077 0 0.998238 0.00756455 0.0588541 0 -3266.19 311.264 -950.161 1 2
0.0578415 0.0973167 -0.993571 0 -0.0132434 0.995225 0.0967077 0 0.998238 0.00756455 0.0588541 0 -3266.19 311.264 -950.161 1 2
0.0578415 0.0973167 -0.993571 0 -0.0132434 0.995225 0.0967077 0 0.998238 0.00756455 0.0588541 0 -3266.19 311.264 -950.161 1 2
0.0578415 0.0973167 -0.993571 0 -0.0132434 0.995225 0.0967077 0 0.998238 0.00756455 0.0588541 0 -3266.19 311.264 -950.161 1 2
0.0578415 0.0973167 -0.993571 0 -0.0132434 0.995225 0.0967077 0 0.998238 0.00756455 0.0588541 0 -3266.19 311.264 -950.161 1 2
0.0578415 0.0973167 -0.993571 0 -0.0132434 0.995225 0.0967077 0 0.998238 0.00756455 0.0588541 0 -3266.19 311.264 -950.161 1 2
0.052338 0.112348 -0.99229 0 -0.016859 0.993609 0.111608 0 0.998487 0.0108877 0.0538976 0 -3264.82 311.802 -962.548 1 3
0.0484101 0.12523 -0.990946 0 -0.0190671 0.992044 0.124438 0 0.998646 0.0128704 0.0504127 0 -3265.31 310.462 -975.011 1 3
0.0452079 0.137308 -0.989496 0 -0.0208122 0.990423 0.136485 0 0.998761 0.0144234 0.0476326 0 -3266.48 305.961 -986.17 1 3
0.0421928 0.149653 -0.987838 0 -0.0225995 0.988608 0.148805 0 0.998854 0.0160461 0.0450942 0 -3267.4 296.808 -995.103 1 3
0.039576 0.160357 -0.986265 0 -0.0241856 0.986903 0.15949 0 0.998924 0.0175415 0.042936 0 -3268.8 285.189 -1002.13 1 3
0.0370995 0.167724 -0.985136 0 -0.0261467 0.98564 0.166825 0 0.998969 0.0195689 0.0409522 0 -3270.7 270.157 -1007.16 1 3
0.0345914 0.172645 -0.984376 0 -0.0290088 0.984724 0.171687 0 0.99898 0.0226167 0.0390712 0 -3272.8 250.332 -1010.8 1 3
0.0322732 0.175972 -0.983866 0 -0.0325321 0.984042 0.174937 0 0.998949 0.0263615 0.037483 0 -3274.89 227.855 -1013.73 1 3
0.0301583 0.177607 -0.983639 0 -0.036193 0.983636 0.176497 0 0.99889 0.030278 0.0360929 0 -3276.87 204.187 -1015.97 1 3
0.0282736 0.178504 -0.983533 0 -0.0400954 0.983337 0.177316 0 0.998796 0.0344218 0.0349597 0 -3278.71 180.048 -1017.58 1 3
0.0265845 0.178473 -0.983586 0 -0.0439182 0.983192 0.177215 0 0.998681 0.0384861 0.0339759 0 -3280.85 155.308 -1018.34 1 3
0.0249191 0.177844 -0.983743 0 -0.0477435 0.983138 0.176525 0 0.998549 0.0425685 0.0329898 0 -3282.99 128.937 -1018.01 1 3
0.0230555 0.176164 -0.984091 0 -0.0517526 0.983243 0.174799 0 0.998394 0.0468991 0.0317861 0 -3285.2 99.2975 -1015.9 1 3
0.0210435 0.173748 -0.984565 0 -0.0561079 0.983437 0.17235 0 0.998203 0.051615 0.0304435 0 -3287.66 66.7655 -1012.5 1 3
0.0192554 0.170819 -0.985114 0 -0.0595846 0.983742 0.169416 0 0.998038 0.0554354 0.0291206 0 -3290.35 37.0556 -1008.48 1 3
0.017424 0.167593 -0.985702 0 -0.0621368 0.984128 0.166227 0 0.997916 0.058352 0.0275611 0 -3293.26 11.2885 -1003.51 1 3
0.0156659 0.164399 -0.986269 0 -0.0632427 0.984578 0.163113 0 0.997875 0.0598191 0.0258214 0 -3297.09 -8.78473 -997.703 1 3
0.0141568 0.159662 -0.98707 0 -0.0627385 0.985366 0.158487 0 0.99793 0.0596837 0.0239666 0 -3301.4 -24.7042 -991.387 1 3
0.012634 0.152322 -0.98825 0 -0.0609022 0.986611 0.151291 0 0.998064 0.0582752 0.0217416 0 -3306.3 -39.036 -983.591 1 3
0.0111775 0.141303 -0.989903 0 -0.0567391 0.98846 0.140456 0 0.998326 0.0545962 0.0190659 0 -3312.33 -49.712 -973.911 1 3
0.00961906 0.126178 -0.991961 0 -0.0499509 0.990829 0.12555 0 0.998705 0.0483417 0.0158336 0 -3319.39 -54.6873 -962.502 1 3
0.00756565 0.110838 -0.99381 0 -0.0429021 0.992959 0.110417 0 0.999051 0.0418012 0.0122676 0 -3327.09 -52.6982 -949.505 1 3
0.00532957 0.0961249 -0.995355 0 -0.036143 0.994737 0.0958717 0 0.999332 0.0354642 0.00877577 0 -3334.61 -45.9087 -936.461 1 3
0.00266506 0.0831416 -0.996534 0 -0.02981 0.996101 0.0830258 0 0.999552 0.0294854 0.00513312 0 -3341.91 -36.0536 -923.598 1 3
6.91944e-06 0.0723189 -0.997382 0 -0.0242831 0.997087 0.0722974 0 0.999705 0.0242191 0.00176303 0 -3348.76 -25.0367 -911.963 1 3
-0.00245934 0.0638802 -0.997955 0 -0.0198922 0.997757 0.0639166 0 0.999799 0.0200087 -0.00118311 0 -3354.89 -14.8703 -902.418 1 3
-0.00478745 0.0576566 -0.998325 0 -0.016272 0.9982 0.0577274 0 0.999856 0.0165211 -0.00384064 0 -3360.47 -5.58453 -894.644 1 3
-0.00707929 0.0530812 -0.998565 0 -0.013361 0.998496 0.0531722 0 0.999886 0.0137183 -0.00635942 0 -3365.45 2.47733 -888.208 1 3
-0.00941464 0.0498954 -0.99871 0 -0.0107414 0.998692 0.0499958 0 0.999898 0.0111983 -0.00886637 0 -3370.02 10.0053 -882.453 1 3
-0.0116065 0.0475038 -0.998804 0 -0.00856718 0.99883 0.0476045 0 0.999896 0.00910946 -0.0111859 0 -3374.1 16.3685 -877.776 1 3
-0.0134787 0.0455993 -0.998869 0 -0.00685447 0.998932 0.0456946 0 0.999886 0.00746262 -0.0131518 0 -3377.69 21.6145 -874.005 1 3
-0.0151917 0.0443279 -0.998902 0 -0.00541604 0.998999 0.0444145 0 0.99987 0.00608482 -0.0149364 0 -3380.84 26.1116 -870.82 1 3
-0.0167715 0.0435817 -0.998909 0 -0.00419493 0.999038 0.0436577 0 0.999851 0.00492256 -0.0165726 0 -3383.7 29.9489 -868.053 1 3
-0.0182364 0.042932 -0.998912 0 -0.0033462 0.999069 0.0429999 0 0.999828 0.00412672 -0.0180758 0 -3386.27 32.7393 -865.713 1 3
-0.0195724 0.0424716 -0.998906 0 -0.00253072 0.999092 0.0425291 0 0.999805 0.00336035 -0.0194471 0 -3388.54 35.4047 -863.671 1 3
-0.0209624 0.042057 -0.998895 0 -0.00208805 0.999111 0.0421099 0 0.999778 0.00296846 -0.0208559 0 -3390.68 36.7295 -861.358 1 3
-0.0221845 0.0417672 -0.998881 0 -0.00172514 0.999124 0.0418157 0 0.999752 0.00265088 -0.0220931 0 -3392.54 37.7969 -859.482 1 3
-0.0233466 0.0415736 -0.998863 0 -0.00135311 0.999133 0.0416164 0 0.999727 0.00232318 -0.0232701 0 -3394.31 38.8521 -857.823 1 3
-0.0244864 0.0414031 -0.998842 0 -0.00111099 0.99914 0.0414427 0 0.9997 0.00212448 -0.0244193 0 -3396.05 39.5837 -856.398 1 3
-0.0254487 0.0413368 -0.998821 0 -0.000734418 0.999144 0.0413688 0 0.999676 0.00178634 -0.0253966 0 -3397.66 40.7013 -855.432 1 3
-0.0262825 0.0413339 -0.9988 0 -0.000459177 0.999144 0.0413602 0 0.999654 0.00154568 -0.026241 0 -3399.14 41.5872 -855.015 1 3
-0.0273472 0.0419149 -0.998747 0 -0.000455159 0.99912 0.041943 0 0.999626 0.00160161 -0.027304 0 -3401.42 41.9563 -854.021 1 3
-0.0276071 0.0429553 -0.998695 0 -0.000176798 0.999076 0.0429765 0 0.999619 0.00136302 -0.027574 0 -3404.04 43.6352 -856.786 1 3
-0.0279022 0.0436251 -0.998658 0 0.000179678 0.999047 0.0436371 0 0.999611 0.00103813 -0.0278834 0 -3406.41 45.2662 -858.795 1 3
-0.0282472 0.0441557 -0.998625 0 0.000616478 0.999024 0.0441559 0 0.999601 0.000631652 -0.0282469 0 -3408.45 46.832 -860.338 1 3
-0.028723 0.044504 -0.998596 0 0.000937703 0.999009 0.0444955 0 0.999587 0.000341657 -0.0287363 0 -3410.33 47.9317 -861.279 1 3
-0.0292077 0.0448629 -0.998566 0 0.00136619 0.998993 0.0448422 0 0.999572 -5.45009e-05 -0.0292396 0 -3412.12 49.4025 -861.876 1 3
-0.0297109 0.0451311 -0.998539 0 0.00168472 0.998981 0.0451009 0 0.999557 -0.000342269 -0.0297566 0 -3413.69 50.6046 -862.163 1 3
-0.0301719 0.0453379 -0.998516 0 0.0019611 0.998972 0.0452993 0 0.999543 -0.000591421 -0.0302298 0 -3415.05 51.5617 -862.445 1 3
-0.0306005 0.0455124 -0.998495 0 0.00227914 0.998963 0.0454639 0 0.999529 -0.000884486 -0.0306725 0 -3416.16 52.6683 -862.746 1 3
