0.0161733 0 0.999869 0 0 1 0 0 -0.999869 0 0.0161733 0 -4676.67 0 -324.479 1 0
0.0161733 0 0.999869 0 0 1 0 0 -0.999869 0 0.0161733 0 -4676.67 0 -324.479 1 0
0.0161733 0 0.999869 0 0 1 0 0 -0.999869 0 0.0161733 0 -4676.67 0 -324.479 1 0
0.0161733 0 0.999869 0 0 1 0 0 -0.999869 0 0.0161733 0 -4676.67 0 -324.479 1 0
0.0161733 0 0.999869 0 0 1 0 0 -0.999869 0 0.0161733 0 -4676.67 0 -324.479 1 0
0.0161733 0 0.999869 0 0 1 0 0 -0.999869 0 0.0161733 0 -4676.67 0 -324.479 1 0
0.0161733 0 0.999869 0 0 1 0 0 -0.999869 0 0.0161733 0 -4676.67 0 -324.479 1 0
0.0161733 0 0.999869 0 0 1 0 0 -0.999869 0 0.0161733 0 -4676.67 0 -324.479 1 0
0.0161733 0 0.999869 0 0 1 0 0 -0.999869 0 0.0161733 0 -4676.67 0 -324.479 1 0
0.0161733 0 0.999869 0 0 1 0 0 -0.999869 0 0.0161733 0 -4676.67 0 -324.479 1 0
0.0161733 0 0.999869 0 0 1 0 0 -0.999869 0 0.0161733 0 -4676.67 0 -324.479 1 0
0.0161733 0 0.999869 0 0 1 0 0 -0.999869 0 0.0161733 0 -4676.67 0 -324.479 1 0
0.0161733 0 0.999869 0 0 1 0 0 -0.999869 0 0.0161733 0 -4676.67 0 -324.479 1 0
0.0161733 0 0.999869 0 0 1 0 0 -0.999869 0 0.0161733 0 -4676.67 0 -324.479 1 0
0.0161733 0 0.999869 0 0 1 0 0 -0.999869 0 0.0161733 0 -4676.67 0 -324.479 1 0
0.0161733 0 0.999869 0 0 1 0 0 -0.999869 0 0.0161733 0 -4676.67 0 -324.479 1 0
0.0161733 0 0.999869 0 0 1 0 0 -0.999869 0 0.0161733 0 -4676.67 0 -324.479 1 0
0.0161733 0 0.999869 0 0 1 0 0 -0.999869 0 0.0161733 0 -4676.67 0 -324.479 1 0
0.0161733 0 0.999869 0 0 1 0 0 -0.999869 0 0.0161733 0 -4676.67 0 -324.479 1 0
0.0161733 0 0.999869 0 0 1 0 0 -0.999869 0 0.0161733 0 -4676.67 0 -324.479 1 0
0.0161733 0 0.999869 0 0 1 0 0 -0.999869 0 0.0161733 0 -4676.67 0 -324.479 1 0
0.0161733 0 0.999869 0 0 1 0 0 -0.999869 0 0.0161733 0 -4676.67 0 -324.479 1 0
0.0161733 0 0.999869 0 0 1 0 0 -0.999869 0 0.0161733 0 -4676.67 0 -324.479 1 0
0.0161733 0 0.999869 0 0 1 0 0 -0.999869 0 0.0161733 0 -4676.67 0 -324.479 1 0
0.0161733 0 0.999869 0 0 1 0 0 -0.999869 0 0.0161733 0 -4676.67 0 -324.479 1 0
0.0161733 0 0.999869 0 0 1 0 0 -0.999869 0 0.0161733 0 -4676.67 0 -324.479 1 0
0.0161733 0 0.999869 0 0 1 0 0 -0.999869 0 0.0161733 0 -4676.67 0 -324.479 1 0
0.0161733 0 0.999869 0 0 1 0 0 -0.999869 0 0.0161733 0 -4676.67 0 -324.479 1 0
0.0161733 0 0.999869 0 0 1 0 0 -0.999869 0 0.0161733 0 -4676.67 0 -324.479 1 0
0.0161733 0 0.999869 0 0 1 0 0 -0.999869 0 0.0161733 0 -4676.67 0 -324.479 1 0
0.0161733 0 0.999869 0 0 1 0 0 -0.999869 0 0.0161733 0 -4676.67 0 -324.479 1 0
0.0161733 0 0.999869 0 0 1 0 0 -0.999869 0 0.0161733 0 -4676.67 0 -324.479 1 0
0.0161733 0 0.999869 0 0 1 0 0 -0.999869 0 0.0161733 0 -4676.67 0 -324.479 1 0
0.0161733 0 0.999869 0 0 1 0 0 -0.999869 0 0.0161733 0 -4676.67 0 -324.479 1 0
0.0161733 0 0.999869 0 0 1 0 0 -0.999869 0 0.0161733 0 -4676.67 0 -324.479 1 0
0.0161733 0 0.999869 0 0 1 0 0 -0.999869 0 0.0161733 0 -4676.67 0 -324.479 1 0
0.0161733 0 0.999869 0 0 1 0 0 -0.999869 0 0.0161733 0 -4676.67 0 -324.479 1 0
0.0161733 0 0.999869 0 0 1 0 0 -0.999869 0 0.0161733 0 -4676.67 0 -324.479 1 0
0.0161733 0 0.999869 0 0 1 0 0 -0.999869 0 0.0161733 0 -4676.67 0 -324.479 1 0
0.0161733 0 0.999869 0 0 1 0 0 -0.999869 0 0.0161733 0 -4676.67 0 -324.479 1 0
0.0161733 0 0.999869 0 0 1 0 0 -0.999869 0 0.0161733 0 -4676.67 0 -324.479 1 0
0.0161733 0 0.999869 0 0 1 0 0 -0.999869 0 0.0161733 0 -4676.67 0 -324.479 1 0
0.0161733 0 0.999869 0 0 1 0 0 -0.999869 0 0.0161733 0 -4676.67 0 -324.479 1 0
0.0161733 0 0.999869 0 0 1 0 0 -0.999869 0 0.0161733 0 -4676.67 0 -324.479 1 0
0.0161733 0 0.999869 0 0 1 0 0 -0.999869 0 0.0161733 0 -4676.67 0 -324.479 1 0
0.0161733 0 0.999869 0 0 1 0 0 -0.999869 0 0.0161733 0 -4676.67 0 -324.479 1 0
0.0161733 0 0.999869 0 0 1 0 0 -0.999869 0 0.0161733 0 -4676.67 0 -324.479 1 0
0.0161733 0 0.999869 0 0 1 0 0 -0.999869 0 0.0161733 0 -4676.67 0 -324.479 1 0
0.0161733 0 0.999869 0 0 1 0 0 -0.999869 0 0.0161733 0 -4676.67 0 -324.479 1 0
0.0161733 0 0.999869 0 0 1 0 0 -0.999869 0 0.0161733 0 -4676.67 0 -324.479 1 0
0.0161733 0 0.999869 0 0 1 0 0 -0.999869 0 0.0161733 0 -4676.67 0 -324.479 1 0
0.0161733 0 0.999869 0 0 1 0 0 -0.999869 0 0.0161733 0 -4676.67 0 -324.479 1 0
0.0161733 0 0.999869 0 0 1 0 0 -0.999869 0 0.0161733 0 -4676.67 0 -324.479 1 0
0.0161733 0 0.999869 0 0 1 0 0 -0.999869 0 0.0161733 0 -4676.67 0 -324.479 1 0
0.0714316 -0.0834087 0.993952 0 0.0518302 0.995462 0.0798105 0 -0.996098 0.0458158 0.0754305 0 -4517.24 7.42763 1405.14 1 1
0.0748304 -0.0864463 0.993442 0 0.0506072 0.995281 0.0827944 0 -0.995911 0.0440798 0.0788521 0 -4528.64 1.84602 1483.78 1 1
0.0748304 -0.0864463 0.993442 0 0.0506072 0.995281 0.0827944 0 -0.995911 0.0440798 0.0788521 0 -4528.64 1.84602 1483.78 1 2
0.0748304 -0.0864463 0.993442 0 0.0506072 0.995281 0.0827944 0 -0.995911 0.0440798 0.0788521 0 -4528.64 1.84602 1483.78 1 2
0.0748304 -0.0864463 0.993442 0 0.0506072 0.995281 0.0827944 0 -0.995911 0.0440798 0.0788521 0 -4528.64 1.84602 1483.78 1 2
0.0748304 -0.0864463 0.993442 0 0.0506072 0.995281 0.0827944 0 -0.995911 0.0440798 0.0788521 0 -4528.64 1.84602 1483.78 1 2
0.0748304 -0.0864463 0.993442 0 0.0506072 0.995281 0.0827944 0 -0.995911 0.0440798 0.0788521 0 -4528.64 1.84602 1483.78 1 2
0.0748304 -0.0864463 0.993442 0 0.0506072 0.995281 0.0827944 0 -0.995911 0.0440798 0.0788521 0 -4528.64 1.84602 1483.78 1 2
0.0748304 -0.0864463 0.993442 0 0.0506072 0.995281 0.0827944 0 -0.995911 0.0440798 0.0788521 0 -4528.64 1.84602 1483.78 1 2
0.0748304 -0.0864463 0.993442 0 0.0506072 0.995281 0.0827944 0 -0.995911 0.0440798 0.0788521 0 -4528.64 1.84602 1483.78 1 2
0.0748304 -0.0864463 0.993442 0 0.0506072 0.995281 0.0827944 0 -0.995911 0.0440798 0.0788521 0 -4528.64 1.84602 1483.78 1 2
0.0748304 -0.0864463 0.993442 0 0.0506072 0.995281 0.0827944 0 -0.995911 0.0440798 0.0788521 0 -4528.64 1.84602 1483.78 1 2
0.0748304 -0.0864463 0.993442 0 0.0506072 0.995281 0.0827944 0 -0.995911 0.0440798 0.0788521 0 -4528.64 1.84602 1483.78 1 2
0.0748304 -0.0864463 0.993442 0 0.0506072 0.995281 0.0827944 0 -0.995911 0.0440798 0.0788521 0 -4528.64 1.84602 1483.78 1 2
0.0748304 -0.0864463 0.993442 0 0.0506072 0.995281 0.0827944 0 -0.995911 0.0440798 0.0788521 0 -4528.64 1.84602 1483.78 1 2
0.0748304 -0.0864463 0.993442 0 0.0506072 0.995281 0.0827944 0 -0.995911 0.0440798 0.0788521 0 -4528.64 1.84602 1483.78 1 2
0.0748304 -0.0864463 0.993442 0 0.0506072 0.995281 0.0827944 0 -0.995911 0.0440798 0.0788521 0 -4528.64 1.84602 1483.78 1 2
0.0748304 -0.0864463 0.993442 0 0.0506072 0.995281 0.0827944 0 -0.995911 0.0440798 0.0788521 0 -4528.64 1.84602 1483.78 1 2
0.0748304 -0.0864463 0.993442 0 0.0506072 0.995281 0.0827944 0 -0.995911 0.0440798 0.0788521 0 -4528.64 1.84602 1483.78 1 2
0.0748304 -0.0864463 0.993442 0 0.0506072 0.995281 0.0827944 0 -0.995911 0.0440798 0.0788521 0 -4528.64 1.84602 1483.78 1 2
0.0748304 -0.0864463 0.993442 0 0.0506072 0.995281 0.0827944 0 -0.995911 0.0440798 0.0788521 0 -4528.64 1.84602 1483.78 1 2
0.0748304 -0.0864463 0.993442 0 0.0506072 0.995281 0.0827944 0 -0.995911 0.0440798 0.0788521 0 -4528.64 1.84602 1483.78 1 2
0.0748304 -0.0864463 0.993442 0 0.0506072 0.995281 0.0827944 0 -0.995911 0.0440798 0.0788521 0 -4528.64 1.84602 1483.78 1 2
0.0748304 -0.0864463 0.993442 0 0.0506072 0.995281 0.0827944 0 -0.995911 0.0440798 0.0788521 0 -4528.64 1.84602 1483.78 1 2
0.0748304 -0.0864463 0.993442 0 0.0506072 0.995281 0.0827944 0 -0.995911 0.0440798 0.0788521 0 -4528.64 1.84602 1483.78 1 2
0.0748304 -0.0864463 0.993442 0 0.0506072 0.995281 0.0827944 0 -0.995911 0.0440798 0.0788521 0 -4528.64 1.84602 1483.78 1 2
0.0748304 -0.0864463 0.993442 0 0.0506072 0.995281 0.0827944 0 -0.995911 0.0440798 0.0788521 0 -4528.64 1.84602 1483.78 1 2
0.0748304 -0.0864463 0.993442 0 0.0506072 0.995281 0.0827944 0 -0.995911 0.0440798 0.0788521 0 -4528.64 1.84602 1483.78 1 2
0.0748304 -0.0864463 0.993442 0 0.0506072 0.995281 0.0827944 0 -0.995911 0.0440798 0.0788521 0 -4528.64 1.84602 1483.78 1 2
0.0748304 -0.0864463 0.993442 0 0.0506072 0.995281 0.0827944 0 -0.995911 0.0440798 0.0788521 0 -4528.64 1.84602 1483.78 1 2
0.0748304 -0.0864463 0.993442 0 0.0506072 0.995281 0.0827944 0 -0.995911 0.0440798 0.0788521 0 -4528.64 1.84602 1483.78 1 2
0.0748304 -0.0864463 0.993442 0 0.0506072 0.995281 0.0827944 0 -0.995911 0.0440798 0.0788521 0 -4528.64 1.84602 1483.78 1 2
0.0748304 -0.0864463 0.993442 0 0.0506072 0.995281 0.0827944 0 -0.995911 0.0440798 0.0788521 0 -4528.64 1.84602 1483.78 1 2
0.0748304 -0.0864463 0.993442 0 0.0506072 0.995281 0.0827944 0 -0.995911 0.0440798 0.0788521 0 -4528.64 1.84602 1483.78 1 2
0.0748304 -0.0864463 0.993442 0 0.0506072 0.995281 0.0827944 0 -0.995911 0.0440798 0.0788521 0 -4528.64 1.84602 1483.78 1 2
0.0748304 -0.0864463 0.993442 0 0.0506072 0.995281 0.0827944 0 -0.995911 0.0440798 0.0788521 0 -4528.64 1.84602 1483.78 1 2
0.0748304 -0.0864463 0.993442 0 0.0506072 0.995281 0.0827944 0 -0.995911 0.0440798 0.0788521 0 -4528.64 1.84602 1483.78 1 2
0.0748304 -0.0864463 0.993442 0 0.0506072 0.995281 0.0827944 0 -0.995911 0.0440798 0.0788521 0 -4528.64 1.84602 1483.78 1 2
0.0748304 -0.0864463 0.993442 0 0.0506072 0.995281 0.0827944 0 -0.995911 0.0440798 0.0788521 0 -4528.64 1.84602 1483.78 1 2
0.0748304 -0.0864463 0.993442 0 0.0506072 0.995281 0.0827944 0 -0.995911 0.0440798 0.0788521 0 -4528.64 1.84602 1483.78 1 2
0.0748304 -0.0864463 0.993442 0 0.0506072 0.995281 0.0827944 0 -0.995911 0.0440798 0.0788521 0 -4528.64 1.84602 1483.78 1 2
0.0748304 -0.0864463 0.993442 0 0.0506072 0.995281 0.0827944 0 -0.995911 0.0440798 0.0788521 0 -4528.64 1.84602 1483.78 1 2
0.0748304 -0.0864463 0.993442 0 0.0506072 0.995281 0.0827944 0 -0.995911 0.0440798 0.0788521 0 -4528.64 1.84602 1483.78 1 2
0.0748304 -0.0864463 0.993442 0 0.0506072 0.995281 0.0827944 0 -0.995911 0.0440798 0.0788521 0 -4528.64 1.84602 1483.78 1 2
0.0748304 -0.0864463 0.993442 0 0.0506072 0.995281 0.0827944 0 -0.995911 0.0440798 0.0788521 0 -4528.64 1.84602 1483.78 1 2
0.0748304 -0.0864463 0.993442 0 0.0506072 0.995281 0.0827944 0 -0.995911 0.0440798 0.0788521 0 -4528.64 1.84602 1483.78 1 2
0.0748304 -0.0864463 0.993442 0 0.0506072 0.995281 0.0827944 0 -0.995911 0.0440798 0.0788521 0 -4528.64 1.84602 1483.78 1 2
0.0748304 -0.0864463 0.993442 0 0.0506072 0.995281 0.0827944 0 -0.995911 0.0440798 0.0788521 0 -4528.64 1.84602 1483.78 1 2
0.0748304 -0.0864463 0.993442 0 0.0506072 0.995281 0.0827944 0 -0.995911 0.0440798 0.0788521 0 -4528.64 1.84602 1483.78 1 2
0.0748304 -0.0864463 0.993442 0 0.0506072 0.995281 0.0827944 0 -0.995911 0.0440798 0.0788521 0 -4528.64 1.84602 1483.78 1 2
0.0748304 -0.0864463 0.993442 0 0.0506072 0.995281 0.0827944 0 -0.995911 0.0440798 0.0788521 0 -4528.64 1.84602 1483.78 1 2
0.0748304 -0.0864463 0.993442 0 0.0506072 0.995281 0.0827944 0 -0.995911 0.0440798 0.0788521 0 -4528.64 1.84602 1483.78 1 2
0.0748304 -0.0864463 0.993442 0 0.0506072 0.995281 0.0827944 0 -0.995911 0.0440798 0.0788521 0 -4528.64 1.84602 1483.78 1 2
0.0748304 -0.0864463 0.993442 0 0.0506072 0.995281 0.0827944 0 -0.995911 0.0440798 0.0788521 0 -4528.64 1.84602 1483.78 1 2
0.0748304 -0.0864463 0.993442 0 0.0506072 0.995281 0.0827944 0 -0.995911 0.0440798 0.0788521 0 -4528.64 1.84602 1483.78 1 2
0.0748304 -0.0864463 0.993442 0 0.0506072 0.995281 0.0827944 0 -0.995911 0.0440798 0.0788521 0 -4528.64 1.84602 1483.78 1 2
0.0748304 -0.0864463 0.993442 0 0.0506072 0.995281 0.0827944 0 -0.995911 0.0440798 0.0788521 0 -4528.64 1.84602 1483.78 1 2
0.0748304 -0.0864463 0.993442 0 0.0506072 0.995281 0.0827944 0 -0.995911 0.0440798 0.0788521 0 -4528.64 1.84602 1483.78 1 2
0.0748304 -0.0864463 0.993442 0 0.0506072 0.995281 0.0827944 0 -0.995911 0.0440798 0.0788521 0 -4528.64 1.84602 1483.78 1 2
0.0748304 -0.0864463 0.993442 0 0.0506072 0.995281 0.0827944 0 -0.995911 0.0440798 0.0788521 0 -4528.64 1.84602 1483.78 1 2
0.0748304 -0.0864463 0.993442 0 0.0506072 0.995281 0.0827944 0 -0.995911 0.0440798 0.0788521 0 -4528.64 1.84602 1483.78 1 2
0.0748304 -0.0864463 0.993442 0 0.0506072 0.995281 0.0827944 0 -0.995911 0.0440798 0.0788521 0 -4528.64 1.84602 1483.78 1 2
0.0748304 -0.0864463 0.993442 0 0.0506072 0.995281 0.0827944 0 -0.995911 0.0440798 0.0788521 0 -4528.64 1.84602 1483.78 1 2
0.0748304 -0.0864463 0.993442 0 0.0506072 0.995281 0.0827944 0 -0.995911 0.0440798 0.0788521 0 -4528.64 1.84602 1483.78 1 2
0.0748304 -0.0864463 0.993442 0 0.0506072 0.995281 0.0827944 0 -0.995911 0.0440798 0.0788521 0 -4528.64 1.84602 1483.78 1 2
0.0748304 -0.0864463 0.993442 0 0.0506072 0.995281 0.0827944 0 -0.995911 0.0440798 0.0788521 0 -4528.64 1.84602 1483.78 1 2
0.0748304 -0.0864463 0.993442 0 0.0506072 0.995281 0.0827944 0 -0.995911 0.0440798 0.0788521 0 -4528.64 1.84602 1483.78 1 2
0.0748304 -0.0864463 0.993442 0 0.0506072 0.995281 0.0827944 0 -0.995911 0.0440798 0.0788521 0 -4528.64 1.84602 1483.78 1 2
0.0748304 -0.0864463 0.993442 0 0.0506072 0.995281 0.0827944 0 -0.995911 0.0440798 0.0788521 0 -4528.64 1.84602 1483.78 1 2
0.0748304 -0.0864463 0.993442 0 0.0506072 0.995281 0.0827944 0 -0.995911 0.0440798 0.0788521 0 -4528.64 1.84602 1483.78 1 2
0.0748304 -0.0864463 0.993442 0 0.0506072 0.995281 0.0827944 0 -0.995911 0.0440798 0.0788521 0 -4528.64 1.84602 1483.78 1 2
0.0748304 -0.0864463 0.993442 0 0.0506072 0.995281 0.0827944 0 -0.995911 0.0440798 0.0788521 0 -4528.64 1.84602 1483.78 1 2
0.0748304 -0.0864463 0.993442 0 0.0506072 0.995281 0.0827944 0 -0.995911 0.0440798 0.0788521 0 -4528.64 1.84602 1483.78 1 2
0.0748304 -0.0864463 0.993442 0 0.0506072 0.995281 0.0827944 0 -0.995911 0.0440798 0.0788521 0 -4528.64 1.84602 1483.78 1 2
0.0715731 -0.0955657 0.992847 0 0.0438386 0.994739 0.0925875 0 -0.996472 0.0368982 0.075386 0 -4530.93 -20.8635 1478.06 1 3
0.0691129 -0.101004 0.992483 0 0.0379174 0.994409 0.0985593 0 -0.996888 0.0308206 0.0725563 0 -4532.81 -38.3466 1471.33 1 3
0.0674313 -0.104875 0.992197 0 0.0324515 0.994165 0.102878 0 -0.997196 0.0252611 0.0704412 0 -4533.95 -54.7203 1465.53 1 3
0.0660769 -0.108361 0.991913 0 0.0264315 0.993927 0.10682 0 -0.997464 0.0191595 0.0685397 0 -4535.2 -75.4521 1461.85 1 3
0.0653817 -0.11088 0.991681 0 0.020789 0.993743 0.10974 0 -0.997644 0.0134411 0.0672776 0 -4535.9 -95.5002 1459.08 1 3
0.0653641 -0.111833 0.991575 0 0.015211 0.993696 0.11107 0 -0.997746 0.00782281 0.0666531 0 -4535.61 -115.077 1458.15 1 3
0.0657984 -0.11126 0.991611 0 0.00941444 0.993789 0.11088 0 -0.997789 0.00203971 0.0664372 0 -4534.53 -135.809 1458.73 1 3
0.0665354 -0.109836 0.99172 0 0.00338062 0.993942 0.109855 0 -0.997778 -0.00395664 0.0665036 0 -4532.92 -156.913 1459.9 1 3
0.0673928 -0.107831 0.991882 0 -0.00246927 0.994121 0.108243 0 -0.997723 -0.009744 0.0667304 0 -4531.08 -177.842 1461.69 1 3
0.0683856 -0.105749 0.992039 0 -0.00830841 0.994272 0.10656 0 -0.997624 -0.0155294 0.0671153 0 -4529.08 -199.096 1463.54 1 3
0.0695653 -0.103121 0.992233 0 -0.0139377 0.994445 0.104328 0 -0.99748 -0.0210871 0.0677416 0 -4526.86 -219.583 1466.23 1 3
0.0708957 -0.100341 0.992424 0 -0.0196641 0.994594 0.101965 0 -0.99729 -0.026744 0.0685393 0 -4524.08 -241.144 1469.87 1 3
0.072579 -0.0969427 0.99264 0 -0.0258171 0.994749 0.0990363 0 -0.997028 -0.032815 0.0696951 0 -4520.7 -264.198 1475.17 1 3
0.0745031 -0.0929423 0.99288 0 -0.0325648 0.99489 0.095574 0 -0.996689 -0.0394535 0.0710958 0 -4516.66 -288.718 1481.66 1 3
0.0765666 -0.0889883 0.993085 0 -0.0381402 0.995019 0.0921022 0 -0.996335 -0.0449284 0.0727912 0 -4512.74 -309.185 1488.77 1 3
0.0788306 -0.0853139 0.993231 0 -0.0425803 0.995134 0.0888568 0 -0.995978 -0.0492967 0.0748143 0 -4509.28 -325.475 1496.6 1 3
0.0813845 -0.0823839 0.993272 0 -0.0454356 0.995235 0.0862695 0 -0.995647 -0.0521509 0.0772536 0 -4506.13 -336.555 1504.87 1 3
0.0838207 -0.0794102 0.993312 0 -0.0465504 0.995419 0.0835068 0 -0.995393 -0.0532387 0.0797402 0 -4503.91 -341.363 1513.43 1 3
0.0863346 -0.0757226 0.993384 0 -0.0461817 0.995731 0.0799151 0 -0.995195 -0.0527756 0.082469 0 -4502.37 -340.447 1523.54 1 3
0.0888932 -0.071404 0.993478 0 -0.0435912 0.996193 0.0754995 0 -0.995087 -0.0500183 0.0854421 0 -4501.73 -330.957 1535.37 1 3
0.0913416 -0.066043 0.993627 0 -0.0380863 0.996837 0.0697575 0 -0.995091 -0.0442154 0.0885373 0 -4502.67 -309.994 1548.87 1 3
0.0939536 -0.0613413 0.993685 0 -0.0310609 0.997434 0.0645095 0 -0.995092 -0.0369256 0.0918072 0 -4504.21 -284.361 1563.45 1 3
0.0965913 -0.0573978 0.993668 0 -0.0235586 0.997924 0.0599338 0 -0.995045 -0.0291985 0.0950386 0 -4505.67 -256.903 1577.46 1 3
0.0994864 -0.0544611 0.993547 0 -0.0163977 0.998276 0.0563622 0 -0.994904 -0.0218991 0.0984218 0 -4506.74 -230.456 1591.48 1 3
0.102156 -0.0523674 0.993389 0 -0.00967142 0.998514 0.0536322 0 -0.994721 -0.0150863 0.101498 0 -4507.6 -206.611 1603.85 1 3
0.104469 -0.0508474 0.993227 0 -0.00400048 0.998663 0.0515464 0 -0.99452 -0.00935838 0.104126 0 -4508.65 -186.606 1613.78 1 3
0.106451 -0.0500275 0.993059 0 0.000612479 0.998737 0.0502478 0 -0.994318 -0.00474068 0.106347 0 -4509.73 -170.025 1621.85 1 3
0.108214 -0.0496569 0.992887 0 0.00447262 0.998766 0.0494635 0 -0.994118 -0.000911836 0.108302 0 -4510.85 -156.55 1628.47 1 3
0.109903 -0.0499151 0.992688 0 0.00764555 0.998751 0.0493735 0 -0.993913 0.00216336 0.110147 0 -4511.57 -145.908 1634.59 1 3
0.111272 -0.0503998 0.992511 0 0.0101659 0.998719 0.0495753 0 -0.993738 0.00457337 0.111642 0 -4512.52 -137.926 1639.04 1 3
0.11236 -0.0508168 0.992367 0 0.0122674 0.998686 0.0497514 0 -0.993592 0.00658366 0.112836 0 -4513.41 -131.212 1642.42 1 3
0.1133 -0.0511913 0.992241 0 0.0140444 0.998655 0.0499186 0 -0.993462 0.00827965 0.113867 0 -4514.26 -125.769 1645.27 1 3
0.114232 -0.0516649 0.99211 0 0.0155085 0.998618 0.0502181 0 -0.993333 0.00964958 0.114876 0 -4514.92 -121.531 1647.95 1 3
0.115097 -0.0520482 0.99199 0 0.0165874 0.998588 0.0504698 0 -0.993216 0.0106456 0.115798 0 -4515.41 -118.646 1650.33 1 3
0.115845 -0.0524313 0.991882 0 0.0176195 0.998557 0.0507263 0 -0.993111 0.0116001 0.116602 0 -4515.84 -115.788 1652.42 1 3
0.116596 -0.0523726 0.991798 0 0.0181775 0.998554 0.0505924 0 -0.993013 0.0121295 0.11738 0 -4516.17 -113.72 1655.07 1 3
0.117221 -0.0524191 0.991721 0 0.0186577 0.998546 0.0505745 0 -0.992931 0.0125748 0.118029 0 -4516.53 -112.263 1657.24 1 3
0.117849 -0.0525133 0.991642 0 0.0190695 0.998536 0.0506121 0 -0.992848 0.0129455 0.118678 0 -4516.78 -110.972 1659.3 1 3
0.118405 -0.0525188 0.991576 0 0.0193034 0.998533 0.0505822 0 -0.992778 0.0131517 0.119245 0 -4517.04 -110.111 1661.17 1 3
0.11888 -0.052616 0.991514 0 0.0196452 0.998524 0.0506326 0 -0.992714 0.0134593 0.119738 0 -4517.36 -109.012 1662.64 1 3
0.119275 -0.0528067 0.991456 0 0.0199029 0.998511 0.050788 0 -0.992662 0.0136752 0.120148 0 -4517.72 -108.347 1663.54 1 3
0.119976 -0.0532979 0.991345 0 0.019867 0.998487 0.0512775 0 -0.992578 0.013543 0.120853 0 -4517.9 -109.358 1665.27 1 3
0.119852 -0.0539388 0.991325 0 0.0200796 0.99845 0.0518989 0 -0.992589 0.0136853 0.120749 0 -4519.38 -109.139 1663.17 1 3
0.119834 -0.0544418 0.9913 0 0.0204406 0.998419 0.0523618 0 -0.992583 0.0139881 0.120757 0 -4520.63 -108.442 1661.85 1 3
0.119864 -0.0549108 0.991271 0 0.0208123 0.998389 0.0527885 0 -0.992572 0.0143032 0.120814 0 -4521.71 -107.599 1660.94 1 3
0.120071 -0.0552619 0.991226 0 0.0210584 0.998367 0.0531091 0 -0.992542 0.0144968 0.121038 0 -4522.48 -107.089 1660.56 1 3
0.120341 -0.0556814 0.99117 0 0.021367 0.99834 0.05349 0 -0.992503 0.0147413 0.121331 0 -4523.18 -106.268 1660.51 1 3
0.120593 -0.0560073 0.991121 0 0.0215709 0.998319 0.0537894 0 -0.992468 0.0148928 0.121598 0 -4523.74 -105.628 1660.82 1 3
0.1208 -0.0562229 0.991083 0 0.0217007 0.998306 0.0539875 0 -0.99244 0.0149855 0.121816 0 -4524.18 -105.02 1661.08 1 3
0.120912 -0.0565126 0.991053 0 0.0219613 0.998286 0.0542457 0 -0.99242 0.0152059 0.121945 0 -4524.63 -104.235 1661.16 1 3
