0.209977 0 -0.977706 0 0 1 0 0 0.977706 0 0.209977 0 -2790.55 0 -2026.71 1 0
0.209977 0 -0.977706 0 0 1 0 0 0.977706 0 0.209977 0 -2790.55 0 -2026.71 1 0
0.209977 0 -0.977706 0 0 1 0 0 0.977706 0 0.209977 0 -2790.55 0 -2026.71 1 0
0.209977 0 -0.977706 0 0 1 0 0 0.977706 0 0.209977 0 -2790.55 0 -2026.71 1 0
0.209977 0 -0.977706 0 0 1 0 0 0.977706 0 0.209977 0 -2790.55 0 -2026.71 1 0
0.209977 0 -0.977706 0 0 1 0 0 0.977706 0 0.209977 0 -2790.55 0 -2026.71 1 0
0.209977 0 -0.977706 0 0 1 0 0 0.977706 0 0.209977 0 -2790.55 0 -2026.71 1 0
0.209977 0 -0.977706 0 0 1 0 0 0.977706 0 0.209977 0 -2790.55 0 -2026.71 1 0
0.209977 0 -0.977706 0 0 1 0 0 0.977706 0 0.209977 0 -2790.55 0 -2026.71 1 0
0.209977 0 -0.977706 0 0 1 0 0 0.977706 0 0.209977 0 -2790.55 0 -2026.71 1 0
0.209977 0 -0.977706 0 0 1 0 0 0.977706 0 0.209977 0 -2790.55 0 -2026.71 1 0
0.209977 0 -0.977706 0 0 1 0 0 0.977706 0 0.209977 0 -2790.55 0 -2026.71 1 0
0.209977 0 -0.977706 0 0 1 0 0 0.977706 0 0.209977 0 -2790.55 0 -2026.71 1 0
0.209977 0 -0.977706 0 0 1 0 0 0.977706 0 0.209977 0 -2790.55 0 -2026.71 1 0
0.209977 0 -0.977706 0 0 1 0 0 0.977706 0 0.209977 0 -2790.55 0 -2026.71 1 0
0.209977 0 -0.977706 0 0 1 0 0 0.977706 0 0.209977 0 -2790.55 0 -2026.71 1 0
0.209977 0 -0.977706 0 0 1 0 0 0.977706 0 0.209977 0 -2790.55 0 -2026.71 1 0
0.209977 0 -0.977706 0 0 1 0 0 0.977706 0 0.209977 0 -2790.55 0 -2026.71 1 0
0.209977 0 -0.977706 0 0 1 0 0 0.977706 0 0.209977 0 -2790.55 0 -2026.71 1 0
0.209977 0 -0.977706 0 0 1 0 0 0.977706 0 0.209977 0 -2790.55 0 -2026.71 1 0
0.209977 0 -0.977706 0 0 1 0 0 0.977706 0 0.209977 0 -2790.55 0 -2026.71 1 0
0.209977 0 -0.977706 0 0 1 0 0 0.977706 0 0.209977 0 -2790.55 0 -2026.71 1 0
0.209977 0 -0.977706 0 0 1 0 0 0.977706 0 0.209977 0 -2790.55 0 -2026.71 1 0
0.209977 0 -0.977706 0 0 1 0 0 0.977706 0 0.209977 0 -2790.55 0 -2026.71 1 0
0.209977 0 -0.977706 0 0 1 0 0 0.977706 0 0.209977 0 -2790.55 0 -2026.71 1 0
0.209977 0 -0.977706 0 0 1 0 0 0.977706 0 0.209977 0 -2790.55 0 -2026.71 1 0
0.209977 0 -0.977706 0 0 1 0 0 0.977706 0 0.209977 0 -2790.55 0 -2026.71 1 0
0.209977 0 -0.977706 0 0 1 0 0 0.977706 0 0.209977 0 -2790.55 0 -2026.71 1 0
0.209977 0 -0.977706 0 0 1 0 0 0.977706 0 0.209977 0 -2790.55 0 -2026.71 1 0
0.209977 0 -0.977706 0 0 1 0 0 0.977706 0 0.209977 0 -2790.55 0 -2026.71 1 0
0.209977 0 -0.977706 0 0 1 0 0 0.977706 0 0.209977 0 -2790.55 0 -2026.71 1 0
0.209977 0 -0.977706 0 0 1 0 0 0.977706 0 0.209977 0 -2790.55 0 -2026.71 1 0
0.209977 0 -0.977706 0 0 1 0 0 0.977706 0 0.209977 0 -2790.55 0 -2026.71 1 0
0.209977 0 -0.977706 0 0 1 0 0 0.977706 0 0.209977 0 -2790.55 0 -2026.71 1 0
0.209977 0 -0.977706 0 0 1 0 0 0.977706 0 0.209977 0 -2790.55 0 -2026.71 1 0
0.209977 0 -0.977706 0 0 1 0 0 0.977706 0 0.209977 0 -2790.55 0 -2026.71 1 0
0.209977 0 -0.977706 0 0 1 0 0 0.977706 0 0.209977 0 -2790.55 0 -2026.71 1 0
0.209977 0 -0.977706 0 0 1 0 0 0.977706 0 0.209977 0 -2790.55 0 -2026.71 1 0
0.209977 0 -0.977706 0 0 1 0 0 0.977706 0 0.209977 0 -2790.55 0 -2026.71 1 0
0.209977 0 -0.977706 0 0 1 0 0 0.977706 0 0.209977 0 -2790.55 0 -2026.71 1 0
0.209977 0 -0.977706 0 0 1 0 0 0.977706 0 0.209977 0 -2790.55 0 -2026.71 1 0
0.209977 0 -0.977706 0 0 1 0 0 0.977706 0 0.209977 0 -2790.55 0 -2026.71 1 0
0.209977 0 -0.977706 0 0 1 0 0 0.977706 0 0.209977 0 -2790.55 0 -2026.71 1 0
0.209977 0 -0.977706 0 0 1 0 0 0.977706 0 0.209977 0 -2790.55 0 -2026.71 1 0
0.209977 0 -0.977706 0 0 1 0 0 0.977706 0 0.209977 0 -2790.55 0 -2026.71 1 0
0.209977 0 -0.977706 0 0 1 0 0 0.977706 0 0.209977 0 -2790.55 0 -2026.71 1 0
0.209977 0 -0.977706 0 0 1 0 0 0.977706 0 0.209977 0 -2790.55 0 -2026.71 1 0
0.209977 0 -0.977706 0 0 1 0 0 0.977706 0 0.209977 0 -2790.55 0 -2026.71 1 0
0.209977 0 -0.977706 0 0 1 0 0 0.977706 0 0.209977 0 -2790.55 0 -2026.71 1 0
0.209977 0 -0.977706 0 0 1 0 0 0.977706 0 0.209977 0 -2790.55 0 -2026.71 1 0
0.209977 0 -0.977706 0 0 1 0 0 0.977706 0 0.209977 0 -2790.55 0 -2026.71 1 0
0.209977 0 -0.977706 0 0 1 0 0 0.977706 0 0.209977 0 -2790.55 0 -2026.71 1 0
0.209977 0 -0.977706 0 0 1 0 0 0.977706 0 0.209977 0 -2790.55 0 -2026.71 1 0
0.209977 0 -0.977706 0 0 1 0 0 0.977706 0 0.209977 0 -2790.55 0 -2026.71 1 0
0.209977 0 -0.977706 0 0 1 0 0 0.977706 0 0.209977 0 -2790.55 0 -2026.71 1 0
0.209977 0 -0.977706 0 0 1 0 0 0.977706 0 0.209977 0 -2790.55 0 -2026.71 1 0
0.209977 0 -0.977706 0 0 1 0 0 0.977706 0 0.209977 0 -2790.55 0 -2026.71 1 0
0.209977 0 -0.977706 0 0 1 0 0 0.977706 0 0.209977 0 -2790.55 0 -2026.71 1 0
0.209977 0 -0.977706 0 0 1 0 0 0.977706 0 0.209977 0 -2790.55 0 -2026.71 1 0
0.209977 0 -0.977706 0 0 1 0 0 0.977706 0 0.209977 0 -2790.55 0 -2026.71 1 0
0.209977 0 -0.977706 0 0 1 0 0 0.977706 0 0.209977 0 -2790.55 0 -2026.71 1 0
0.209977 0 -0.977706 0 0 1 0 0 0.977706 0 0.209977 0 -2790.55 0 -2026.71 1 0
0.209977 0 -0.977706 0 0 1 0 0 0.977706 0 0.209977 0 -2790.55 0 -2026.71 1 0
0.209977 0 -0.977706 0 0 1 0 0 0.977706 0 0.209977 0 -2790.55 0 -2026.71 1 0
0.209977 0 -0.977706 0 0 1 0 0 0.977706 0 0.209977 0 -2790.55 0 -2026.71 1 0
0.209977 0 -0.977706 0 0 1 0 0 0.977706 0 0.209977 0 -2790.55 0 -2026.71 1 0
0.209977 0 -0.977706 0 0 1 0 0 0.977706 0 0.209977 0 -2790.55 0 -2026.71 1 0
0.209977 0 -0.977706 0 0 1 0 0 0.977706 0 0.209977 0 -2790.55 0 -2026.71 1 0
0.209977 0 -0.977706 0 0 1 0 0 0.977706 0 0.209977 0 -2790.55 0 -2026.71 1 0
0.209977 0 -0.977706 0 0 1 0 0 0.977706 0 0.209977 0 -2790.55 0 -2026.71 1 0
0.209977 0 -0.977706 0 0 1 0 0 0.977706 0 0.209977 0 -2790.55 0 -2026.71 1 0
0.209977 0 -0.977706 0 0 1 0 0 0.977706 0 0.209977 0 -2790.55 0 -2026.71 1 0
0.209977 0 -0.977706 0 0 1 0 0 0.977706 0 0.209977 0 -2790.55 0 -2026.71 1 0
0.209977 0 -0.977706 0 0 1 0 0 0.977706 0 0.209977 0 -2790.55 0 -2026.71 1 0
0.209977 0 -0.977706 0 0 1 0 0 0.977706 0 0.209977 0 -2790.55 0 -2026.71 1 0
0.209977 0 -0.977706 0 0 1 0 0 0.977706 0 0.209977 0 -2790.55 0 -2026.71 1 0
0.209977 0 -0.977706 0 0 1 0 0 0.977706 0 0.209977 0 -2790.55 0 -2026.71 1 0
0.209977 0 -0.977706 0 0 1 0 0 0.977706 0 0.209977 0 -2790.55 0 -2026.71 1 0
0.209977 0 -0.977706 0 0 1 0 0 0.977706 0 0.209977 0 -2790.55 0 -2026.71 1 0
0.209977 0 -0.977706 0 0 1 0 0 0.977706 0 0.209977 0 -2790.55 0 -2026.71 1 0
0.209977 0 -0.977706 0 0 1 0 0 0.977706 0 0.209977 0 -2790.55 0 -2026.71 1 0
0.209977 0 -0.977706 0 0 1 0 0 0.977706 0 0.209977 0 -2790.55 0 -2026.71 1 0
0.209977 0 -0.977706 0 0 1 0 0 0.977706 0 0.209977 0 -2790.55 0 -2026.71 1 0
0.209977 0 -0.977706 0 0 1 0 0 0.977706 0 0.209977 0 -2790.55 0 -2026.71 1 0
0.209977 0 -0.977706 0 0 1 0 0 0.977706 0 0.209977 0 -2790.55 0 -2026.71 1 0
0.209977 0 -0.977706 0 0 1 0 0 0.977706 0 0.209977 0 -2790.55 0 -2026.71 1 0
0.209977 0 -0.977706 0 0 1 0 0 0.977706 0 0.209977 0 -2790.55 0 -2026.71 1 0
0.209977 0 -0.977706 0 0 1 0 0 0.977706 0 0.209977 0 -2790.55 0 -2026.71 1 0
0.209977 0 -0.977706 0 0 1 0 0 0.977706 0 0.209977 0 -2790.55 0 -2026.71 1 0
0.209977 0 -0.977706 0 0 1 0 0 0.977706 0 0.209977 0 -2790.55 0 -2026.71 1 0
0.209977 0 -0.977706 0 0 1 0 0 0.977706 0 0.209977 0 -2790.55 0 -2026.71 1 0
0.209977 0 -0.977706 0 0 1 0 0 0.977706 0 0.209977 0 -2790.55 0 -2026.71 1 0
0.209977 0 -0.977706 0 0 1 0 0 0.977706 0 0.209977 0 -2790.55 0 -2026.71 1 0
0.209977 0 -0.977706 0 0 1 0 0 0.977706 0 0.209977 0 -2790.55 0 -2026.71 1 0
0.209977 0 -0.977706 0 0 1 0 0 0.977706 0 0.209977 0 -2790.55 0 -2026.71 1 0
0.209977 0 -0.977706 0 0 1 0 0 0.977706 0 0.209977 0 -2790.55 0 -2026.71 1 0
0.0758046 0.0888811 -0.993153 0 -0.0115991 0.996031 0.0882532 0 0.997055 0.00482968 0.0765347 0 -3564.18 307.305 -901.76 1 1
0.051691 0.10875 -0.992724 0 -0.0196752 0.993971 0.107862 0 0.998469 0.0139566 0.0535191 0 -3513.45 311.923 -964.186 1 1
0.051691 0.10875 -0.992724 0 -0.0196752 0.993971 0.107862 0 0.998469 0.0139566 0.0535191 0 -3513.45 311.923 -964.186 1 2
0.051691 0.10875 -0.992724 0 -0.0196752 0.993971 0.107862 0 0.998469 0.0139566 0.0535191 0 -3513.45 311.923 -964.186 1 2
0.051691 0.10875 -0.992724 0 -0.0196752 0.993971 0.107862 0 0.998469 0.0139566 0.0535191 0 -3513.45 311.923 -964.186 1 2
0.051691 0.10875 -0.992724 0 -0.0196752 0.993971 0.107862 0 0.998469 0.0139566 0.0535191 0 -3513.45 311.923 -964.186 1 2
0.051691 0.10875 -0.992724 0 -0.0196752 0.993971 0.107862 0 0.998469 0.0139566 0.0535191 0 -3513.45 311.923 -964.186 1 2
0.051691 0.10875 -0.992724 0 -0.0196752 0.993971 0.107862 0 0.998469 0.0139566 0.0535191 0 -3513.45 311.923 -964.186 1 2
0.051691 0.10875 -0.992724 0 -0.0196752 0.993971 0.107862 0 0.998469 0.0139566 0.0535191 0 -3513.45 311.923 -964.186 1 2
0.051691 0.10875 -0.992724 0 -0.0196752 0.993971 0.107862 0 0.998469 0.0139566 0.0535191 0 -3513.45 311.923 -964.186 1 2
0.051691 0.10875 -0.992724 0 -0.0196752 0.993971 0.107862 0 0.998469 0.0139566 0.0535191 0 -3513.45 311.923 -964.186 1 2
0.051691 0.10875 -0.992724 0 -0.0196752 0.993971 0.107862 0 0.998469 0.0139566 0.0535191 0 -3513.45 311.923 -964.186 1 2
0.051691 0.10875 -0.992724 0 -0.0196752 0.993971 0.107862 0 0.998469 0.0139566 0.0535191 0 -3513.45 311.923 -964.186 1 2
0.051691 0.10875 -0.992724 0 -0.0196752 0.993971 0.107862 0 0.998469 0.0139566 0.0535191 0 -3513.45 311.923 -964.186 1 2
0.051691 0.10875 -0.992724 0 -0.0196752 0.993971 0.107862 0 0.998469 0.0139566 0.0535191 0 -3513.45 311.923 -964.186 1 2
0.051691 0.10875 -0.992724 0 -0.0196752 0.993971 0.107862 0 0.998469 0.0139566 0.0535191 0 -3513.45 311.923 -964.186 1 2
0.051691 0.10875 -0.992724 0 -0.0196752 0.993971 0.107862 0 0.998469 0.0139566 0.0535191 0 -3513.45 311.923 -964.186 1 2
0.051691 0.10875 -0.992724 0 -0.0196752 0.993971 0.107862 0 0.998469 0.0139566 0.0535191 0 -3513.45 311.923 -964.186 1 2
0.051691 0.10875 -0.992724 0 -0.0196752 0.993971 0.107862 0 0.998469 0.0139566 0.0535191 0 -3513.45 311.923 -964.186 1 2
0.051691 0.10875 -0.992724 0 -0.0196752 0.993971 0.107862 0 0.998469 0.0139566 0.0535191 0 -3513.45 311.923 -964.186 1 2
0.051691 0.10875 -0.992724 0 -0.0196752 0.993971 0.107862 0 0.998469 0.0139566 0.0535191 0 -3513.45 311.923 -964.186 1 2
0.051691 0.10875 -0.992724 0 -0.0196752 0.993971 0.107862 0 0.998469 0.0139566 0.0535191 0 -3513.45 311.923 -964.186 1 2
0.051691 0.10875 -0.992724 0 -0.0196752 0.993971 0.107862 0 0.998469 0.0139566 0.0535191 0 -3513.45 311.923 -964.186 1 2
0.051691 0.10875 -0.992724 0 -0.0196752 0.993971 0.107862 0 0.998469 0.0139566 0.0535191 0 -3513.45 311.923 -964.186 1 2
0.051691 0.10875 -0.992724 0 -0.0196752 0.993971 0.107862 0 0.998469 0.0139566 0.0535191 0 -3513.45 311.923 -964.186 1 2
0.051691 0.10875 -0.992724 0 -0.0196752 0.993971 0.107862 0 0.998469 0.0139566 0.0535191 0 -3513.45 311.923 -964.186 1 2
0.051691 0.10875 -0.992724 0 -0.0196752 0.993971 0.107862 0 0.998469 0.0139566 0.0535191 0 -3513.45 311.923 -964.186 1 2
0.051691 0.10875 -0.992724 0 -0.0196752 0.993971 0.107862 0 0.998469 0.0139566 0.0535191 0 -3513.45 311.923 -964.186 1 2
0.051691 0.10875 -0.992724 0 -0.0196752 0.993971 0.107862 0 0.998469 0.0139566 0.0535191 0 -3513.45 311.923 -964.186 1 2
0.051691 0.10875 -0.992724 0 -0.0196752 0.993971 0.107862 0 0.998469 0.0139566 0.0535191 0 -3513.45 311.923 -964.186 1 2
0.051691 0.10875 -0.992724 0 -0.0196752 0.993971 0.107862 0 0.998469 0.0139566 0.0535191 0 -3513.45 311.923 -964.186 1 2
0.051691 0.10875 -0.992724 0 -0.0196752 0.993971 0.107862 0 0.998469 0.0139566 0.0535191 0 -3513.45 311.923 -964.186 1 2
0.0473492 0.12735 -0.990727 0 -0.0251363 0.991677 0.126271 0 0.998562 0.0189243 0.0501563 0 -3511.88 311.95 -976.391 1 3
0.0442686 0.142397 -0.988819 0 -0.0285957 0.989565 0.141224 0 0.99861 0.0220242 0.0478786 0 -3512.19 310.168 -988.733 1 3
0.041808 0.155682 -0.986922 0 -0.0311017 0.98751 0.154457 0 0.998641 0.0242374 0.0461278 0 -3513.3 305.295 -999.7 1 3
0.0392626 0.16872 -0.984882 0 -0.0335097 0.98531 0.167457 0 0.998667 0.0264283 0.0443396 0 -3514.22 295.723 -1008.31 1 3
0.0370311 0.179614 -0.98304 0 -0.0354294 0.983332 0.178333 0 0.998686 0.0282247 0.0427775 0 -3515.67 283.708 -1014.99 1 3
0.0348594 0.18711 -0.98172 0 -0.0377742 0.981862 0.185796 0 0.998678 0.030607 0.0412951 0 -3517.58 268.114 -1019.71 1 3
0.0325898 0.192041 -0.980846 0 -0.0408589 0.980803 0.190675 0 0.998633 0.0338622 0.0398107 0 -3519.69 247.513 -1023.04 1 3
0.0304152 0.195322 -0.980268 0 -0.0444226 0.980016 0.193893 0 0.99855 0.0376487 0.038484 0 -3521.81 224.129 -1025.68 1 3
0.0284467 0.196987 -0.979993 0 -0.0481139 0.979523 0.195496 0 0.998437 0.04159 0.0373421 0 -3523.77 199.516 -1027.68 1 3
0.0266885 0.197903 -0.979858 0 -0.051987 0.979156 0.196345 0 0.998291 0.0456998 0.0364205 0 -3525.61 174.387 -1029.08 1 3
0.0249974 0.197866 -0.97991 0 -0.0557586 0.978967 0.196253 0 0.998131 0.0497326 0.0355043 0 -3527.75 148.662 -1029.63 1 3
0.0233162 0.19722 -0.980082 0 -0.0595051 0.978884 0.195563 0 0.997956 0.0537601 0.0345594 0 -3529.89 121.303 -1029.09 1 3
0.0214037 0.195523 -0.980466 0 -0.0634249 0.97898 0.193842 0 0.997757 0.058037 0.0333548 0 -3532.1 90.6155 -1026.71 1 3
0.0193386 0.193076 -0.980993 0 -0.06769 0.979178 0.191385 0 0.997519 0.0627023 0.0320053 0 -3534.55 56.9411 -1023.02 1 3
0.0174696 0.190129 -0.981604 0 -0.0710826 0.979506 0.188457 0 0.997317 0.0664827 0.0306265 0 -3537.22 26.2976 -1018.68 1 3
0.0155566 0.186929 -0.98225 0 -0.0735507 0.979922 0.185321 0 0.99717 0.0693622 0.0289931 0 -3540.12 -0.1782 -1013.35 1 3
0.013755 0.183776 -0.982872 0 -0.0746073 0.980414 0.182272 0 0.997118 0.0708223 0.0271966 0 -3543.95 -20.6089 -1007.12 1 3
0.0122455 0.179147 -0.983746 0 -0.0740923 0.981278 0.177775 0 0.997176 0.0707111 0.0252897 0 -3548.26 -36.5097 -1000.37 1 3
0.0107518 0.171987 -0.985041 0 -0.0722593 0.982656 0.170782 0 0.997328 0.0693421 0.022993 0 -3553.17 -50.5212 -992.078 1 3
0.00939298 0.16127 -0.986866 0 -0.0681465 0.984718 0.16027 0 0.997631 0.065746 0.0202394 0 -3559.24 -60.3458 -981.844 1 3
0.00804107 0.146626 -0.989159 0 -0.0614623 0.987393 0.145865 0 0.998077 0.0596231 0.0169517 0 -3566.35 -63.873 -969.82 1 3
0.00619455 0.131697 -0.991271 0 -0.0544809 0.989862 0.131169 0 0.998496 0.0531927 0.0133067 0 -3574.1 -60.3978 -956.123 1 3
0.00414445 0.117371 -0.99308 0 -0.0478022 0.991976 0.117041 0 0.998848 0.0469864 0.00972177 0 -3581.67 -52.166 -942.39 1 3
0.00162325 0.104749 -0.994497 0 -0.0414804 0.99365 0.104592 0 0.999138 0.0410824 0.00595799 0 -3589 -40.9865 -928.78 1 3
-0.000955915 0.094277 -0.995546 0 -0.0360059 0.994897 0.0942502 0 0.999351 0.0359356 0.00244349 0 -3595.84 -28.8017 -916.448 1 3
-0.00335753 0.0860397 -0.996286 0 -0.0316152 0.995785 0.0861029 0 0.999494 0.0317869 -0.000623211 0 -3601.99 -17.6795 -906.278 1 3
-0.00563217 0.0799788 -0.996781 0 -0.0279974 0.996393 0.0801059 0 0.999592 0.0283585 -0.00337265 0 -3607.58 -7.6068 -897.929 1 3
-0.00782307 0.0754749 -0.997117 0 -0.0250739 0.996819 0.0756491 0 0.999655 0.0255934 -0.00590574 0 -3612.57 1.09183 -890.949 1 3
-0.0100037 0.0723624 -0.997328 0 -0.0224963 0.997109 0.0725721 0 0.999697 0.0231622 -0.00834685 0 -3617.16 9.1899 -884.654 1 3
-0.011991 0.0700165 -0.997474 0 -0.0203661 0.997321 0.0702507 0 0.999721 0.021157 -0.0105329 0 -3621.24 16.0376 -879.505 1 3
-0.0136733 0.0681576 -0.997581 0 -0.0186171 0.997484 0.0684062 0 0.999733 0.0195074 -0.01237 0 -3624.85 21.6933 -875.349 1 3
-0.015254 0.0669246 -0.997641 0 -0.0171547 0.997593 0.0671837 0 0.999736 0.0181391 -0.0140693 0 -3628.03 26.5359 -871.82 1 3
-0.016731 0.0662051 -0.997666 0 -0.0158699 0.997662 0.066471 0 0.999734 0.016945 -0.0156413 0 -3630.91 30.669 -868.732 1 3
-0.0181399 0.0655841 -0.997682 0 -0.0149463 0.997717 0.0658582 0 0.999724 0.0161063 -0.0171182 0 -3633.47 33.6692 -866.093 1 3
-0.0194322 0.0651544 -0.997686 0 -0.0140671 0.997758 0.0654331 0 0.999712 0.015306 -0.0184721 0 -3635.73 36.537 -863.764 1 3
-0.0207928 0.0647438 -0.997685 0 -0.0135489 0.997791 0.065033 0 0.999692 0.0148698 -0.0198697 0 -3637.87 37.9756 -861.139 1 3
-0.021993 0.064429 -0.99768 0 -0.0131272 0.997817 0.0647272 0 0.999672 0.0145203 -0.0210992 0 -3639.74 39.12 -858.977 1 3
-0.0231411 0.0642403 -0.997666 0 -0.0127143 0.997834 0.0645461 0 0.999651 0.0141783 -0.0222742 0 -3641.51 40.2548 -857.036 1 3
-0.0242715 0.0640664 -0.99765 0 -0.0124363 0.997848 0.0643816 0 0.999628 0.0139697 -0.0234225 0 -3643.25 41.0408 -855.333 1 3
-0.0252221 0.0639994 -0.997631 0 -0.0120495 0.997857 0.0643185 0 0.999609 0.0136432 -0.0243969 0 -3644.85 42.2411 -854.127 1 3
-0.0260473 0.0639926 -0.99761 0 -0.0117603 0.99786 0.0643157 0 0.999592 0.0134074 -0.025239 0 -3646.33 43.1865 -853.501 1 3
-0.0271162 0.0645604 -0.997545 0 -0.0117214 0.997823 0.064897 0 0.999564 0.0134524 -0.0263004 0 -3648.61 43.5486 -852.241 1 3
-0.0274074 0.0655792 -0.997471 0 -0.0114574 0.99776 0.065913 0 0.999559 0.0132349 -0.0265947 0 -3651.21 45.29 -854.912 1 3
-0.0277201 0.0662156 -0.99742 0 -0.0110996 0.997722 0.0665441 0 0.999554 0.0129156 -0.026922 0 -3653.55 47.0107 -856.825 1 3
-0.0280706 0.0667322 -0.997376 0 -0.0106596 0.997692 0.0670534 0 0.999549 0.0125139 -0.0272945 0 -3655.57 48.6858 -858.266 1 3
-0.0285319 0.0670836 -0.997339 0 -0.0103264 0.997672 0.0674014 0 0.99954 0.012222 -0.0277728 0 -3657.44 49.8604 -859.089 1 3
-0.0290053 0.0674374 -0.997302 0 -0.00989281 0.997653 0.0677489 0 0.99953 0.0118312 -0.0282701 0 -3659.21 51.4292 -859.565 1 3
-0.0295088 0.0677065 -0.997269 0 -0.00956119 0.997639 0.0680145 0 0.999519 0.0115421 -0.0287917 0 -3660.76 52.7088 -859.728 1 3
-0.0299666 0.0679158 -0.997241 0 -0.00928701 0.997627 0.0682212 0 0.999508 0.0113057 -0.0292647 0 -3662.09 53.7301 -859.898 1 3
-0.0303995 0.068091 -0.997216 0 -0.0089773 0.997618 0.0683922 0 0.999498 0.0110314 -0.0297158 0 -3663.17 54.9063 -860.088 1 3
