0.484397 0 -0.874848 0 0 1 0 0 0.874848 0 0.484397 0 -4.78555 0 262.875 1 0
0.484397 0 -0.874848 0 0 1 0 0 0.874848 0 0.484397 0 -4.78555 0 262.875 1 0
0.484397 0 -0.874848 0 0 1 0 0 0.874848 0 0.484397 0 -4.78555 0 262.875 1 0
0.484397 0 -0.874848 0 0 1 0 0 0.874848 0 0.484397 0 -4.78555 0 262.875 1 0
0.484397 0 -0.874848 0 0 1 0 0 0.874848 0 0.484397 0 -4.78555 0 262.875 1 0
0.484397 0 -0.874848 0 0 1 0 0 0.874848 0 0.484397 0 -4.78555 0 262.875 1 0
0.484397 0 -0.874848 0 0 1 0 0 0.874848 0 0.484397 0 -4.78555 0 262.875 1 0
0.484397 0 -0.874848 0 0 1 0 0 0.874848 0 0.484397 0 -4.78555 0 262.875 1 0
0.484397 0 -0.874848 0 0 1 0 0 0.874848 0 0.484397 0 -4.78555 0 262.875 1 0
0.484397 0 -0.874848 0 0 1 0 0 0.874848 0 0.484397 0 -4.78555 0 262.875 1 0
0.484397 0 -0.874848 0 0 1 0 0 0.874848 0 0.484397 0 -4.78555 0 262.875 1 0
0.484397 0 -0.874848 0 0 1 0 0 0.874848 0 0.484397 0 -4.78555 0 262.875 1 0
0.484397 0 -0.874848 0 0 1 0 0 0.874848 0 0.484397 0 -4.78555 0 262.875 1 0
0.484397 0 -0.874848 0 0 1 0 0 0.874848 0 0.484397 0 -4.78555 0 262.875 1 0
0.484397 0 -0.874848 0 0 1 0 0 0.874848 0 0.484397 0 -4.78555 0 262.875 1 0
0.484397 0 -0.874848 0 0 1 0 0 0.874848 0 0.484397 0 -4.78555 0 262.875 1 0
0.484397 0 -0.874848 0 0 1 0 0 0.874848 0 0.484397 0 -4.78555 0 262.875 1 0
0.484397 0 -0.874848 0 0 1 0 0 0.874848 0 0.484397 0 -4.78555 0 262.875 1 0
0.484397 0 -0.874848 0 0 1 0 0 0.874848 0 0.484397 0 -4.78555 0 262.875 1 0
0.484397 0 -0.874848 0 0 1 0 0 0.874848 0 0.484397 0 -4.78555 0 262.875 1 0
0.484397 0 -0.874848 0 0 1 0 0 0.874848 0 0.484397 0 -4.78555 0 262.875 1 0
0.484397 0 -0.874848 0 0 1 0 0 0.874848 0 0.484397 0 -4.78555 0 262.875 1 0
0.484397 0 -0.874848 0 0 1 0 0 0.874848 0 0.484397 0 -4.78555 0 262.875 1 0
0.484397 0 -0.874848 0 0 1 0 0 0.874848 0 0.484397 0 -4.78555 0 262.875 1 0
0.484397 0 -0.874848 0 0 1 0 0 0.874848 0 0.484397 0 -4.78555 0 262.875 1 0
0.484397 0 -0.874848 0 0 1 0 0 0.874848 0 0.484397 0 -4.78555 0 262.875 1 0
0.484397 0 -0.874848 0 0 1 0 0 0.874848 0 0.484397 0 -4.78555 0 262.875 1 0
0.484397 0 -0.874848 0 0 1 0 0 0.874848 0 0.484397 0 -4.78555 0 262.875 1 0
0.484397 0 -0.874848 0 0 1 0 0 0.874848 0 0.484397 0 -4.78555 0 262.875 1 0
0.484397 0 -0.874848 0 0 1 0 0 0.874848 0 0.484397 0 -4.78555 0 262.875 1 0
0.484397 0 -0.874848 0 0 1 0 0 0.874848 0 0.484397 0 -4.78555 0 262.875 1 0
0.484397 0 -0.874848 0 0 1 0 0 0.874848 0 0.484397 0 -4.78555 0 262.875 1 0
0.484397 0 -0.874848 0 0 1 0 0 0.874848 0 0.484397 0 -4.78555 0 262.875 1 0
0.484397 0 -0.874848 0 0 1 0 0 0.874848 0 0.484397 0 -4.78555 0 262.875 1 0
0.484397 0 -0.874848 0 0 1 0 0 0.874848 0 0.484397 0 -4.78555 0 262.875 1 0
0.484397 0 -0.874848 0 0 1 0 0 0.874848 0 0.484397 0 -4.78555 0 262.875 1 0
0.484397 0 -0.874848 0 0 1 0 0 0.874848 0 0.484397 0 -4.78555 0 262.875 1 0
0.484397 0 -0.874848 0 0 1 0 0 0.874848 0 0.484397 0 -4.78555 0 262.875 1 0
0.484397 0 -0.874848 0 0 1 0 0 0.874848 0 0.484397 0 -4.78555 0 262.875 1 0
0.484397 0 -0.874848 0 0 1 0 0 0.874848 0 0.484397 0 -4.78555 0 262.875 1 0
0.484397 0 -0.874848 0 0 1 0 0 0.874848 0 0.484397 0 -4.78555 0 262.875 1 0
0.484397 0 -0.874848 0 0 1 0 0 0.874848 0 0.484397 0 -4.78555 0 262.875 1 0
0.484397 0 -0.874848 0 0 1 0 0 0.874848 0 0.484397 0 -4.78555 0 262.875 1 0
0.484397 0 -0.874848 0 0 1 0 0 0.874848 0 0.484397 0 -4.78555 0 262.875 1 0
0.484397 0 -0.874848 0 0 1 0 0 0.874848 0 0.484397 0 -4.78555 0 262.875 1 0
0.484397 0 -0.874848 0 0 1 0 0 0.874848 0 0.484397 0 -4.78555 0 262.875 1 0
0.484397 0 -0.874848 0 0 1 0 0 0.874848 0 0.484397 0 -4.78555 0 262.875 1 0
0.484397 0 -0.874848 0 0 1 0 0 0.874848 0 0.484397 0 -4.78555 0 262.875 1 0
0.484397 0 -0.874848 0 0 1 0 0 0.874848 0 0.484397 0 -4.78555 0 262.875 1 0
0.484397 0 -0.874848 0 0 1 0 0 0.874848 0 0.484397 0 -4.78555 0 262.875 1 0
0.484397 0 -0.874848 0 0 1 0 0 0.874848 0 0.484397 0 -4.78555 0 262.875 1 0
0.484397 0 -0.874848 0 0 1 0 0 0.874848 0 0.484397 0 -4.78555 0 262.875 1 0
0.484397 0 -0.874848 0 0 1 0 0 0.874848 0 0.484397 0 -4.78555 0 262.875 1 0
0.484397 0 -0.874848 0 0 1 0 0 0.874848 0 0.484397 0 -4.78555 0 262.875 1 0
0.484397 0 -0.874848 0 0 1 0 0 0.874848 0 0.484397 0 -4.78555 0 262.875 1 0
0.484397 0 -0.874848 0 0 1 0 0 0.874848 0 0.484397 0 -4.78555 0 262.875 1 0
0.484397 0 -0.874848 0 0 1 0 0 0.874848 0 0.484397 0 -4.78555 0 262.875 1 0
0.484397 0 -0.874848 0 0 1 0 0 0.874848 0 0.484397 0 -4.78555 0 262.875 1 0
0.484397 0 -0.874848 0 0 1 0 0 0.874848 0 0.484397 0 -4.78555 0 262.875 1 0
0.484397 0 -0.874848 0 0 1 0 0 0.874848 0 0.484397 0 -4.78555 0 262.875 1 0
0.484397 0 -0.874848 0 0 1 0 0 0.874848 0 0.484397 0 -4.78555 0 262.875 1 0
0.484397 0 -0.874848 0 0 1 0 0 0.874848 0 0.484397 0 -4.78555 0 262.875 1 0
0.484397 0 -0.874848 0 0 1 0 0 0.874848 0 0.484397 0 -4.78555 0 262.875 1 0
0.484397 0 -0.874848 0 0 1 0 0 0.874848 0 0.484397 0 -4.78555 0 262.875 1 0
0.484397 0 -0.874848 0 0 1 0 0 0.874848 0 0.484397 0 -4.78555 0 262.875 1 0
0.484397 0 -0.874848 0 0 1 0 0 0.874848 0 0.484397 0 -4.78555 0 262.875 1 0
0.484397 0 -0.874848 0 0 1 0 0 0.874848 0 0.484397 0 -4.78555 0 262.875 1 0
0.484397 0 -0.874848 0 0 1 0 0 0.874848 0 0.484397 0 -4.78555 0 262.875 1 0
0.484397 0 -0.874848 0 0 1 0 0 0.874848 0 0.484397 0 -4.78555 0 262.875 1 0
0.484397 0 -0.874848 0 0 1 0 0 0.874848 0 0.484397 0 -4.78555 0 262.875 1 0
0.484397 0 -0.874848 0 0 1 0 0 0.874848 0 0.484397 0 -4.78555 0 262.875 1 0
0.484397 0 -0.874848 0 0 1 0 0 0.874848 0 0.484397 0 -4.78555 0 262.875 1 0
0.484397 0 -0.874848 0 0 1 0 0 0.874848 0 0.484397 0 -4.78555 0 262.875 1 0
0.484397 0 -0.874848 0 0 1 0 0 0.874848 0 0.484397 0 -4.78555 0 262.875 1 0
0.484397 0 -0.874848 0 0 1 0 0 0.874848 0 0.484397 0 -4.78555 0 262.875 1 0
0.484397 0 -0.874848 0 0 1 0 0 0.874848 0 0.484397 0 -4.78555 0 262.875 1 0
0.484397 0 -0.874848 0 0 1 0 0 0.874848 0 0.484397 0 -4.78555 0 262.875 1 0
0.484397 0 -0.874848 0 0 1 0 0 0.874848 0 0.484397 0 -4.78555 0 262.875 1 0
0.484397 0 -0.874848 0 0 1 0 0 0.874848 0 0.484397 0 -4.78555 0 262.875 1 0
0.484397 0 -0.874848 0 0 1 0 0 0.874848 0 0.484397 0 -4.78555 0 262.875 1 0
0.484397 0 -0.874848 0 0 1 0 0 0.874848 0 0.484397 0 -4.78555 0 262.875 1 0
0.484397 0 -0.874848 0 0 1 0 0 0.874848 0 0.484397 0 -4.78555 0 262.875 1 0
0.484397 0 -0.874848 0 0 1 0 0 0.874848 0 0.484397 0 -4.78555 0 262.875 1 0
0.484397 0 -0.874848 0 0 1 0 0 0.874848 0 0.484397 0 -4.78555 0 262.875 1 0
0.484397 0 -0.874848 0 0 1 0 0 0.874848 0 0.484397 0 -4.78555 0 262.875 1 0
0.484397 0 -0.874848 0 0 1 0 0 0.874848 0 0.484397 0 -4.78555 0 262.875 1 0
0.484397 0 -0.874848 0 0 1 0 0 0.874848 0 0.484397 0 -4.78555 0 262.875 1 0
0.484397 0 -0.874848 0 0 1 0 0 0.874848 0 0.484397 0 -4.78555 0 262.875 1 0
0.484397 0 -0.874848 0 0 1 0 0 0.874848 0 0.484397 0 -4.78555 0 262.875 1 0
0.484397 0 -0.874848 0 0 1 0 0 0.874848 0 0.484397 0 -4.78555 0 262.875 1 0
0.484397 0 -0.874848 0 0 1 0 0 0.874848 0 0.484397 0 -4.78555 0 262.875 1 0
0.484397 0 -0.874848 0 0 1 0 0 0.874848 0 0.484397 0 -4.78555 0 262.875 1 0
0.484397 0 -0.874848 0 0 1 0 0 0.874848 0 0.484397 0 -4.78555 0 262.875 1 0
0.484397 0 -0.874848 0 0 1 0 0 0.874848 0 0.484397 0 -4.78555 0 262.875 1 0
0.484397 0 -0.874848 0 0 1 0 0 0.874848 0 0.484397 0 -4.78555 0 262.875 1 0
0.484397 0 -0.874848 0 0 1 0 0 0.874848 0 0.484397 0 -4.78555 0 262.875 1 0
0.484397 0 -0.874848 0 0 1 0 0 0.874848 0 0.484397 0 -4.78555 0 262.875 1 0
0.484397 0 -0.874848 0 0 1 0 0 0.874848 0 0.484397 0 -4.78555 0 262.875 1 0
0.484397 0 -0.874848 0 0 1 0 0 0.874848 0 0.484397 0 -4.78555 0 262.875 1 0
0.484397 0 -0.874848 0 0 1 0 0 0.874848 0 0.484397 0 -4.78555 0 262.875 1 0
0.484397 0 -0.874848 0 0 1 0 0 0.874848 0 0.484397 0 -4.78555 0 262.875 1 0
0.484397 0 -0.874848 0 0 1 0 0 0.874848 0 0.484397 0 -4.78555 0 262.875 1 0
0.484397 0 -0.874848 0 0 1 0 0 0.874848 0 0.484397 0 -4.78555 0 262.875 1 0
0.484397 0 -0.874848 0 0 1 0 0 0.874848 0 0.484397 0 -4.78555 0 262.875 1 0
0.484397 0 -0.874848 0 0 1 0 0 0.874848 0 0.484397 0 -4.78555 0 262.875 1 0
0.484397 0 -0.874848 0 0 1 0 0 0.874848 0 0.484397 0 -4.78555 0 262.875 1 0
0.484397 0 -0.874848 0 0 1 0 0 0.874848 0 0.484397 0 -4.78555 0 262.875 1 0
0.484397 0 -0.874848 0 0 1 0 0 0.874848 0 0.484397 0 -4.78555 0 262.875 1 0
0.484397 0 -0.874848 0 0 1 0 0 0.874848 0 0.484397 0 -4.78555 0 262.875 1 0
0.484397 0 -0.874848 0 0 1 0 0 0.874848 0 0.484397 0 -4.78555 0 262.875 1 0
0.484397 0 -0.874848 0 0 1 0 0 0.874848 0 0.484397 0 -4.78555 0 262.875 1 0
0.484397 0 -0.874848 0 0 1 0 0 0.874848 0 0.484397 0 -4.78555 0 262.875 1 0
0.484397 0 -0.874848 0 0 1 0 0 0.874848 0 0.484397 0 -4.78555 0 262.875 1 0
0.484397 0 -0.874848 0 0 1 0 0 0.874848 0 0.484397 0 -4.78555 0 262.875 1 0
0.484397 0 -0.874848 0 0 1 0 0 0.874848 0 0.484397 0 -4.78555 0 262.875 1 0
0.484397 0 -0.874848 0 0 1 0 0 0.874848 0 0.484397 0 -4.78555 0 262.875 1 0
0.484397 0 -0.874848 0 0 1 0 0 0.874848 0 0.484397 0 -4.78555 0 262.875 1 0
0.484397 0 -0.874848 0 0 1 0 0 0.874848 0 0.484397 0 -4.78555 0 262.875 1 0
0.484397 0 -0.874848 0 0 1 0 0 0.874848 0 0.484397 0 -4.78555 0 262.875 1 0
0.484397 0 -0.874848 0 0 1 0 0 0.874848 0 0.484397 0 -4.78555 0 262.875 1 0
0.484397 0 -0.874848 0 0 1 0 0 0.874848 0 0.484397 0 -4.78555 0 262.875 1 0
0.484397 0 -0.874848 0 0 1 0 0 0.874848 0 0.484397 0 -4.78555 0 262.875 1 0
0.484397 0 -0.874848 0 0 1 0 0 0.874848 0 0.484397 0 -4.78555 0 262.875 1 0
0.484397 0 -0.874848 0 0 1 0 0 0.874848 0 0.484397 0 -4.78555 0 262.875 1 0
0.484397 0 -0.874848 0 0 1 0 0 0.874848 0 0.484397 0 -4.78555 0 262.875 1 0
0.484397 0 -0.874848 0 0 1 0 0 0.874848 0 0.484397 0 -4.78555 0 262.875 1 0
0.251508 0.0833187 -0.964262 0 -0.00281588 0.996346 0.0853565 0 0.967851 -0.0187526 0.250824 0 85.9313 290.176 -419.707 1 1
0.246352 0.0775268 -0.966075 0 -0.0157219 0.996984 0.0759981 0 0.969053 -0.00353379 0.246828 0 122.661 294.74 -491.52 1 1
0.246796 0.0887193 -0.964998 0 -0.017263 0.996045 0.0871587 0 0.968914 -0.00485166 0.247352 0 125.761 290.717 -515.161 1 3
0.246906 0.101735 -0.963684 0 -0.0192049 0.994792 0.100099 0 0.968849 -0.00620751 0.247574 0 127.142 286.163 -536.696 1 3
0.246335 0.11625 -0.962188 0 -0.0220019 0.993195 0.114363 0 0.968935 -0.00700174 0.247217 0 127.991 280.449 -555.968 1 3
0.244928 0.131838 -0.960536 0 -0.0254605 0.991245 0.129561 0 0.969207 -0.00727738 0.24614 0 129.821 272.374 -573.587 1 3
0.243173 0.14577 -0.958967 0 -0.0291416 0.989295 0.14299 0 0.969545 -0.00682566 0.244818 0 131.198 263.022 -588.776 1 3
0.241241 0.156416 -0.957777 0 -0.0333677 0.987679 0.152895 0 0.969891 -0.00492571 0.243488 0 132.014 253.957 -601.266 1 3
0.239062 0.16473 -0.956929 0 -0.0387365 0.986338 0.160116 0 0.970231 -0.00120941 0.242177 0 132.489 245 -611.486 1 3
0.236858 0.17122 -0.956338 0 -0.0448276 0.985226 0.16529 0 0.97051 0.00372023 0.241034 0 132.7 236.678 -619.588 1 3
0.23479 0.175742 -0.956028 0 -0.0508513 0.984395 0.168468 0 0.970715 0.00906075 0.240063 0 132.624 228.286 -626.146 1 3
0.232933 0.179474 -0.955788 0 -0.0570224 0.983653 0.17081 0 0.970819 0.014714 0.23936 0 132.275 220.257 -631.334 1 3
0.23112 0.182087 -0.955734 0 -0.0634125 0.983061 0.171958 0 0.970856 0.0208625 0.238752 0 131.487 211.844 -635.37 1 3
0.229106 0.184101 -0.955833 0 -0.0698248 0.98253 0.172507 0 0.970894 0.0272186 0.237958 0 130.425 202.402 -638.451 1 3
0.226897 0.185013 -0.956184 0 -0.0763921 0.982146 0.171909 0 0.970918 0.0340393 0.236979 0 129.157 190.838 -640.468 1 3
0.22439 0.185059 -0.956767 0 -0.0833119 0.981852 0.170372 0 0.970932 0.0414802 0.235735 0 127.656 177.451 -641.695 1 3
0.221811 0.18434 -0.957506 0 -0.0892805 0.981682 0.168312 0 0.970994 0.0481531 0.234206 0 125.854 163.708 -642.644 1 3
0.219097 0.182638 -0.958457 0 -0.0936871 0.981724 0.165655 0 0.971195 0.0535004 0.232204 0 123.671 150.075 -643.499 1 3
0.216562 0.179949 -0.959541 0 -0.0959573 0.98203 0.16251 0 0.971542 0.0568816 0.229937 0 120.647 136.579 -644.124 1 3
0.214339 0.174689 -0.961011 0 -0.0958399 0.982891 0.157291 0 0.972046 0.0583897 0.227414 0 117.346 121.757 -644.679 1 3
0.211991 0.16582 -0.963101 0 -0.0936475 0.984412 0.148876 0 0.972774 0.0586317 0.224215 0 113.56 104.973 -645.174 1 3
0.209601 0.151319 -0.966007 0 -0.0883403 0.986843 0.135415 0 0.973788 0.0569543 0.220211 0 108.929 84.535 -645.414 1 3
0.207115 0.130286 -0.969602 0 -0.0794311 0.99006 0.116068 0 0.975087 0.0529772 0.215405 0 103.581 60.5694 -645.482 1 3
0.203794 0.108129 -0.973024 0 -0.0695437 0.99297 0.0957801 0 0.976541 0.0481483 0.209881 0 97.5657 42.2669 -645.369 1 3
0.199798 0.0864314 -0.976018 0 -0.0598682 0.995318 0.075885 0 0.978006 0.0432708 0.204037 0 91.3557 29.1947 -645.448 1 3
0.195452 0.066745 -0.978439 0 -0.0509935 0.997023 0.0578263 0 0.979387 0.0385918 0.198274 0 85.324 20.4018 -645.986 1 3
0.191043 0.0502675 -0.980294 0 -0.043096 0.998154 0.0427846 0 0.980635 0.034073 0.192856 0 79.5581 14.6306 -646.99 1 3
0.187065 0.0371756 -0.981644 0 -0.0363944 0.99886 0.0308922 0 0.981673 0.0299475 0.188205 0 74.2032 10.9791 -648.332 1 3
0.183305 0.0269236 -0.982687 0 -0.0308133 0.999291 0.0216308 0 0.982573 0.0263148 0.184004 0 69.2623 8.68757 -649.815 1 3
0.179854 0.0190285 -0.983509 0 -0.0263084 0.999548 0.0145278 0 0.983342 0.0232616 0.180273 0 64.7391 7.24704 -651.689 1 3
0.176606 0.0131479 -0.984194 0 -0.0225923 0.999701 0.00930104 0 0.984022 0.0205925 0.17685 0 60.5054 6.24163 -653.774 1 3
0.173758 0.00859655 -0.984751 0 -0.0196092 0.999794 0.00526786 0 0.984593 0.0183949 0.17389 0 56.6283 5.43479 -655.955 1 3
0.171191 0.0052354 -0.985224 0 -0.017099 0.999851 0.00234204 0 0.98509 0.0164454 0.171255 0 53.0132 4.75917 -658.202 1 3
0.168948 0.0026322 -0.985621 0 -0.0150088 0.999887 9.75923e-05 0 0.985511 0.0147765 0.168968 0 49.6882 4.21938 -660.464 1 3
0.166927 0.000795937 -0.985969 0 -0.0133209 0.99991 -0.00144806 0 0.985879 0.0133757 0.166922 0 46.5979 3.73755 -662.778 1 3
0.165164 -0.000680275 -0.986266 0 -0.0120017 0.999924 -0.00269954 0 0.986193 0.0122827 0.165143 0 43.7389 3.37521 -665.078 1 3
0.163447 -0.00175849 -0.986551 0 -0.0108718 0.999934 -0.00358352 0 0.986492 0.0113113 0.163417 0 41.1867 3.06185 -667.475 1 3
0.161622 -0.00246506 -0.98685 0 -0.0101298 0.99994 -0.00415678 0 0.986801 0.0106684 0.161588 0 38.772 2.85981 -669.994 1 3
0.160035 -0.00291128 -0.987107 0 -0.00947758 0.999945 -0.0044857 0 0.987066 0.0100733 0.159999 0 36.552 2.62333 -672.411 1 3
0.158501 -0.00330667 -0.987353 0 -0.00890122 0.999949 -0.00477777 0 0.987319 0.00954593 0.158463 0 34.4648 2.38513 -674.838 1 3
0.157098 -0.0036521 -0.987576 0 -0.00849229 0.999951 -0.00504876 0 0.987547 0.00917994 0.157059 0 32.4822 2.1629 -677.236 1 3
0.155936 -0.00398362 -0.987759 0 -0.00790343 0.999955 -0.0052805 0 0.987736 0.0086301 0.155897 0 30.6096 1.92987 -679.525 1 3
0.15494 -0.00415289 -0.987915 0 -0.00734794 0.999959 -0.00535594 0 0.987897 0.00808899 0.154903 0 28.8486 1.68962 -681.788 1 3
0.153865 -0.0038279 -0.988085 0 -0.00711937 0.999962 -0.00498255 0 0.988066 0.00780118 0.153832 0 26.6755 1.78733 -684.234 1 3
0.15362 -0.00318544 -0.988125 0 -0.0067487 0.999968 -0.00427282 0 0.988107 0.00732495 0.153593 0 24.2886 1.91013 -686.72 1 3
0.153141 -0.00271169 -0.988201 0 -0.00634727 0.999973 -0.00372763 0 0.988184 0.00684323 0.15312 0 22.0702 1.91311 -689.169 1 3
0.152565 -0.00237623 -0.988291 0 -0.00596178 0.999977 -0.00332467 0 0.988275 0.0063992 0.152547 0 20.1398 1.83091 -691.482 1 3
0.151892 -0.00218655 -0.988395 0 -0.00563207 0.999979 -0.00307769 0 0.988381 0.00603418 0.151877 0 18.4162 1.70209 -693.762 1 3
0.151228 -0.00200389 -0.988497 0 -0.00524844 0.999982 -0.00283013 0 0.988485 0.00561606 0.151215 0 16.8422 1.58466 -695.847 1 3
0.150585 -0.0019412 -0.988595 0 -0.00488061 0.999984 -0.00270699 0 0.988585 0.00523258 0.150573 0 15.4665 1.46017 -697.693 1 3
0.15008 -0.00189956 -0.988672 0 -0.00457937 0.999986 -0.00261644 0 0.988663 0.00492017 0.150069 0 14.2668 1.34307 -699.404 1 3
0.149617 -0.00193014 -0.988742 0 -0.00427096 0.999988 -0.00259838 0 0.988735 0.00461164 0.149607 0 13.269 1.225 -701.006 1 3
