0.615854 0 0.78786 0 0 1 0 0 -0.78786 0 0.615854 0 -543.802 0 249.808 1 0
0.615854 0 0.78786 0 0 1 0 0 -0.78786 0 0.615854 0 -543.802 0 249.808 1 0
0.615854 0 0.78786 0 0 1 0 0 -0.78786 0 0.615854 0 -543.802 0 249.808 1 0
0.615854 0 0.78786 0 0 1 0 0 -0.78786 0 0.615854 0 -543.802 0 249.808 1 0
0.615854 0 0.78786 0 0 1 0 0 -0.78786 0 0.615854 0 -543.802 0 249.808 1 0
0.615854 0 0.78786 0 0 1 0 0 -0.78786 0 0.615854 0 -543.802 0 249.808 1 0
0.615854 0 0.78786 0 0 1 0 0 -0.78786 0 0.615854 0 -543.802 0 249.808 1 0
0.615854 0 0.78786 0 0 1 0 0 -0.78786 0 0.615854 0 -543.802 0 249.808 1 0
0.615854 0 0.78786 0 0 1 0 0 -0.78786 0 0.615854 0 -543.802 0 249.808 1 0
0.615854 0 0.78786 0 0 1 0 0 -0.78786 0 0.615854 0 -543.802 0 249.808 1 0
0.617111 -0.0184555 0.78666 0 0.0156211 0.999815 0.0112019 0 -0.786721 0.00537565 0.617285 0 -441.709 0.524711 382.996 1 1
0.622846 -0.0165088 0.782171 0 0.011006 0.999863 0.0123395 0 -0.782267 0.000922975 0.622942 0 -420.786 -1.1667 429.128 1 1
0.622846 -0.0165088 0.782171 0 0.011006 0.999863 0.0123395 0 -0.782267 0.000922975 0.622942 0 -420.786 -1.1667 429.128 1 2
0.622846 -0.0165088 0.782171 0 0.011006 0.999863 0.0123395 0 -0.782267 0.000922975 0.622942 0 -420.786 -1.1667 429.128 1 2
0.622846 -0.0165088 0.782171 0 0.011006 0.999863 0.0123395 0 -0.782267 0.000922975 0.622942 0 -420.786 -1.1667 429.128 1 2
0.622846 -0.0165088 0.782171 0 0.011006 0.999863 0.0123395 0 -0.782267 0.000922975 0.622942 0 -420.786 -1.1667 429.128 1 2
0.622846 -0.0165088 0.782171 0 0.011006 0.999863 0.0123395 0 -0.782267 0.000922975 0.622942 0 -420.786 -1.1667 429.128 1 2
0.622846 -0.0165088 0.782171 0 0.011006 0.999863 0.0123395 0 -0.782267 0.000922975 0.622942 0 -420.786 -1.1667 429.128 1 2
0.622846 -0.0165088 0.782171 0 0.011006 0.999863 0.0123395 0 -0.782267 0.000922975 0.622942 0 -420.786 -1.1667 429.128 1 2
0.622846 -0.0165088 0.782171 0 0.011006 0.999863 0.0123395 0 -0.782267 0.000922975 0.622942 0 -420.786 -1.1667 429.128 1 2
0.622846 -0.0165088 0.782171 0 0.011006 0.999863 0.0123395 0 -0.782267 0.000922975 0.622942 0 -420.786 -1.1667 429.128 1 2
0.622846 -0.0165088 0.782171 0 0.011006 0.999863 0.0123395 0 -0.782267 0.000922975 0.622942 0 -420.786 -1.1667 429.128 1 2
0.622846 -0.0165088 0.782171 0 0.011006 0.999863 0.0123395 0 -0.782267 0.000922975 0.622942 0 -420.786 -1.1667 429.128 1 2
0.622846 -0.0165088 0.782171 0 0.011006 0.999863 0.0123395 0 -0.782267 0.000922975 0.622942 0 -420.786 -1.1667 429.128 1 2
0.622846 -0.0165088 0.782171 0 0.011006 0.999863 0.0123395 0 -0.782267 0.000922975 0.622942 0 -420.786 -1.1667 429.128 1 2
0.622846 -0.0165088 0.782171 0 0.011006 0.999863 0.0123395 0 -0.782267 0.000922975 0.622942 0 -420.786 -1.1667 429.128 1 2
0.622846 -0.0165088 0.782171 0 0.011006 0.999863 0.0123395 0 -0.782267 0.000922975 0.622942 0 -420.786 -1.1667 429.128 1 2
0.622846 -0.0165088 0.782171 0 0.011006 0.999863 0.0123395 0 -0.782267 0.000922975 0.622942 0 -420.786 -1.1667 429.128 1 2
0.622846 -0.0165088 0.782171 0 0.011006 0.999863 0.0123395 0 -0.782267 0.000922975 0.622942 0 -420.786 -1.1667 429.128 1 2
0.622846 -0.0165088 0.782171 0 0.011006 0.999863 0.0123395 0 -0.782267 0.000922975 0.622942 0 -420.786 -1.1667 429.128 1 2
0.622846 -0.0165088 0.782171 0 0.011006 0.999863 0.0123395 0 -0.782267 0.000922975 0.622942 0 -420.786 -1.1667 429.128 1 2
0.622846 -0.0165088 0.782171 0 0.011006 0.999863 0.0123395 0 -0.782267 0.000922975 0.622942 0 -420.786 -1.1667 429.128 1 2
0.622846 -0.0165088 0.782171 0 0.011006 0.999863 0.0123395 0 -0.782267 0.000922975 0.622942 0 -420.786 -1.1667 429.128 1 2
0.622846 -0.0165088 0.782171 0 0.011006 0.999863 0.0123395 0 -0.782267 0.000922975 0.622942 0 -420.786 -1.1667 429.128 1 2
0.622846 -0.0165088 0.782171 0 0.011006 0.999863 0.0123395 0 -0.782267 0.000922975 0.622942 0 -420.786 -1.1667 429.128 1 2
0.622846 -0.0165088 0.782171 0 0.011006 0.999863 0.0123395 0 -0.782267 0.000922975 0.622942 0 -420.786 -1.1667 429.128 1 2
0.622846 -0.0165088 0.782171 0 0.011006 0.999863 0.0123395 0 -0.782267 0.000922975 0.622942 0 -420.786 -1.1667 429.128 1 2
0.622846 -0.0165088 0.782171 0 0.011006 0.999863 0.0123395 0 -0.782267 0.000922975 0.622942 0 -420.786 -1.1667 429.128 1 2
0.622846 -0.0165088 0.782171 0 0.011006 0.999863 0.0123395 0 -0.782267 0.000922975 0.622942 0 -420.786 -1.1667 429.128 1 2
0.622846 -0.0165088 0.782171 0 0.011006 0.999863 0.0123395 0 -0.782267 0.000922975 0.622942 0 -420.786 -1.1667 429.128 1 2
0.622846 -0.0165088 0.782171 0 0.011006 0.999863 0.0123395 0 -0.782267 0.000922975 0.622942 0 -420.786 -1.1667 429.128 1 2
0.622846 -0.0165088 0.782171 0 0.011006 0.999863 0.0123395 0 -0.782267 0.000922975 0.622942 0 -420.786 -1.1667 429.128 1 2
0.622846 -0.0165088 0.782171 0 0.011006 0.999863 0.0123395 0 -0.782267 0.000922975 0.622942 0 -420.786 -1.1667 429.128 1 2
0.622846 -0.0165088 0.782171 0 0.011006 0.999863 0.0123395 0 -0.782267 0.000922975 0.622942 0 -420.786 -1.1667 429.128 1 2
0.622846 -0.0165088 0.782171 0 0.011006 0.999863 0.0123395 0 -0.782267 0.000922975 0.622942 0 -420.786 -1.1667 429.128 1 2
0.622846 -0.0165088 0.782171 0 0.011006 0.999863 0.0123395 0 -0.782267 0.000922975 0.622942 0 -420.786 -1.1667 429.128 1 2
0.622846 -0.0165088 0.782171 0 0.011006 0.999863 0.0123395 0 -0.782267 0.000922975 0.622942 0 -420.786 -1.1667 429.128 1 2
0.622846 -0.0165088 0.782171 0 0.011006 0.999863 0.0123395 0 -0.782267 0.000922975 0.622942 0 -420.786 -1.1667 429.128 1 2
0.622846 -0.0165088 0.782171 0 0.011006 0.999863 0.0123395 0 -0.782267 0.000922975 0.622942 0 -420.786 -1.1667 429.128 1 2
0.622846 -0.0165088 0.782171 0 0.011006 0.999863 0.0123395 0 -0.782267 0.000922975 0.622942 0 -420.786 -1.1667 429.128 1 2
0.622846 -0.0165088 0.782171 0 0.011006 0.999863 0.0123395 0 -0.782267 0.000922975 0.622942 0 -420.786 -1.1667 429.128 1 2
0.622846 -0.0165088 0.782171 0 0.011006 0.999863 0.0123395 0 -0.782267 0.000922975 0.622942 0 -420.786 -1.1667 429.128 1 2
0.622846 -0.0165088 0.782171 0 0.011006 0.999863 0.0123395 0 -0.782267 0.000922975 0.622942 0 -420.786 -1.1667 429.128 1 2
0.622846 -0.0165088 0.782171 0 0.011006 0.999863 0.0123395 0 -0.782267 0.000922975 0.622942 0 -420.786 -1.1667 429.128 1 2
0.622846 -0.0165088 0.782171 0 0.011006 0.999863 0.0123395 0 -0.782267 0.000922975 0.622942 0 -420.786 -1.1667 429.128 1 2
0.622846 -0.0165088 0.782171 0 0.011006 0.999863 0.0123395 0 -0.782267 0.000922975 0.622942 0 -420.786 -1.1667 429.128 1 2
0.622846 -0.0165088 0.782171 0 0.011006 0.999863 0.0123395 0 -0.782267 0.000922975 0.622942 0 -420.786 -1.1667 429.128 1 2
0.622846 -0.0165088 0.782171 0 0.011006 0.999863 0.0123395 0 -0.782267 0.000922975 0.622942 0 -420.786 -1.1667 429.128 1 2
0.622846 -0.0165088 0.782171 0 0.011006 0.999863 0.0123395 0 -0.782267 0.000922975 0.622942 0 -420.786 -1.1667 429.128 1 2
0.622846 -0.0165088 0.782171 0 0.011006 0.999863 0.0123395 0 -0.782267 0.000922975 0.622942 0 -420.786 -1.1667 429.128 1 2
0.622846 -0.0165088 0.782171 0 0.011006 0.999863 0.0123395 0 -0.782267 0.000922975 0.622942 0 -420.786 -1.1667 429.128 1 2
0.622846 -0.0165088 0.782171 0 0.011006 0.999863 0.0123395 0 -0.782267 0.000922975 0.622942 0 -420.786 -1.1667 429.128 1 2
0.622846 -0.0165088 0.782171 0 0.011006 0.999863 0.0123395 0 -0.782267 0.000922975 0.622942 0 -420.786 -1.1667 429.128 1 2
0.622846 -0.0165088 0.782171 0 0.011006 0.999863 0.0123395 0 -0.782267 0.000922975 0.622942 0 -420.786 -1.1667 429.128 1 2
0.622846 -0.0165088 0.782171 0 0.011006 0.999863 0.0123395 0 -0.782267 0.000922975 0.622942 0 -420.786 -1.1667 429.128 1 2
0.622846 -0.0165088 0.782171 0 0.011006 0.999863 0.0123395 0 -0.782267 0.000922975 0.622942 0 -420.786 -1.1667 429.128 1 2
0.622846 -0.0165088 0.782171 0 0.011006 0.999863 0.0123395 0 -0.782267 0.000922975 0.622942 0 -420.786 -1.1667 429.128 1 2
0.622846 -0.0165088 0.782171 0 0.011006 0.999863 0.0123395 0 -0.782267 0.000922975 0.622942 0 -420.786 -1.1667 429.128 1 2
0.622846 -0.0165088 0.782171 0 0.011006 0.999863 0.0123395 0 -0.782267 0.000922975 0.622942 0 -420.786 -1.1667 429.128 1 2
0.622846 -0.0165088 0.782171 0 0.011006 0.999863 0.0123395 0 -0.782267 0.000922975 0.622942 0 -420.786 -1.1667 429.128 1 2
0.622846 -0.0165088 0.782171 0 0.011006 0.999863 0.0123395 0 -0.782267 0.000922975 0.622942 0 -420.786 -1.1667 429.128 1 2
0.622846 -0.0165088 0.782171 0 0.011006 0.999863 0.0123395 0 -0.782267 0.000922975 0.622942 0 -420.786 -1.1667 429.128 1 2
0.622846 -0.0165088 0.782171 0 0.011006 0.999863 0.0123395 0 -0.782267 0.000922975 0.622942 0 -420.786 -1.1667 429.128 1 2
0.622846 -0.0165088 0.782171 0 0.011006 0.999863 0.0123395 0 -0.782267 0.000922975 0.622942 0 -420.786 -1.1667 429.128 1 2
0.622846 -0.0165088 0.782171 0 0.011006 0.999863 0.0123395 0 -0.782267 0.000922975 0.622942 0 -420.786 -1.1667 429.128 1 2
0.622846 -0.0165088 0.782171 0 0.011006 0.999863 0.0123395 0 -0.782267 0.000922975 0.622942 0 -420.786 -1.1667 429.128 1 2
0.622846 -0.0165088 0.782171 0 0.011006 0.999863 0.0123395 0 -0.782267 0.000922975 0.622942 0 -420.786 -1.1667 429.128 1 2
0.622846 -0.0165088 0.782171 0 0.011006 0.999863 0.0123395 0 -0.782267 0.000922975 0.622942 0 -420.786 -1.1667 429.128 1 2
0.622846 -0.0165088 0.782171 0 0.011006 0.999863 0.0123395 0 -0.782267 0.000922975 0.622942 0 -420.786 -1.1667 429.128 1 2
0.622846 -0.0165088 0.782171 0 0.011006 0.999863 0.0123395 0 -0.782267 0.000922975 0.622942 0 -420.786 -1.1667 429.128 1 2
0.622846 -0.0165088 0.782171 0 0.011006 0.999863 0.0123395 0 -0.782267 0.000922975 0.622942 0 -420.786 -1.1667 429.128 1 2
0.622846 -0.0165088 0.782171 0 0.011006 0.999863 0.0123395 0 -0.782267 0.000922975 0.622942 0 -420.786 -1.1667 429.128 1 2
0.622846 -0.0165088 0.782171 0 0.011006 0.999863 0.0123395 0 -0.782267 0.000922975 0.622942 0 -420.786 -1.1667 429.128 1 2
0.622846 -0.0165088 0.782171 0 0.011006 0.999863 0.0123395 0 -0.782267 0.000922975 0.622942 0 -420.786 -1.1667 429.128 1 2
0.622846 -0.0165088 0.782171 0 0.011006 0.999863 0.0123395 0 -0.782267 0.000922975 0.622942 0 -420.786 -1.1667 429.128 1 2
0.622846 -0.0165088 0.782171 0 0.011006 0.999863 0.0123395 0 -0.782267 0.000922975 0.622942 0 -420.786 -1.1667 429.128 1 2
0.622846 -0.0165088 0.782171 0 0.011006 0.999863 0.0123395 0 -0.782267 0.000922975 0.622942 0 -420.786 -1.1667 429.128 1 2
0.622846 -0.0165088 0.782171 0 0.011006 0.999863 0.0123395 0 -0.782267 0.000922975 0.622942 0 -420.786 -1.1667 429.128 1 2
0.622846 -0.0165088 0.782171 0 0.011006 0.999863 0.0123395 0 -0.782267 0.000922975 0.622942 0 -420.786 -1.1667 429.128 1 2
0.622846 -0.0165088 0.782171 0 0.011006 0.999863 0.0123395 0 -0.782267 0.000922975 0.622942 0 -420.786 -1.1667 429.128 1 2
0.622846 -0.0165088 0.782171 0 0.011006 0.999863 0.0123395 0 -0.782267 0.000922975 0.622942 0 -420.786 -1.1667 429.128 1 2
0.622846 -0.0165088 0.782171 0 0.011006 0.999863 0.0123395 0 -0.782267 0.000922975 0.622942 0 -420.786 -1.1667 429.128 1 2
0.622846 -0.0165088 0.782171 0 0.011006 0.999863 0.0123395 0 -0.782267 0.000922975 0.622942 0 -420.786 -1.1667 429.128 1 2
0.622846 -0.0165088 0.782171 0 0.011006 0.999863 0.0123395 0 -0.782267 0.000922975 0.622942 0 -420.786 -1.1667 429.128 1 2
0.622846 -0.0165088 0.782171 0 0.011006 0.999863 0.0123395 0 -0.782267 0.000922975 0.622942 0 -420.786 -1.1667 429.128 1 2
0.622846 -0.0165088 0.782171 0 0.011006 0.999863 0.0123395 0 -0.782267 0.000922975 0.622942 0 -420.786 -1.1667 429.128 1 2
0.622846 -0.0165088 0.782171 0 0.011006 0.999863 0.0123395 0 -0.782267 0.000922975 0.622942 0 -420.786 -1.1667 429.128 1 2
0.622846 -0.0165088 0.782171 0 0.011006 0.999863 0.0123395 0 -0.782267 0.000922975 0.622942 0 -420.786 -1.1667 429.128 1 2
0.622846 -0.0165088 0.782171 0 0.011006 0.999863 0.0123395 0 -0.782267 0.000922975 0.622942 0 -420.786 -1.1667 429.128 1 2
0.622846 -0.0165088 0.782171 0 0.011006 0.999863 0.0123395 0 -0.782267 0.000922975 0.622942 0 -420.786 -1.1667 429.128 1 2
0.622846 -0.0165088 0.782171 0 0.011006 0.999863 0.0123395 0 -0.782267 0.000922975 0.622942 0 -420.786 -1.1667 429.128 1 2
0.622846 -0.0165088 0.782171 0 0.011006 0.999863 0.0123395 0 -0.782267 0.000922975 0.622942 0 -420.786 -1.1667 429.128 1 2
0.622846 -0.0165088 0.782171 0 0.011006 0.999863 0.0123395 0 -0.782267 0.000922975 0.622942 0 -420.786 -1.1667 429.128 1 2
0.622846 -0.0165088 0.782171 0 0.011006 0.999863 0.0123395 0 -0.782267 0.000922975 0.622942 0 -420.786 -1.1667 429.128 1 2
0.622846 -0.0165088 0.782171 0 0.011006 0.999863 0.0123395 0 -0.782267 0.000922975 0.622942 0 -420.786 -1.1667 429.128 1 2
0.622846 -0.0165088 0.782171 0 0.011006 0.999863 0.0123395 0 -0.782267 0.000922975 0.622942 0 -420.786 -1.1667 429.128 1 2
0.622846 -0.0165088 0.782171 0 0.011006 0.999863 0.0123395 0 -0.782267 0.000922975 0.622942 0 -420.786 -1.1667 429.128 1 2
0.622846 -0.0165088 0.782171 0 0.011006 0.999863 0.0123395 0 -0.782267 0.000922975 0.622942 0 -420.786 -1.1667 429.128 1 2
0.622846 -0.0165088 0.782171 0 0.011006 0.999863 0.0123395 0 -0.782267 0.000922975 0.622942 0 -420.786 -1.1667 429.128 1 2
0.622846 -0.0165088 0.782171 0 0.011006 0.999863 0.0123395 0 -0.782267 0.000922975 0.622942 0 -420.786 -1.1667 429.128 1 2
0.622846 -0.0165088 0.782171 0 0.011006 0.999863 0.0123395 0 -0.782267 0.000922975 0.622942 0 -420.786 -1.1667 429.128 1 2
0.622846 -0.0165088 0.782171 0 0.011006 0.999863 0.0123395 0 -0.782267 0.000922975 0.622942 0 -420.786 -1.1667 429.128 1 2
0.622846 -0.0165088 0.782171 0 0.011006 0.999863 0.0123395 0 -0.782267 0.000922975 0.622942 0 -420.786 -1.1667 429.128 1 2
0.622846 -0.0165088 0.782171 0 0.011006 0.999863 0.0123395 0 -0.782267 0.000922975 0.622942 0 -420.786 -1.1667 429.128 1 2
0.622846 -0.0165088 0.782171 0 0.011006 0.999863 0.0123395 0 -0.782267 0.000922975 0.622942 0 -420.786 -1.1667 429.128 1 2
0.622846 -0.0165088 0.782171 0 0.011006 0.999863 0.0123395 0 -0.782267 0.000922975 0.622942 0 -420.786 -1.1667 429.128 1 2
0.622846 -0.0165088 0.782171 0 0.011006 0.999863 0.0123395 0 -0.782267 0.000922975 0.622942 0 -420.786 -1.1667 429.128 1 2
0.622846 -0.0165088 0.782171 0 0.011006 0.999863 0.0123395 0 -0.782267 0.000922975 0.622942 0 -420.786 -1.1667 429.128 1 2
0.622846 -0.0165088 0.782171 0 0.011006 0.999863 0.0123395 0 -0.782267 0.000922975 0.622942 0 -420.786 -1.1667 429.128 1 2
0.622846 -0.0165088 0.782171 0 0.011006 0.999863 0.0123395 0 -0.782267 0.000922975 0.622942 0 -420.786 -1.1667 429.128 1 2
0.622846 -0.0165088 0.782171 0 0.011006 0.999863 0.0123395 0 -0.782267 0.000922975 0.622942 0 -420.786 -1.1667 429.128 1 2
0.622846 -0.0165088 0.782171 0 0.011006 0.999863 0.0123395 0 -0.782267 0.000922975 0.622942 0 -420.786 -1.1667 429.128 1 2
0.622846 -0.0165088 0.782171 0 0.011006 0.999863 0.0123395 0 -0.782267 0.000922975 0.622942 0 -420.786 -1.1667 429.128 1 2
0.622846 -0.0165088 0.782171 0 0.011006 0.999863 0.0123395 0 -0.782267 0.000922975 0.622942 0 -420.786 -1.1667 429.128 1 2
0.622846 -0.0165088 0.782171 0 0.011006 0.999863 0.0123395 0 -0.782267 0.000922975 0.622942 0 -420.786 -1.1667 429.128 1 2
0.622846 -0.0165088 0.782171 0 0.011006 0.999863 0.0123395 0 -0.782267 0.000922975 0.622942 0 -420.786 -1.1667 429.128 1 2
0.622846 -0.0165088 0.782171 0 0.011006 0.999863 0.0123395 0 -0.782267 0.000922975 0.622942 0 -420.786 -1.1667 429.128 1 2
0.622846 -0.0165088 0.782171 0 0.011006 0.999863 0.0123395 0 -0.782267 0.000922975 0.622942 0 -420.786 -1.1667 429.128 1 2
0.622662 -0.0180753 0.782282 0 0.0116331 0.999837 0.0138427 0 -0.782405 0.00048105 0.62277 0 -421.331 -2.49041 429.236 1 3
0.622017 -0.0191834 0.782769 0 0.0122985 0.999816 0.0147298 0 -0.782908 0.000464729 0.622138 0 -420.816 -2.92147 429.689 1 3
0.621681 -0.0195541 0.783027 0 0.0122896 0.999809 0.0152104 0 -0.783174 0.000167032 0.621802 0 -420.202 -3.39609 429.949 1 3
0.62231 -0.0185797 0.78255 0 0.0105512 0.999827 0.0153477 0 -0.7827 -0.00129422 0.622398 0 -421.088 -4.31844 430.59 1 3
0.622658 -0.0175992 0.782296 0 0.00891586 0.999842 0.0153968 0 -0.782443 -0.00261212 0.622716 0 -421.597 -5.11949 430.874 1 3
0.622976 -0.0164539 0.782068 0 0.00723101 0.999857 0.015276 0 -0.782208 -0.00386142 0.623006 0 -421.709 -5.80207 431.117 1 3
0.623246 -0.015205 0.781878 0 0.00555767 0.999872 0.0150142 0 -0.782006 -0.00501212 0.623251 0 -421.528 -6.45866 431.292 1 3
0.62339 -0.0140619 0.781785 0 0.00394042 0.999882 0.0148427 0 -0.781901 -0.00617222 0.623372 0 -421.161 -7.11303 431.359 1 3
0.62363 -0.0131869 0.781608 0 0.0023267 0.999885 0.0150132 0 -0.781716 -0.00754409 0.623589 0 -420.831 -7.74676 431.495 1 3
0.62376 -0.0122482 0.78152 0 0.000655584 0.999885 0.0151473 0 -0.781616 -0.00893592 0.623696 0 -420.474 -8.40543 431.438 1 3
0.62383 -0.011075 0.781482 0 -0.00102448 0.999887 0.014988 0 -0.78156 -0.0101506 0.623748 0 -420.068 -9.03269 431.458 1 3
0.623957 -0.00991647 0.781395 0 -0.00283067 0.999884 0.0149496 0 -0.781453 -0.0115398 0.623857 0 -419.456 -9.83837 431.555 1 3
0.624158 -0.00859569 0.781251 0 -0.00475148 0.999879 0.0147972 0 -0.781284 -0.0129479 0.624042 0 -418.787 -10.6938 431.688 1 3
0.624408 -0.00724742 0.781065 0 -0.00679829 0.999869 0.0147124 0 -0.781069 -0.0144965 0.624277 0 -418.035 -11.5651 431.856 1 3
0.624627 -0.00613083 0.780899 0 -0.00862452 0.999854 0.0147484 0 -0.780876 -0.0159472 0.624483 0 -417.24 -12.2962 432.033 1 3
0.624858 -0.00546319 0.780719 0 -0.00990882 0.999839 0.0149272 0 -0.780675 -0.0170634 0.624704 0 -416.581 -12.754 432.239 1 3
0.625086 -0.00530804 0.780538 0 -0.0105707 0.999828 0.0152648 0 -0.780484 -0.0177927 0.624922 0 -415.735 -12.9494 432.127 1 3
0.625328 -0.00520275 0.780345 0 -0.0108264 0.999824 0.0153418 0 -0.780287 -0.018042 0.625162 0 -415.041 -12.9001 432.051 1 3
0.625673 -0.00511016 0.780069 0 -0.0107586 0.999827 0.015179 0 -0.780011 -0.0178895 0.62551 0 -414.424 -12.5984 432.087 1 3
0.626194 -0.00568395 0.779646 0 -0.00998229 0.999833 0.0153068 0 -0.779603 -0.0173677 0.626033 0 -413.961 -11.8212 432.049 1 3
0.626746 -0.00602068 0.7792 0 -0.00849265 0.999858 0.0145567 0 -0.779177 -0.0157408 0.626606 0 -413.877 -10.9303 432.179 1 3
0.627291 -0.00693531 0.778754 0 -0.00664911 0.999876 0.0142605 0 -0.778756 -0.0141235 0.627168 0 -413.999 -10.0532 432.393 1 3
0.627831 -0.00808612 0.778308 0 -0.00451059 0.999891 0.0140268 0 -0.778337 -0.012317 0.627726 0 -414.084 -9.23302 432.527 1 3
0.628444 -0.00897046 0.777803 0 -0.00247559 0.999905 0.0135322 0 -0.777851 -0.0104297 0.628362 0 -414.239 -8.49337 432.664 1 3
0.629043 -0.00978018 0.777309 0 -0.00071292 0.999913 0.0131579 0 -0.77737 -0.00883107 0.628981 0 -414.287 -7.88383 432.747 1 3
0.629344 -0.010365 0.777058 0 0.000587897 0.999917 0.0128615 0 -0.777127 -0.00763747 0.629298 0 -414.46 -7.44605 432.645 1 3
0.629526 -0.0109059 0.776903 0 0.00182138 0.999919 0.0125607 0 -0.776977 -0.00649223 0.629495 0 -414.692 -7.00138 432.684 1 3
0.629585 -0.0114792 0.776847 0 0.00274911 0.999917 0.0125475 0 -0.776927 -0.00576406 0.629564 0 -414.905 -6.7985 432.559 1 3
0.629723 -0.0120094 0.776727 0 0.00342297 0.999914 0.0126851 0 -0.776812 -0.00532936 0.629709 0 -414.979 -6.7762 432.487 1 3
0.629723 -0.0124421 0.77672 0 0.00396686 0.99991 0.0128013 0 -0.776809 -0.00498013 0.629716 0 -415.182 -6.85335 432.403 1 3
0.629666 -0.0126609 0.776763 0 0.00433364 0.999909 0.0127851 0 -0.776854 -0.00468415 0.629664 0 -415.37 -6.88447 432.286 1 3
0.629642 -0.0128165 0.77678 0 0.00453704 0.999908 0.0128204 0 -0.776872 -0.00454796 0.629642 0 -415.474 -6.94169 432.104 1 3
0.629573 -0.0128873 0.776835 0 0.00460788 0.999907 0.0128536 0 -0.776928 -0.00451274 0.629573 0 -415.482 -7.09895 431.876 1 3
0.629532 -0.0129268 0.776867 0 0.00460196 0.999906 0.0129089 0 -0.776961 -0.00455149 0.629532 0 -415.431 -7.25124 431.626 1 3
0.629514 -0.0129366 0.776882 0 0.00462431 0.999906 0.0129032 0 -0.776975 -0.00453021 0.629515 0 -415.262 -7.32792 431.421 1 3
0.629464 -0.0127885 0.776924 0 0.00477454 0.999909 0.0125906 0 -0.777015 -0.00421589 0.629468 0 -415.225 -7.34356 431.911 1 3
0.629407 -0.012644 0.776973 0 0.00476662 0.999912 0.0124106 0 -0.777062 -0.00410779 0.629411 0 -415.156 -7.39066 432.295 1 3
0.629349 -0.0124923 0.777022 0 0.00475773 0.999914 0.0122223 0 -0.777108 -0.00399522 0.629355 0 -415.003 -7.39921 432.582 1 3
0.629303 -0.0123373 0.777062 0 0.00474229 0.999916 0.012035 0 -0.777146 -0.00388858 0.629309 0 -414.946 -7.38259 432.814 1 3
0.629243 -0.0122152 0.777112 0 0.00471621 0.999918 0.0118986 0 -0.777194 -0.00382206 0.629249 0 -414.928 -7.36785 433.051 1 3
0.629174 -0.0121774 0.777169 0 0.00470392 0.999919 0.0118595 0 -0.77725 -0.00380593 0.62918 0 -414.889 -7.36985 433.195 1 3
0.62924 -0.0122716 0.777114 0 0.00451846 0.999916 0.0121313 0 -0.777198 -0.00412212 0.629243 0 -414.969 -7.46073 433.216 1 3
0.628966 -0.0123639 0.777335 0 0.00448759 0.999915 0.0122731 0 -0.77742 -0.00423099 0.628968 0 -415.11 -7.51131 433.16 1 3
0.628804 -0.0124778 0.777464 0 0.00447184 0.999913 0.0124312 0 -0.777551 -0.00434008 0.628805 0 -415.202 -7.5681 433.071 1 3
0.628642 -0.0125808 0.777593 0 0.00449141 0.999911 0.0125467 0 -0.777682 -0.00439489 0.628643 0 -415.26 -7.62683 432.995 1 3
0.628492 -0.0126302 0.777714 0 0.00449499 0.99991 0.0126062 0 -0.777803 -0.00442705 0.628492 0 -415.229 -7.66705 432.925 1 3
0.628372 -0.0127365 0.777809 0 0.00454785 0.999909 0.0126993 0 -0.7779 -0.00444252 0.628373 0 -415.207 -7.69409 432.883 1 3
0.628278 -0.012782 0.777884 0 0.00457639 0.999908 0.012734 0 -0.777975 -0.0044406 0.628279 0 -415.149 -7.70665 432.918 1 3
0.628217 -0.012783 0.777933 0 0.00458797 0.999909 0.0127254 0 -0.778025 -0.00442521 0.628218 0 -415.083 -7.69984 432.933 1 3
0.628135 -0.0128054 0.777999 0 0.00460816 0.999908 0.0127375 0 -0.778091 -0.00441569 0.628136 0 -415.035 -7.7009 432.97 1 3
