0.212007 0 -0.977268 0 0 1 0 0 0.977268 0 0.212007 0 -1973.43 0 -1500.93 1 0
0.212007 0 -0.977268 0 0 1 0 0 0.977268 0 0.212007 0 -1973.43 0 -1500.93 1 0
0.212007 0 -0.977268 0 0 1 0 0 0.977268 0 0.212007 0 -1973.43 0 -1500.93 1 0
0.212007 0 -0.977268 0 0 1 0 0 0.977268 0 0.212007 0 -1973.43 0 -1500.93 1 0
0.212007 0 -0.977268 0 0 1 0 0 0.977268 0 0.212007 0 -1973.43 0 -1500.93 1 0
0.212007 0 -0.977268 0 0 1 0 0 0.977268 0 0.212007 0 -1973.43 0 -1500.93 1 0
0.212007 0 -0.977268 0 0 1 0 0 0.977268 0 0.212007 0 -1973.43 0 -1500.93 1 0
0.212007 0 -0.977268 0 0 1 0 0 0.977268 0 0.212007 0 -1973.43 0 -1500.93 1 0
0.212007 0 -0.977268 0 0 1 0 0 0.977268 0 0.212007 0 -1973.43 0 -1500.93 1 0
0.212007 0 -0.977268 0 0 1 0 0 0.977268 0 0.212007 0 -1973.43 0 -1500.93 1 0
0.212007 0 -0.977268 0 0 1 0 0 0.977268 0 0.212007 0 -1973.43 0 -1500.93 1 0
0.212007 0 -0.977268 0 0 1 0 0 0.977268 0 0.212007 0 -1973.43 0 -1500.93 1 0
0.212007 0 -0.977268 0 0 1 0 0 0.977268 0 0.212007 0 -1973.43 0 -1500.93 1 0
0.212007 0 -0.977268 0 0 1 0 0 0.977268 0 0.212007 0 -1973.43 0 -1500.93 1 0
0.212007 0 -0.977268 0 0 1 0 0 0.977268 0 0.212007 0 -1973.43 0 -1500.93 1 0
0.212007 0 -0.977268 0 0 1 0 0 0.977268 0 0.212007 0 -1973.43 0 -1500.93 1 0
0.212007 0 -0.977268 0 0 1 0 0 0.977268 0 0.212007 0 -1973.43 0 -1500.93 1 0
0.212007 0 -0.977268 0 0 1 0 0 0.977268 0 0.212007 0 -1973.43 0 -1500.93 1 0
0.212007 0 -0.977268 0 0 1 0 0 0.977268 0 0.212007 0 -1973.43 0 -1500.93 1 0
0.212007 0 -0.977268 0 0 1 0 0 0.977268 0 0.212007 0 -1973.43 0 -1500.93 1 0
0.212007 0 -0.977268 0 0 1 0 0 0.977268 0 0.212007 0 -1973.43 0 -1500.93 1 0
0.212007 0 -0.977268 0 0 1 0 0 0.977268 0 0.212007 0 -1973.43 0 -1500.93 1 0
0.212007 0 -0.977268 0 0 1 0 0 0.977268 0 0.212007 0 -1973.43 0 -1500.93 1 0
0.212007 0 -0.977268 0 0 1 0 0 0.977268 0 0.212007 0 -1973.43 0 -1500.93 1 0
0.212007 0 -0.977268 0 0 1 0 0 0.977268 0 0.212007 0 -1973.43 0 -1500.93 1 0
0.212007 0 -0.977268 0 0 1 0 0 0.977268 0 0.212007 0 -1973.43 0 -1500.93 1 0
0.212007 0 -0.977268 0 0 1 0 0 0.977268 0 0.212007 0 -1973.43 0 -1500.93 1 0
0.212007 0 -0.977268 0 0 1 0 0 0.977268 0 0.212007 0 -1973.43 0 -1500.93 1 0
0.212007 0 -0.977268 0 0 1 0 0 0.977268 0 0.212007 0 -1973.43 0 -1500.93 1 0
0.212007 0 -0.977268 0 0 1 0 0 0.977268 0 0.212007 0 -1973.43 0 -1500.93 1 0
0.212007 0 -0.977268 0 0 1 0 0 0.977268 0 0.212007 0 -1973.43 0 -1500.93 1 0
0.212007 0 -0.977268 0 0 1 0 0 0.977268 0 0.212007 0 -1973.43 0 -1500.93 1 0
0.212007 0 -0.977268 0 0 1 0 0 0.977268 0 0.212007 0 -1973.43 0 -1500.93 1 0
0.212007 0 -0.977268 0 0 1 0 0 0.977268 0 0.212007 0 -1973.43 0 -1500.93 1 0
0.212007 0 -0.977268 0 0 1 0 0 0.977268 0 0.212007 0 -1973.43 0 -1500.93 1 0
0.212007 0 -0.977268 0 0 1 0 0 0.977268 0 0.212007 0 -1973.43 0 -1500.93 1 0
0.212007 0 -0.977268 0 0 1 0 0 0.977268 0 0.212007 0 -1973.43 0 -1500.93 1 0
0.212007 0 -0.977268 0 0 1 0 0 0.977268 0 0.212007 0 -1973.43 0 -1500.93 1 0
0.212007 0 -0.977268 0 0 1 0 0 0.977268 0 0.212007 0 -1973.43 0 -1500.93 1 0
0.212007 0 -0.977268 0 0 1 0 0 0.977268 0 0.212007 0 -1973.43 0 -1500.93 1 0
0.212007 0 -0.977268 0 0 1 0 0 0.977268 0 0.212007 0 -1973.43 0 -1500.93 1 0
0.212007 0 -0.977268 0 0 1 0 0 0.977268 0 0.212007 0 -1973.43 0 -1500.93 1 0
0.212007 0 -0.977268 0 0 1 0 0 0.977268 0 0.212007 0 -1973.43 0 -1500.93 1 0
0.212007 0 -0.977268 0 0 1 0 0 0.977268 0 0.212007 0 -1973.43 0 -1500.93 1 0
0.212007 0 -0.977268 0 0 1 0 0 0.977268 0 0.212007 0 -1973.43 0 -1500.93 1 0
0.212007 0 -0.977268 0 0 1 0 0 0.977268 0 0.212007 0 -1973.43 0 -1500.93 1 0
0.212007 0 -0.977268 0 0 1 0 0 0.977268 0 0.212007 0 -1973.43 0 -1500.93 1 0
0.212007 0 -0.977268 0 0 1 0 0 0.977268 0 0.212007 0 -1973.43 0 -1500.93 1 0
0.212007 0 -0.977268 0 0 1 0 0 0.977268 0 0.212007 0 -1973.43 0 -1500.93 1 0
0.212007 0 -0.977268 0 0 1 0 0 0.977268 0 0.212007 0 -1973.43 0 -1500.93 1 0
0.212007 0 -0.977268 0 0 1 0 0 0.977268 0 0.212007 0 -1973.43 0 -1500.93 1 0
0.212007 0 -0.977268 0 0 1 0 0 0.977268 0 0.212007 0 -1973.43 0 -1500.93 1 0
0.212007 0 -0.977268 0 0 1 0 0 0.977268 0 0.212007 0 -1973.43 0 -1500.93 1 0
0.212007 0 -0.977268 0 0 1 0 0 0.977268 0 0.212007 0 -1973.43 0 -1500.93 1 0
0.212007 0 -0.977268 0 0 1 0 0 0.977268 0 0.212007 0 -1973.43 0 -1500.93 1 0
0.212007 0 -0.977268 0 0 1 0 0 0.977268 0 0.212007 0 -1973.43 0 -1500.93 1 0
0.212007 0 -0.977268 0 0 1 0 0 0.977268 0 0.212007 0 -1973.43 0 -1500.93 1 0
0.212007 0 -0.977268 0 0 1 0 0 0.977268 0 0.212007 0 -1973.43 0 -1500.93 1 0
0.212007 0 -0.977268 0 0 1 0 0 0.977268 0 0.212007 0 -1973.43 0 -1500.93 1 0
0.212007 0 -0.977268 0 0 1 0 0 0.977268 0 0.212007 0 -1973.43 0 -1500.93 1 0
0.212007 0 -0.977268 0 0 1 0 0 0.977268 0 0.212007 0 -1973.43 0 -1500.93 1 0
0.212007 0 -0.977268 0 0 1 0 0 0.977268 0 0.212007 0 -1973.43 0 -1500.93 1 0
0.212007 0 -0.977268 0 0 1 0 0 0.977268 0 0.212007 0 -1973.43 0 -1500.93 1 0
0.212007 0 -0.977268 0 0 1 0 0 0.977268 0 0.212007 0 -1973.43 0 -1500.93 1 0
0.212007 0 -0.977268 0 0 1 0 0 0.977268 0 0.212007 0 -1973.43 0 -1500.93 1 0
0.212007 0 -0.977268 0 0 1 0 0 0.977268 0 0.212007 0 -1973.43 0 -1500.93 1 0
0.212007 0 -0.977268 0 0 1 0 0 0.977268 0 0.212007 0 -1973.43 0 -1500.93 1 0
0.212007 0 -0.977268 0 0 1 0 0 0.977268 0 0.212007 0 -1973.43 0 -1500.93 1 0
0.212007 0 -0.977268 0 0 1 0 0 0.977268 0 0.212007 0 -1973.43 0 -1500.93 1 0
0.212007 0 -0.977268 0 0 1 0 0 0.977268 0 0.212007 0 -1973.43 0 -1500.93 1 0
0.212007 0 -0.977268 0 0 1 0 0 0.977268 0 0.212007 0 -1973.43 0 -1500.93 1 0
0.212007 0 -0.977268 0 0 1 0 0 0.977268 0 0.212007 0 -1973.43 0 -1500.93 1 0
0.212007 0 -0.977268 0 0 1 0 0 0.977268 0 0.212007 0 -1973.43 0 -1500.93 1 0
0.212007 0 -0.977268 0 0 1 0 0 0.977268 0 0.212007 0 -1973.43 0 -1500.93 1 0
0.212007 0 -0.977268 0 0 1 0 0 0.977268 0 0.212007 0 -1973.43 0 -1500.93 1 0
0.212007 0 -0.977268 0 0 1 0 0 0.977268 0 0.212007 0 -1973.43 0 -1500.93 1 0
0.212007 0 -0.977268 0 0 1 0 0 0.977268 0 0.212007 0 -1973.43 0 -1500.93 1 0
0.212007 0 -0.977268 0 0 1 0 0 0.977268 0 0.212007 0 -1973.43 0 -1500.93 1 0
0.212007 0 -0.977268 0 0 1 0 0 0.977268 0 0.212007 0 -1973.43 0 -1500.93 1 0
0.212007 0 -0.977268 0 0 1 0 0 0.977268 0 0.212007 0 -1973.43 0 -1500.93 1 0
0.212007 0 -0.977268 0 0 1 0 0 0.977268 0 0.212007 0 -1973.43 0 -1500.93 1 0
0.212007 0 -0.977268 0 0 1 0 0 0.977268 0 0.212007 0 -1973.43 0 -1500.93 1 0
0.212007 0 -0.977268 0 0 1 0 0 0.977268 0 0.212007 0 -1973.43 0 -1500.93 1 0
0.212007 0 -0.977268 0 0 1 0 0 0.977268 0 0.212007 0 -1973.43 0 -1500.93 1 0
0.212007 0 -0.977268 0 0 1 0 0 0.977268 0 0.212007 0 -1973.43 0 -1500.93 1 0
0.212007 0 -0.977268 0 0 1 0 0 0.977268 0 0.212007 0 -1973.43 0 -1500.93 1 0
0.212007 0 -0.977268 0 0 1 0 0 0.977268 0 0.212007 0 -1973.43 0 -1500.93 1 0
0.212007 0 -0.977268 0 0 1 0 0 0.977268 0 0.212007 0 -1973.43 0 -1500.93 1 0
0.212007 0 -0.977268 0 0 1 0 0 0.977268 0 0.212007 0 -1973.43 0 -1500.93 1 0
0.212007 0 -0.977268 0 0 1 0 0 0.977268 0 0.212007 0 -1973.43 0 -1500.93 1 0
0.212007 0 -0.977268 0 0 1 0 0 0.977268 0 0.212007 0 -1973.43 0 -1500.93 1 0
0.212007 0 -0.977268 0 0 1 0 0 0.977268 0 0.212007 0 -1973.43 0 -1500.93 1 0
0.212007 0 -0.977268 0 0 1 0 0 0.977268 0 0.212007 0 -1973.43 0 -1500.93 1 0
0.212007 0 -0.977268 0 0 1 0 0 0.977268 0 0.212007 0 -1973.43 0 -1500.93 1 0
0.212007 0 -0.977268 0 0 1 0 0 0.977268 0 0.212007 0 -1973.43 0 -1500.93 1 0
0.212007 0 -0.977268 0 0 1 0 0 0.977268 0 0.212007 0 -1973.43 0 -1500.93 1 0
0.212007 0 -0.977268 0 0 1 0 0 0.977268 0 0.212007 0 -1973.43 0 -1500.93 1 0
0.212007 0 -0.977268 0 0 1 0 0 0.977268 0 0.212007 0 -1973.43 0 -1500.93 1 0
0.212007 0 -0.977268 0 0 1 0 0 0.977268 0 0.212007 0 -1973.43 0 -1500.93 1 0
0.212007 0 -0.977268 0 0 1 0 0 0.977268 0 0.212007 0 -1973.43 0 -1500.93 1 0
0.212007 0 -0.977268 0 0 1 0 0 0.977268 0 0.212007 0 -1973.43 0 -1500.93 1 0
0.212007 0 -0.977268 0 0 1 0 0 0.977268 0 0.212007 0 -1973.43 0 -1500.93 1 0
0.212007 0 -0.977268 0 0 1 0 0 0.977268 0 0.212007 0 -1973.43 0 -1500.93 1 0
0.212007 0 -0.977268 0 0 1 0 0 0.977268 0 0.212007 0 -1973.43 0 -1500.93 1 0
0.0424156 0.0779838 -0.996052 0 -0.00868249 0.99694 0.0776836 0 0.999062 0.00535322 0.0429629 0 -2547.03 305.332 -838.433 1 1
0.0334844 0.0950997 -0.994904 0 -0.0120455 0.995429 0.0947444 0 0.999367 0.00881168 0.0344769 0 -2527.52 310.56 -918.486 1 1
0.0334844 0.0950997 -0.994904 0 -0.0120455 0.995429 0.0947444 0 0.999367 0.00881168 0.0344769 0 -2527.52 310.56 -918.486 1 2
0.0334844 0.0950997 -0.994904 0 -0.0120455 0.995429 0.0947444 0 0.999367 0.00881168 0.0344769 0 -2527.52 310.56 -918.486 1 2
0.0334844 0.0950997 -0.994904 0 -0.0120455 0.995429 0.0947444 0 0.999367 0.00881168 0.0344769 0 -2527.52 310.56 -918.486 1 2
0.0334844 0.0950997 -0.994904 0 -0.0120455 0.995429 0.0947444 0 0.999367 0.00881168 0.0344769 0 -2527.52 310.56 -918.486 1 2
0.0334844 0.0950997 -0.994904 0 -0.0120455 0.995429 0.0947444 0 0.999367 0.00881168 0.0344769 0 -2527.52 310.56 -918.486 1 2
0.0334844 0.0950997 -0.994904 0 -0.0120455 0.995429 0.0947444 0 0.999367 0.00881168 0.0344769 0 -2527.52 310.56 -918.486 1 2
0.0334844 0.0950997 -0.994904 0 -0.0120455 0.995429 0.0947444 0 0.999367 0.00881168 0.0344769 0 -2527.52 310.56 -918.486 1 2
0.0334844 0.0950997 -0.994904 0 -0.0120455 0.995429 0.0947444 0 0.999367 0.00881168 0.0344769 0 -2527.52 310.56 -918.486 1 2
0.0334844 0.0950997 -0.994904 0 -0.0120455 0.995429 0.0947444 0 0.999367 0.00881168 0.0344769 0 -2527.52 310.56 -918.486 1 2
0.0334844 0.0950997 -0.994904 0 -0.0120455 0.995429 0.0947444 0 0.999367 0.00881168 0.0344769 0 -2527.52 310.56 -918.486 1 2
0.0334844 0.0950997 -0.994904 0 -0.0120455 0.995429 0.0947444 0 0.999367 0.00881168 0.0344769 0 -2527.52 310.56 -918.486 1 2
0.0334844 0.0950997 -0.994904 0 -0.0120455 0.995429 0.0947444 0 0.999367 0.00881168 0.0344769 0 -2527.52 310.56 -918.486 1 2
0.0334844 0.0950997 -0.994904 0 -0.0120455 0.995429 0.0947444 0 0.999367 0.00881168 0.0344769 0 -2527.52 310.56 -918.486 1 2
0.0334844 0.0950997 -0.994904 0 -0.0120455 0.995429 0.0947444 0 0.999367 0.00881168 0.0344769 0 -2527.52 310.56 -918.486 1 2
0.0334844 0.0950997 -0.994904 0 -0.0120455 0.995429 0.0947444 0 0.999367 0.00881168 0.0344769 0 -2527.52 310.56 -918.486 1 2
0.0334844 0.0950997 -0.994904 0 -0.0120455 0.995429 0.0947444 0 0.999367 0.00881168 0.0344769 0 -2527.52 310.56 -918.486 1 2
0.0334844 0.0950997 -0.994904 0 -0.0120455 0.995429 0.0947444 0 0.999367 0.00881168 0.0344769 0 -2527.52 310.56 -918.486 1 2
0.0334844 0.0950997 -0.994904 0 -0.0120455 0.995429 0.0947444 0 0.999367 0.00881168 0.0344769 0 -2527.52 310.56 -918.486 1 2
0.0334844 0.0950997 -0.994904 0 -0.0120455 0.995429 0.0947444 0 0.999367 0.00881168 0.0344769 0 -2527.52 310.56 -918.486 1 2
0.0334844 0.0950997 -0.994904 0 -0.0120455 0.995429 0.0947444 0 0.999367 0.00881168 0.0344769 0 -2527.52 310.56 -918.486 1 2
0.0334844 0.0950997 -0.994904 0 -0.0120455 0.995429 0.0947444 0 0.999367 0.00881168 0.0344769 0 -2527.52 310.56 -918.486 1 2
0.0334844 0.0950997 -0.994904 0 -0.0120455 0.995429 0.0947444 0 0.999367 0.00881168 0.0344769 0 -2527.52 310.56 -918.486 1 2
0.0279132 0.106565 -0.993914 0 -0.013395 0.994252 0.106225 0 0.999521 0.0103484 0.0291802 0 -2526.63 311.868 -933.868 1 3
0.0240187 0.117741 -0.992754 0 -0.0142393 0.99298 0.117423 0 0.99961 0.0113157 0.0255266 0 -2527.48 311.099 -948.627 1 3
0.0208612 0.129119 -0.99141 0 -0.0151541 0.991552 0.128818 0 0.999668 0.0123367 0.0226417 0 -2528.91 307.352 -961.785 1 3
0.0178163 0.141287 -0.989808 0 -0.0164463 0.989873 0.141001 0 0.999706 0.0137666 0.0199595 0 -2529.98 299.247 -972.687 1 3
0.015077 0.152049 -0.988258 0 -0.0177575 0.988255 0.151778 0 0.999729 0.0152607 0.0175999 0 -2531.43 288.695 -981.467 1 3
0.0124817 0.15959 -0.987104 0 -0.0196843 0.987029 0.159329 0 0.999728 0.0174418 0.0154612 0 -2533.3 275.163 -988.074 1 3
0.00980834 0.164616 -0.986309 0 -0.0226686 0.98614 0.164362 0 0.999695 0.0207461 0.013404 0 -2535.34 257.592 -993.108 1 3
0.00737142 0.168076 -0.985746 0 -0.0264673 0.985461 0.16783 0 0.999622 0.0248529 0.0117128 0 -2537.39 237.87 -997.235 1 3
0.00533492 0.169736 -0.985475 0 -0.0303909 0.985061 0.1695 0 0.999524 0.0290452 0.0104136 0 -2539.33 217.06 -1000.49 1 3
0.0036114 0.170708 -0.985315 0 -0.0345143 0.984756 0.170485 0 0.999398 0.0333918 0.00944823 0 -2541.18 195.946 -1002.95 1 3
0.00206525 0.170682 -0.985324 0 -0.038567 0.984607 0.170477 0 0.999254 0.0376489 0.00861616 0 -2543.33 174.162 -1004.46 1 3
0.000502102 0.170069 -0.985432 0 -0.0426555 0.984539 0.169893 0 0.99909 0.0419488 0.00774872 0 -2545.49 150.793 -1004.87 1 3
-0.0013218 0.168376 -0.985722 0 -0.0468678 0.984629 0.168252 0 0.9989 0.046421 0.00658991 0 -2547.77 124.317 -1003.65 1 3
-0.00329606 0.165928 -0.986132 0 -0.0514081 0.984806 0.165876 0 0.998672 0.051242 0.00528405 0 -2550.33 95.1946 -1001.23 1 3
-0.00505053 0.162979 -0.986617 0 -0.0551021 0.985085 0.163008 0 0.998468 0.0551879 0.00400526 0 -2553.1 68.242 -998.223 1 3
-0.00689335 0.159712 -0.98714 0 -0.0578084 0.985448 0.159842 0 0.998304 0.0581668 0.00243964 0 -2556.09 44.5856 -994.455 1 3
-0.00867719 0.156471 -0.987644 0 -0.0589736 0.985882 0.15671 0 0.998222 0.0596048 0.000672963 0 -2560.01 25.5524 -989.944 1 3
-0.0102028 0.151584 -0.988392 0 -0.058428 0.986664 0.151922 0 0.998239 0.0592998 -0.00121 0 -2564.34 9.45467 -984.942 1 3
-0.0117805 0.143947 -0.989515 0 -0.0564962 0.987907 0.144385 0 0.998333 0.0576048 -0.00350559 0 -2569.23 -6.0183 -978.66 1 3
-0.0132448 0.132371 -0.991112 0 -0.0521215 0.98976 0.132887 0 0.998553 0.0534183 -0.00620981 0 -2575.21 -19.5347 -970.693 1 3
-0.0146381 0.116425 -0.993092 0 -0.0449504 0.992117 0.116973 0 0.998882 0.0463521 -0.00928941 0 -2582.19 -29.2676 -961.247 1 3
-0.0166075 0.100242 -0.994824 0 -0.0375507 0.994197 0.100806 0 0.999157 0.0390304 -0.012747 0 -2589.83 -32.1787 -950.444 1 3
-0.0188228 0.0846647 -0.996232 0 -0.030455 0.995897 0.0852117 0 0.999359 0.0319442 -0.0161671 0 -2597.3 -30.0724 -939.543 1 3
-0.0217329 0.070922 -0.997245 0 -0.0238698 0.99716 0.0714361 0 0.999479 0.0253566 -0.0199783 0 -2604.55 -24.5534 -929.065 1 3
-0.0249247 0.0593756 -0.997924 0 -0.0179609 0.998047 0.0598315 0 0.999528 0.0194149 -0.0238096 0 -2611.4 -17.4052 -919.671 1 3
-0.028118 0.0503449 -0.998336 0 -0.013208 0.998625 0.0507315 0 0.999517 0.0146125 -0.0274144 0 -2617.54 -10.3257 -912.083 1 3
-0.0311066 0.0436631 -0.998562 0 -0.0094447 0.998988 0.0439759 0 0.999471 0.0107991 -0.0306628 0 -2623.13 -3.57049 -905.981 1 3
-0.0338715 0.0387752 -0.998674 0 -0.00653718 0.999217 0.039018 0 0.999405 0.00785011 -0.0335915 0 -2628.11 2.48004 -901.153 1 3
-0.0364343 0.0353845 -0.998709 0 -0.00396023 0.99936 0.0355521 0 0.999328 0.00525043 -0.0362708 0 -2632.68 8.20071 -896.957 1 3
-0.0385994 0.0329052 -0.998713 0 -0.00187579 0.999454 0.0330021 0 0.999253 0.00314724 -0.0385166 0 -2636.77 13.0708 -893.616 1 3
-0.0404555 0.0309056 -0.998703 0 -0.000219055 0.999521 0.0309398 0 0.999181 0.00147046 -0.0404294 0 -2640.42 17.098 -890.943 1 3
-0.0421577 0.0295274 -0.998675 0 0.00118718 0.999564 0.0295036 0 0.99911 5.82001e-05 -0.0421744 0 -2643.67 20.5806 -888.767 1 3
-0.0437845 0.0286749 -0.998629 0 0.00236272 0.999588 0.0285988 0 0.999038 -0.0011073 -0.0438342 0 -2646.62 23.5601 -886.928 1 3
-0.0452505 0.0279244 -0.998585 0 0.00323034 0.999608 0.0278066 0 0.99897 -0.00196751 -0.045323 0 -2649.29 25.7371 -885.466 1 3
-0.0466318 0.0273668 -0.998537 0 0.00408547 0.999622 0.0272057 0 0.998904 -0.00281084 -0.046726 0 -2651.67 27.8007 -884.24 1 3
-0.0481292 0.026909 -0.998479 0 0.00456088 0.999633 0.0267203 0 0.998831 -0.00326792 -0.0482343 0 -2653.91 28.788 -882.844 1 3
-0.0494669 0.0266125 -0.998421 0 0.00492829 0.999639 0.0264008 0 0.998764 -0.00361454 -0.0495803 0 -2655.87 29.5832 -881.808 1 3
-0.0506966 0.0264079 -0.998365 0 0.00532343 0.999643 0.0261714 0 0.9987 -0.00398792 -0.0508191 0 -2657.75 30.358 -880.931 1 3
-0.05186 0.0262397 -0.99831 0 0.00561738 0.999647 0.0259831 0 0.998639 -0.00426041 -0.051989 0 -2659.58 30.9038 -880.307 1 3
-0.0528305 0.0261717 -0.99826 0 0.00603014 0.999647 0.0258889 0 0.998585 -0.00465192 -0.0529696 0 -2661.26 31.752 -880.029 1 3
-0.0536674 0.0261867 -0.998215 0 0.00635373 0.999645 0.0258826 0 0.998539 -0.00495334 -0.0538147 0 -2662.8 32.433 -880.211 1 3
-0.0547253 0.0268017 -0.998142 0 0.00637045 0.999629 0.0264924 0 0.998481 -0.0049088 -0.0548758 0 -2665.14 32.8246 -880.004 1 3
-0.0548715 0.0278955 -0.998104 0 0.00667674 0.999598 0.0275702 0 0.998471 -0.00515127 -0.0550356 0 -2667.84 34.3213 -882.974 1 3
-0.05513 0.0286013 -0.998069 0 0.00706226 0.999576 0.0282543 0 0.998454 -0.00549096 -0.0553086 0 -2670.29 35.702 -885.23 1 3
-0.0554471 0.0291486 -0.998036 0 0.00750638 0.999558 0.028776 0 0.998433 -0.00589609 -0.0556414 0 -2672.4 36.9689 -887.049 1 3
-0.0559282 0.0295075 -0.997999 0 0.00782215 0.999545 0.0291149 0 0.998404 -0.00617815 -0.0561335 0 -2674.34 37.8606 -888.35 1 3
-0.0564213 0.0298716 -0.99796 0 0.00824999 0.999532 0.0294522 0 0.998373 -0.00657143 -0.0566413 0 -2676.19 39.0536 -889.324 1 3
-0.056939 0.0301402 -0.997923 0 0.00857919 0.999522 0.029699 0 0.998341 -0.00687033 -0.0571703 0 -2677.81 40.0411 -889.993 1 3
-0.0574076 0.0303507 -0.997889 0 0.00886443 0.999514 0.0298902 0 0.998311 -0.0071298 -0.0576487 0 -2679.21 40.8116 -890.627 1 3
-0.0578456 0.0305244 -0.997859 0 0.00919879 0.999506 0.0300415 0 0.998283 -0.00744132 -0.0580978 0 -2680.36 41.6984 -891.248 1 3
