0.204944 0 0.978774 0 0 1 0 0 -0.978774 0 0.204944 0 -1465.65 0 538.751 1 0
0.204944 0 0.978774 0 0 1 0 0 -0.978774 0 0.204944 0 -1465.65 0 538.751 1 0
0.204944 0 0.978774 0 0 1 0 0 -0.978774 0 0.204944 0 -1465.65 0 538.751 1 0
0.204944 0 0.978774 0 0 1 0 0 -0.978774 0 0.204944 0 -1465.65 0 538.751 1 0
0.204944 0 0.978774 0 0 1 0 0 -0.978774 0 0.204944 0 -1465.65 0 538.751 1 0
0.204944 0 0.978774 0 0 1 0 0 -0.978774 0 0.204944 0 -1465.65 0 538.751 1 0
0.204944 0 0.978774 0 0 1 0 0 -0.978774 0 0.204944 0 -1465.65 0 538.751 1 0
0.204944 0 0.978774 0 0 1 0 0 -0.978774 0 0.204944 0 -1465.65 0 538.751 1 0
0.204944 0 0.978774 0 0 1 0 0 -0.978774 0 0.204944 0 -1465.65 0 538.751 1 0
0.204944 0 0.978774 0 0 1 0 0 -0.978774 0 0.204944 0 -1465.65 0 538.751 1 0
0.204944 0 0.978774 0 0 1 0 0 -0.978774 0 0.204944 0 -1465.65 0 538.751 1 0
0.204944 0 0.978774 0 0 1 0 0 -0.978774 0 0.204944 0 -1465.65 0 538.751 1 0
0.204944 0 0.978774 0 0 1 0 0 -0.978774 0 0.204944 0 -1465.65 0 538.751 1 0
0.204944 0 0.978774 0 0 1 0 0 -0.978774 0 0.204944 0 -1465.65 0 538.751 1 0
0.204944 0 0.978774 0 0 1 0 0 -0.978774 0 0.204944 0 -1465.65 0 538.751 1 0
0.204944 0 0.978774 0 0 1 0 0 -0.978774 0 0.204944 0 -1465.65 0 538.751 1 0
0.204944 0 0.978774 0 0 1 0 0 -0.978774 0 0.204944 0 -1465.65 0 538.751 1 0
0.204944 0 0.978774 0 0 1 0 0 -0.978774 0 0.204944 0 -1465.65 0 538.751 1 0
0.204944 0 0.978774 0 0 1 0 0 -0.978774 0 0.204944 0 -1465.65 0 538.751 1 0
0.204944 0 0.978774 0 0 1 0 0 -0.978774 0 0.204944 0 -1465.65 0 538.751 1 0
0.204944 0 0.978774 0 0 1 0 0 -0.978774 0 0.204944 0 -1465.65 0 538.751 1 0
0.204944 0 0.978774 0 0 1 0 0 -0.978774 0 0.204944 0 -1465.65 0 538.751 1 0
0.204944 0 0.978774 0 0 1 0 0 -0.978774 0 0.204944 0 -1465.65 0 538.751 1 0
0.204944 0 0.978774 0 0 1 0 0 -0.978774 0 0.204944 0 -1465.65 0 538.751 1 0
0.204944 0 0.978774 0 0 1 0 0 -0.978774 0 0.204944 0 -1465.65 0 538.751 1 0
0.204944 0 0.978774 0 0 1 0 0 -0.978774 0 0.204944 0 -1465.65 0 538.751 1 0
0.24304 -0.0357441 0.969358 0 0.00233767 0.99934 0.0362636 0 -0.970014 -0.00654746 0.242963 0 -1175.06 -8.31098 1007.35 1 1
0.238117 -0.0337617 0.97065 0 -0.00291187 0.999366 0.0354748 0 -0.971232 -0.0112736 0.237868 0 -1177.24 -12.4601 1052 1 1
0.238117 -0.0337617 0.97065 0 -0.00291187 0.999366 0.0354748 0 -0.971232 -0.0112736 0.237868 0 -1177.24 -12.4601 1052 1 2
0.238117 -0.0337617 0.97065 0 -0.00291187 0.999366 0.0354748 0 -0.971232 -0.0112736 0.237868 0 -1177.24 -12.4601 1052 1 2
0.238117 -0.0337617 0.97065 0 -0.00291187 0.999366 0.0354748 0 -0.971232 -0.0112736 0.237868 0 -1177.24 -12.4601 1052 1 2
0.238117 -0.0337617 0.97065 0 -0.00291187 0.999366 0.0354748 0 -0.971232 -0.0112736 0.237868 0 -1177.24 -12.4601 1052 1 2
0.238117 -0.0337617 0.97065 0 -0.00291187 0.999366 0.0354748 0 -0.971232 -0.0112736 0.237868 0 -1177.24 -12.4601 1052 1 2
0.238117 -0.0337617 0.97065 0 -0.00291187 0.999366 0.0354748 0 -0.971232 -0.0112736 0.237868 0 -1177.24 -12.4601 1052 1 2
0.238117 -0.0337617 0.97065 0 -0.00291187 0.999366 0.0354748 0 -0.971232 -0.0112736 0.237868 0 -1177.24 -12.4601 1052 1 2
0.238117 -0.0337617 0.97065 0 -0.00291187 0.999366 0.0354748 0 -0.971232 -0.0112736 0.237868 0 -1177.24 -12.4601 1052 1 2
0.238117 -0.0337617 0.97065 0 -0.00291187 0.999366 0.0354748 0 -0.971232 -0.0112736 0.237868 0 -1177.24 -12.4601 1052 1 2
0.238117 -0.0337617 0.97065 0 -0.00291187 0.999366 0.0354748 0 -0.971232 -0.0112736 0.237868 0 -1177.24 -12.4601 1052 1 2
0.238117 -0.0337617 0.97065 0 -0.00291187 0.999366 0.0354748 0 -0.971232 -0.0112736 0.237868 0 -1177.24 -12.4601 1052 1 2
0.238117 -0.0337617 0.97065 0 -0.00291187 0.999366 0.0354748 0 -0.971232 -0.0112736 0.237868 0 -1177.24 -12.4601 1052 1 2
0.238117 -0.0337617 0.97065 0 -0.00291187 0.999366 0.0354748 0 -0.971232 -0.0112736 0.237868 0 -1177.24 -12.4601 1052 1 2
0.238117 -0.0337617 0.97065 0 -0.00291187 0.999366 0.0354748 0 -0.971232 -0.0112736 0.237868 0 -1177.24 -12.4601 1052 1 2
0.238117 -0.0337617 0.97065 0 -0.00291187 0.999366 0.0354748 0 -0.971232 -0.0112736 0.237868 0 -1177.24 -12.4601 1052 1 2
0.238117 -0.0337617 0.97065 0 -0.00291187 0.999366 0.0354748 0 -0.971232 -0.0112736 0.237868 0 -1177.24 -12.4601 1052 1 2
0.238117 -0.0337617 0.97065 0 -0.00291187 0.999366 0.0354748 0 -0.971232 -0.0112736 0.237868 0 -1177.24 -12.4601 1052 1 2
0.238117 -0.0337617 0.97065 0 -0.00291187 0.999366 0.0354748 0 -0.971232 -0.0112736 0.237868 0 -1177.24 -12.4601 1052 1 2
0.238117 -0.0337617 0.97065 0 -0.00291187 0.999366 0.0354748 0 -0.971232 -0.0112736 0.237868 0 -1177.24 -12.4601 1052 1 2
0.238117 -0.0337617 0.97065 0 -0.00291187 0.999366 0.0354748 0 -0.971232 -0.0112736 0.237868 0 -1177.24 -12.4601 1052 1 2
0.238117 -0.0337617 0.97065 0 -0.00291187 0.999366 0.0354748 0 -0.971232 -0.0112736 0.237868 0 -1177.24 -12.4601 1052 1 2
0.238117 -0.0337617 0.97065 0 -0.00291187 0.999366 0.0354748 0 -0.971232 -0.0112736 0.237868 0 -1177.24 -12.4601 1052 1 2
0.238117 -0.0337617 0.97065 0 -0.00291187 0.999366 0.0354748 0 -0.971232 -0.0112736 0.237868 0 -1177.24 -12.4601 1052 1 2
0.238117 -0.0337617 0.97065 0 -0.00291187 0.999366 0.0354748 0 -0.971232 -0.0112736 0.237868 0 -1177.24 -12.4601 1052 1 2
0.238117 -0.0337617 0.97065 0 -0.00291187 0.999366 0.0354748 0 -0.971232 -0.0112736 0.237868 0 -1177.24 -12.4601 1052 1 2
0.238117 -0.0337617 0.97065 0 -0.00291187 0.999366 0.0354748 0 -0.971232 -0.0112736 0.237868 0 -1177.24 -12.4601 1052 1 2
0.238117 -0.0337617 0.97065 0 -0.00291187 0.999366 0.0354748 0 -0.971232 -0.0112736 0.237868 0 -1177.24 -12.4601 1052 1 2
0.238117 -0.0337617 0.97065 0 -0.00291187 0.999366 0.0354748 0 -0.971232 -0.0112736 0.237868 0 -1177.24 -12.4601 1052 1 2
0.238117 -0.0337617 0.97065 0 -0.00291187 0.999366 0.0354748 0 -0.971232 -0.0112736 0.237868 0 -1177.24 -12.4601 1052 1 2
0.238117 -0.0337617 0.97065 0 -0.00291187 0.999366 0.0354748 0 -0.971232 -0.0112736 0.237868 0 -1177.24 -12.4601 1052 1 2
0.238117 -0.0337617 0.97065 0 -0.00291187 0.999366 0.0354748 0 -0.971232 -0.0112736 0.237868 0 -1177.24 -12.4601 1052 1 2
0.238117 -0.0337617 0.97065 0 -0.00291187 0.999366 0.0354748 0 -0.971232 -0.0112736 0.237868 0 -1177.24 -12.4601 1052 1 2
0.238117 -0.0337617 0.97065 0 -0.00291187 0.999366 0.0354748 0 -0.971232 -0.0112736 0.237868 0 -1177.24 -12.4601 1052 1 2
0.238117 -0.0337617 0.97065 0 -0.00291187 0.999366 0.0354748 0 -0.971232 -0.0112736 0.237868 0 -1177.24 -12.4601 1052 1 2
0.238117 -0.0337617 0.97065 0 -0.00291187 0.999366 0.0354748 0 -0.971232 -0.0112736 0.237868 0 -1177.24 -12.4601 1052 1 2
0.238117 -0.0337617 0.97065 0 -0.00291187 0.999366 0.0354748 0 -0.971232 -0.0112736 0.237868 0 -1177.24 -12.4601 1052 1 2
0.238117 -0.0337617 0.97065 0 -0.00291187 0.999366 0.0354748 0 -0.971232 -0.0112736 0.237868 0 -1177.24 -12.4601 1052 1 2
0.238117 -0.0337617 0.97065 0 -0.00291187 0.999366 0.0354748 0 -0.971232 -0.0112736 0.237868 0 -1177.24 -12.4601 1052 1 2
0.238117 -0.0337617 0.97065 0 -0.00291187 0.999366 0.0354748 0 -0.971232 -0.0112736 0.237868 0 -1177.24 -12.4601 1052 1 2
0.238117 -0.0337617 0.97065 0 -0.00291187 0.999366 0.0354748 0 -0.971232 -0.0112736 0.237868 0 -1177.24 -12.4601 1052 1 2
0.238117 -0.0337617 0.97065 0 -0.00291187 0.999366 0.0354748 0 -0.971232 -0.0112736 0.237868 0 -1177.24 -12.4601 1052 1 2
0.238117 -0.0337617 0.97065 0 -0.00291187 0.999366 0.0354748 0 -0.971232 -0.0112736 0.237868 0 -1177.24 -12.4601 1052 1 2
0.238117 -0.0337617 0.97065 0 -0.00291187 0.999366 0.0354748 0 -0.971232 -0.0112736 0.237868 0 -1177.24 -12.4601 1052 1 2
0.238117 -0.0337617 0.97065 0 -0.00291187 0.999366 0.0354748 0 -0.971232 -0.0112736 0.237868 0 -1177.24 -12.4601 1052 1 2
0.238117 -0.0337617 0.97065 0 -0.00291187 0.999366 0.0354748 0 -0.971232 -0.0112736 0.237868 0 -1177.24 -12.4601 1052 1 2
0.238117 -0.0337617 0.97065 0 -0.00291187 0.999366 0.0354748 0 -0.971232 -0.0112736 0.237868 0 -1177.24 -12.4601 1052 1 2
0.238117 -0.0337617 0.97065 0 -0.00291187 0.999366 0.0354748 0 -0.971232 -0.0112736 0.237868 0 -1177.24 -12.4601 1052 1 2
0.238117 -0.0337617 0.97065 0 -0.00291187 0.999366 0.0354748 0 -0.971232 -0.0112736 0.237868 0 -1177.24 -12.4601 1052 1 2
0.238117 -0.0337617 0.97065 0 -0.00291187 0.999366 0.0354748 0 -0.971232 -0.0112736 0.237868 0 -1177.24 -12.4601 1052 1 2
0.238117 -0.0337617 0.97065 0 -0.00291187 0.999366 0.0354748 0 -0.971232 -0.0112736 0.237868 0 -1177.24 -12.4601 1052 1 2
0.238117 -0.0337617 0.97065 0 -0.00291187 0.999366 0.0354748 0 -0.971232 -0.0112736 0.237868 0 -1177.24 -12.4601 1052 1 2
0.238117 -0.0337617 0.97065 0 -0.00291187 0.999366 0.0354748 0 -0.971232 -0.0112736 0.237868 0 -1177.24 -12.4601 1052 1 2
0.238117 -0.0337617 0.97065 0 -0.00291187 0.999366 0.0354748 0 -0.971232 -0.0112736 0.237868 0 -1177.24 -12.4601 1052 1 2
0.238117 -0.0337617 0.97065 0 -0.00291187 0.999366 0.0354748 0 -0.971232 -0.0112736 0.237868 0 -1177.24 -12.4601 1052 1 2
0.238117 -0.0337617 0.97065 0 -0.00291187 0.999366 0.0354748 0 -0.971232 -0.0112736 0.237868 0 -1177.24 -12.4601 1052 1 2
0.238117 -0.0337617 0.97065 0 -0.00291187 0.999366 0.0354748 0 -0.971232 -0.0112736 0.237868 0 -1177.24 -12.4601 1052 1 2
0.238117 -0.0337617 0.97065 0 -0.00291187 0.999366 0.0354748 0 -0.971232 -0.0112736 0.237868 0 -1177.24 -12.4601 1052 1 2
0.238117 -0.0337617 0.97065 0 -0.00291187 0.999366 0.0354748 0 -0.971232 -0.0112736 0.237868 0 -1177.24 -12.4601 1052 1 2
0.238117 -0.0337617 0.97065 0 -0.00291187 0.999366 0.0354748 0 -0.971232 -0.0112736 0.237868 0 -1177.24 -12.4601 1052 1 2
0.238117 -0.0337617 0.97065 0 -0.00291187 0.999366 0.0354748 0 -0.971232 -0.0112736 0.237868 0 -1177.24 -12.4601 1052 1 2
0.238117 -0.0337617 0.97065 0 -0.00291187 0.999366 0.0354748 0 -0.971232 -0.0112736 0.237868 0 -1177.24 -12.4601 1052 1 2
0.238117 -0.0337617 0.97065 0 -0.00291187 0.999366 0.0354748 0 -0.971232 -0.0112736 0.237868 0 -1177.24 -12.4601 1052 1 2
0.238117 -0.0337617 0.97065 0 -0.00291187 0.999366 0.0354748 0 -0.971232 -0.0112736 0.237868 0 -1177.24 -12.4601 1052 1 2
0.238117 -0.0337617 0.97065 0 -0.00291187 0.999366 0.0354748 0 -0.971232 -0.0112736 0.237868 0 -1177.24 -12.4601 1052 1 2
0.238117 -0.0337617 0.97065 0 -0.00291187 0.999366 0.0354748 0 -0.971232 -0.0112736 0.237868 0 -1177.24 -12.4601 1052 1 2
0.238117 -0.0337617 0.97065 0 -0.00291187 0.999366 0.0354748 0 -0.971232 -0.0112736 0.237868 0 -1177.24 -12.4601 1052 1 2
0.238117 -0.0337617 0.97065 0 -0.00291187 0.999366 0.0354748 0 -0.971232 -0.0112736 0.237868 0 -1177.24 -12.4601 1052 1 2
0.238117 -0.0337617 0.97065 0 -0.00291187 0.999366 0.0354748 0 -0.971232 -0.0112736 0.237868 0 -1177.24 -12.4601 1052 1 2
0.238117 -0.0337617 0.97065 0 -0.00291187 0.999366 0.0354748 0 -0.971232 -0.0112736 0.237868 0 -1177.24 -12.4601 1052 1 2
0.238117 -0.0337617 0.97065 0 -0.00291187 0.999366 0.0354748 0 -0.971232 -0.0112736 0.237868 0 -1177.24 -12.4601 1052 1 2
0.238117 -0.0337617 0.97065 0 -0.00291187 0.999366 0.0354748 0 -0.971232 -0.0112736 0.237868 0 -1177.24 -12.4601 1052 1 2
0.238117 -0.0337617 0.97065 0 -0.00291187 0.999366 0.0354748 0 -0.971232 -0.0112736 0.237868 0 -1177.24 -12.4601 1052 1 2
0.238117 -0.0337617 0.97065 0 -0.00291187 0.999366 0.0354748 0 -0.971232 -0.0112736 0.237868 0 -1177.24 -12.4601 1052 1 2
0.238117 -0.0337617 0.97065 0 -0.00291187 0.999366 0.0354748 0 -0.971232 -0.0112736 0.237868 0 -1177.24 -12.4601 1052 1 2
0.238117 -0.0337617 0.97065 0 -0.00291187 0.999366 0.0354748 0 -0.971232 -0.0112736 0.237868 0 -1177.24 -12.4601 1052 1 2
0.238117 -0.0337617 0.97065 0 -0.00291187 0.999366 0.0354748 0 -0.971232 -0.0112736 0.237868 0 -1177.24 -12.4601 1052 1 2
0.238117 -0.0337617 0.97065 0 -0.00291187 0.999366 0.0354748 0 -0.971232 -0.0112736 0.237868 0 -1177.24 -12.4601 1052 1 2
0.238117 -0.0337617 0.97065 0 -0.00291187 0.999366 0.0354748 0 -0.971232 -0.0112736 0.237868 0 -1177.24 -12.4601 1052 1 2
0.238117 -0.0337617 0.97065 0 -0.00291187 0.999366 0.0354748 0 -0.971232 -0.0112736 0.237868 0 -1177.24 -12.4601 1052 1 2
0.238117 -0.0337617 0.97065 0 -0.00291187 0.999366 0.0354748 0 -0.971232 -0.0112736 0.237868 0 -1177.24 -12.4601 1052 1 2
0.238117 -0.0337617 0.97065 0 -0.00291187 0.999366 0.0354748 0 -0.971232 -0.0112736 0.237868 0 -1177.24 -12.4601 1052 1 2
0.238117 -0.0337617 0.97065 0 -0.00291187 0.999366 0.0354748 0 -0.971232 -0.0112736 0.237868 0 -1177.24 -12.4601 1052 1 2
0.238117 -0.0337617 0.97065 0 -0.00291187 0.999366 0.0354748 0 -0.971232 -0.0112736 0.237868 0 -1177.24 -12.4601 1052 1 2
0.238117 -0.0337617 0.97065 0 -0.00291187 0.999366 0.0354748 0 -0.971232 -0.0112736 0.237868 0 -1177.24 -12.4601 1052 1 2
0.238117 -0.0337617 0.97065 0 -0.00291187 0.999366 0.0354748 0 -0.971232 -0.0112736 0.237868 0 -1177.24 -12.4601 1052 1 2
0.238117 -0.0337617 0.97065 0 -0.00291187 0.999366 0.0354748 0 -0.971232 -0.0112736 0.237868 0 -1177.24 -12.4601 1052 1 2
0.238117 -0.0337617 0.97065 0 -0.00291187 0.999366 0.0354748 0 -0.971232 -0.0112736 0.237868 0 -1177.24 -12.4601 1052 1 2
0.238117 -0.0337617 0.97065 0 -0.00291187 0.999366 0.0354748 0 -0.971232 -0.0112736 0.237868 0 -1177.24 -12.4601 1052 1 2
0.238117 -0.0337617 0.97065 0 -0.00291187 0.999366 0.0354748 0 -0.971232 -0.0112736 0.237868 0 -1177.24 -12.4601 1052 1 2
0.238117 -0.0337617 0.97065 0 -0.00291187 0.999366 0.0354748 0 -0.971232 -0.0112736 0.237868 0 -1177.24 -12.4601 1052 1 2
0.238117 -0.0337617 0.97065 0 -0.00291187 0.999366 0.0354748 0 -0.971232 -0.0112736 0.237868 0 -1177.24 -12.4601 1052 1 2
0.238117 -0.0337617 0.97065 0 -0.00291187 0.999366 0.0354748 0 -0.971232 -0.0112736 0.237868 0 -1177.24 -12.4601 1052 1 2
0.238117 -0.0337617 0.97065 0 -0.00291187 0.999366 0.0354748 0 -0.971232 -0.0112736 0.237868 0 -1177.24 -12.4601 1052 1 2
0.238117 -0.0337617 0.97065 0 -0.00291187 0.999366 0.0354748 0 -0.971232 -0.0112736 0.237868 0 -1177.24 -12.4601 1052 1 2
0.238117 -0.0337617 0.97065 0 -0.00291187 0.999366 0.0354748 0 -0.971232 -0.0112736 0.237868 0 -1177.24 -12.4601 1052 1 2
0.238117 -0.0337617 0.97065 0 -0.00291187 0.999366 0.0354748 0 -0.971232 -0.0112736 0.237868 0 -1177.24 -12.4601 1052 1 2
0.238117 -0.0337617 0.97065 0 -0.00291187 0.999366 0.0354748 0 -0.971232 -0.0112736 0.237868 0 -1177.24 -12.4601 1052 1 2
0.238117 -0.0337617 0.97065 0 -0.00291187 0.999366 0.0354748 0 -0.971232 -0.0112736 0.237868 0 -1177.24 -12.4601 1052 1 2
0.238117 -0.0337617 0.97065 0 -0.00291187 0.999366 0.0354748 0 -0.971232 -0.0112736 0.237868 0 -1177.24 -12.4601 1052 1 2
0.238117 -0.0337617 0.97065 0 -0.00291187 0.999366 0.0354748 0 -0.971232 -0.0112736 0.237868 0 -1177.24 -12.4601 1052 1 2
0.240056 -0.035079 0.970125 0 -0.00270236 0.999319 0.0368033 0 -0.970755 -0.0114565 0.239797 0 -1177.74 -18.1919 1052.26 1 3
0.240746 -0.0357058 0.969931 0 -0.00370013 0.999282 0.0377047 0 -0.970581 -0.0126661 0.240441 0 -1177.76 -21.3514 1052.18 1 3
0.241093 -0.0355935 0.969849 0 -0.00565048 0.999259 0.0380775 0 -0.970486 -0.0146603 0.240713 0 -1177.31 -24.2304 1051.96 1 3
0.241745 -0.0351041 0.969705 0 -0.00927617 0.999216 0.038485 0 -0.970296 -0.0182987 0.24123 0 -1177.59 -28.1623 1052.78 1 3
0.2421 -0.0344278 0.96964 0 -0.0130056 0.999165 0.0387233 0 -0.970164 -0.0219856 0.24145 0 -1177.61 -31.7566 1053.25 1 3
0.242427 -0.0331642 0.969603 0 -0.0169898 0.999117 0.0384216 0 -0.970021 -0.0257878 0.241649 0 -1177.02 -35.041 1053.86 1 3
0.242877 -0.0313906 0.969549 0 -0.0211536 0.999067 0.0376454 0 -0.969826 -0.0296526 0.241986 0 -1176.1 -38.3369 1054.62 1 3
0.243217 -0.029425 0.969525 0 -0.0254239 0.999003 0.0366975 0 -0.969639 -0.0335745 0.242226 0 -1174.94 -41.5737 1055.26 1 3
0.243583 -0.0275343 0.969489 0 -0.0297228 0.998916 0.0358378 0 -0.969425 -0.0375454 0.2425 0 -1173.71 -44.9901 1056.15 1 3
0.243862 -0.0256467 0.969471 0 -0.0340921 0.998806 0.0349983 0 -0.96921 -0.041586 0.242697 0 -1172.46 -48.4274 1056.7 1 3
0.244237 -0.0233794 0.969434 0 -0.0384063 0.998692 0.033761 0 -0.968955 -0.045478 0.24302 0 -1171.15 -51.6385 1057.38 1 3
0.244713 -0.021117 0.969366 0 -0.0430059 0.998542 0.0326093 0 -0.968641 -0.0496684 0.243448 0 -1169.47 -55.3112 1058.26 1 3
0.245442 -0.0185334 0.969234 0 -0.0479855 0.998359 0.0312418 0 -0.968223 -0.0541772 0.24415 0 -1167.51 -59.1443 1059.53 1 3
0.246364 -0.0158277 0.969048 0 -0.053242 0.998136 0.0298386 0 -0.967714 -0.0589452 0.245062 0 -1165.27 -63.1631 1060.93 1 3
0.247383 -0.0133249 0.968826 0 -0.0574657 0.997943 0.0283988 0 -0.967212 -0.0626996 0.246108 0 -1163.14 -66.5744 1062.37 1 3
0.248469 -0.0112834 0.968574 0 -0.0606813 0.997787 0.0271904 0 -0.966737 -0.0655303 0.247235 0 -1161.29 -69.195 1063.81 1 3
0.249661 -0.00992285 0.968282 0 -0.0628683 0.997672 0.026434 0 -0.96629 -0.0674738 0.248456 0 -1159.41 -70.9532 1064.9 1 3
0.250866 -0.00853863 0.967984 0 -0.0638979 0.997634 0.0253601 0 -0.965911 -0.0682141 0.249727 0 -1157.96 -71.5405 1066.05 1 3
0.252225 -0.00706036 0.967643 0 -0.0639402 0.997666 0.023946 0 -0.965554 -0.0679111 0.251185 0 -1156.78 -71.1774 1067.51 1 3
0.253877 -0.00600801 0.967218 0 -0.0622941 0.997803 0.022549 0 -0.965229 -0.0659766 0.252945 0 -1155.95 -69.4033 1069.27 1 3
0.255764 -0.00450349 0.966729 0 -0.0585661 0.99808 0.0201442 0 -0.964964 -0.0617697 0.25501 0 -1155.91 -65.5895 1071.47 1 3
0.257886 -0.00353778 0.966169 0 -0.053761 0.998391 0.0180054 0 -0.964679 -0.0565855 0.257281 0 -1156.28 -61.5729 1073.99 1 3
0.259984 -0.00315918 0.965608 0 -0.0485642 0.998686 0.016343 0 -0.964391 -0.0511428 0.259489 0 -1156.69 -57.3532 1076.21 1 3
0.262158 -0.00294037 0.965021 0 -0.0435285 0.998942 0.0148687 0 -0.964043 -0.0459039 0.261752 0 -1157.09 -53.1361 1078.37 1 3
0.264095 -0.00288468 0.964492 0 -0.0391384 0.99914 0.0137051 0 -0.963702 -0.0413681 0.263755 0 -1157.36 -49.4319 1080.3 1 3
0.265605 -0.00298384 0.964077 0 -0.0354847 0.999287 0.0128689 0 -0.963429 -0.0376281 0.26531 0 -1157.98 -46.4924 1081.61 1 3
0.266878 -0.00324572 0.963725 0 -0.0323869 0.999399 0.0123346 0 -0.963186 -0.0345039 0.266613 0 -1158.64 -43.7585 1082.79 1 3
0.267908 -0.0035771 0.963438 0 -0.0297176 0.999487 0.0119747 0 -0.962986 -0.0318391 0.267665 0 -1159.44 -41.8547 1083.53 1 3
0.268947 -0.00421436 0.963146 0 -0.0274936 0.999549 0.0120509 0 -0.962762 -0.0297214 0.26871 0 -1160 -40.6092 1084.21 1 3
0.269614 -0.00483996 0.962956 0 -0.0257686 0.999593 0.0122389 0 -0.962624 -0.0281138 0.26938 0 -1160.75 -39.7251 1084.6 1 3
0.270111 -0.00527726 0.962815 0 -0.0243734 0.999627 0.0123168 0 -0.962521 -0.0267939 0.269882 0 -1161.37 -38.9964 1084.78 1 3
0.270573 -0.00564409 0.962683 0 -0.0232469 0.999653 0.0123947 0 -0.962419 -0.0257331 0.270348 0 -1161.91 -38.493 1084.81 1 3
0.27101 -0.0059631 0.962558 0 -0.0223604 0.999672 0.0124886 0 -0.962317 -0.0249077 0.270788 0 -1162.32 -38.2259 1084.82 1 3
0.271471 -0.00625175 0.962426 0 -0.0217632 0.999683 0.0126325 0 -0.962201 -0.0243748 0.271249 0 -1162.59 -38.1591 1084.74 1 3
0.271843 -0.00653183 0.962319 0 -0.0211788 0.999694 0.0127683 0 -0.962109 -0.0238518 0.271621 0 -1162.75 -37.9607 1084.68 1 3
0.272117 -0.00642551 0.962243 0 -0.020793 0.999705 0.0125558 0 -0.962039 -0.0234246 0.271904 0 -1162.94 -37.529 1085.28 1 3
0.272317 -0.00634362 0.962187 0 -0.0205781 0.999711 0.012415 0 -0.961988 -0.0231808 0.272107 0 -1163.12 -37.3263 1085.73 1 3
0.272536 -0.0063092 0.962125 0 -0.0204042 0.999716 0.0123355 0 -0.961929 -0.0229933 0.272329 0 -1163.19 -37.1122 1086.07 1 3
0.272821 -0.00619156 0.962045 0 -0.0203472 0.999718 0.0122042 0 -0.961849 -0.0229045 0.272619 0 -1163.26 -36.9449 1086.39 1 3
0.273012 -0.00617587 0.961991 0 -0.0202212 0.999722 0.0121569 0 -0.961798 -0.0227716 0.272811 0 -1163.4 -36.7756 1086.64 1 3
0.27305 -0.00621412 0.96198 0 -0.0201367 0.999723 0.0121736 0 -0.961789 -0.0226951 0.27285 0 -1163.51 -36.6973 1086.73 1 3
0.273302 -0.00650071 0.961906 0 -0.0203025 0.999715 0.0125247 0 -0.961714 -0.0229521 0.273092 0 -1163.63 -37.0951 1086.81 1 3
0.27278 -0.00685035 0.962052 0 -0.0202048 0.999713 0.0128474 0 -0.961864 -0.0229426 0.272563 0 -1164.34 -37.2145 1086.23 1 3
0.272475 -0.00715186 0.962136 0 -0.020025 0.999714 0.0131022 0 -0.961954 -0.0228368 0.272254 0 -1164.87 -37.304 1085.8 1 3
0.272211 -0.00746175 0.962209 0 -0.0198208 0.999714 0.01336 0 -0.962033 -0.0227085 0.271986 0 -1165.32 -37.3668 1085.43 1 3
0.272058 -0.00762784 0.96225 0 -0.0196968 0.999715 0.0134937 0 -0.962079 -0.0226244 0.271831 0 -1165.59 -37.4032 1085.15 1 3
0.271961 -0.00787174 0.962276 0 -0.0194896 0.999716 0.0136862 0 -0.962111 -0.0224765 0.27173 0 -1165.82 -37.3932 1084.95 1 3
0.271945 -0.00803832 0.962279 0 -0.0193281 0.999718 0.0138133 0 -0.962119 -0.0223554 0.271713 0 -1165.96 -37.3595 1084.88 1 3
0.271946 -0.00812879 0.962278 0 -0.0191972 0.99972 0.0138703 0 -0.962121 -0.022245 0.271713 0 -1166.06 -37.2828 1084.81 1 3
0.27193 -0.00832028 0.962281 0 -0.0190142 0.999721 0.0140172 0 -0.962129 -0.0221087 0.271696 0 -1166.19 -37.2378 1084.72 1 3
