-0.973227 0 0.229846 0 0 1 0 0 -0.229846 0 -0.973227 0 -5108.47 0 -1312.18 1 0
-0.973227 0 0.229846 0 0 1 0 0 -0.229846 0 -0.973227 0 -5108.47 0 -1312.18 1 0
-0.973227 0 0.229846 0 0 1 0 0 -0.229846 0 -0.973227 0 -5108.47 0 -1312.18 1 0
-0.973227 0 0.229846 0 0 1 0 0 -0.229846 0 -0.973227 0 -5108.47 0 -1312.18 1 0
-0.973227 0 0.229846 0 0 1 0 0 -0.229846 0 -0.973227 0 -5108.47 0 -1312.18 1 0
-0.973227 0 0.229846 0 0 1 0 0 -0.229846 0 -0.973227 0 -5108.47 0 -1312.18 1 0
-0.973227 0 0.229846 0 0 1 0 0 -0.229846 0 -0.973227 0 -5108.47 0 -1312.18 1 0
-0.973227 0 0.229846 0 0 1 0 0 -0.229846 0 -0.973227 0 -5108.47 0 -1312.18 1 0
-0.973227 0 0.229846 0 0 1 0 0 -0.229846 0 -0.973227 0 -5108.47 0 -1312.18 1 0
-0.973227 0 0.229846 0 0 1 0 0 -0.229846 0 -0.973227 0 -5108.47 0 -1312.18 1 0
-0.973227 0 0.229846 0 0 1 0 0 -0.229846 0 -0.973227 0 -5108.47 0 -1312.18 1 0
-0.973227 0 0.229846 0 0 1 0 0 -0.229846 0 -0.973227 0 -5108.47 0 -1312.18 1 0
-0.973227 0 0.229846 0 0 1 0 0 -0.229846 0 -0.973227 0 -5108.47 0 -1312.18 1 0
-0.973227 0 0.229846 0 0 1 0 0 -0.229846 0 -0.973227 0 -5108.47 0 -1312.18 1 0
-0.973227 0 0.229846 0 0 1 0 0 -0.229846 0 -0.973227 0 -5108.47 0 -1312.18 1 0
-0.973227 0 0.229846 0 0 1 0 0 -0.229846 0 -0.973227 0 -5108.47 0 -1312.18 1 0
-0.973227 0 0.229846 0 0 1 0 0 -0.229846 0 -0.973227 0 -5108.47 0 -1312.18 1 0
-0.973227 0 0.229846 0 0 1 0 0 -0.229846 0 -0.973227 0 -5108.47 0 -1312.18 1 0
-0.973227 0 0.229846 0 0 1 0 0 -0.229846 0 -0.973227 0 -5108.47 0 -1312.18 1 0
-0.973227 0 0.229846 0 0 1 0 0 -0.229846 0 -0.973227 0 -5108.47 0 -1312.18 1 0
-0.973227 0 0.229846 0 0 1 0 0 -0.229846 0 -0.973227 0 -5108.47 0 -1312.18 1 0
-0.973227 0 0.229846 0 0 1 0 0 -0.229846 0 -0.973227 0 -5108.47 0 -1312.18 1 0
-0.973227 0 0.229846 0 0 1 0 0 -0.229846 0 -0.973227 0 -5108.47 0 -1312.18 1 0
-0.973227 0 0.229846 0 0 1 0 0 -0.229846 0 -0.973227 0 -5108.47 0 -1312.18 1 0
-0.973227 0 0.229846 0 0 1 0 0 -0.229846 0 -0.973227 0 -5108.47 0 -1312.18 1 0
-0.973227 0 0.229846 0 0 1 0 0 -0.229846 0 -0.973227 0 -5108.47 0 -1312.18 1 0
-0.973227 0 0.229846 0 0 1 0 0 -0.229846 0 -0.973227 0 -5108.47 0 -1312.18 1 0
-0.973227 0 0.229846 0 0 1 0 0 -0.229846 0 -0.973227 0 -5108.47 0 -1312.18 1 0
-0.973227 0 0.229846 0 0 1 0 0 -0.229846 0 -0.973227 0 -5108.47 0 -1312.18 1 0
-0.973227 0 0.229846 0 0 1 0 0 -0.229846 0 -0.973227 0 -5108.47 0 -1312.18 1 0
-0.973227 0 0.229846 0 0 1 0 0 -0.229846 0 -0.973227 0 -5108.47 0 -1312.18 1 0
-0.973227 0 0.229846 0 0 1 0 0 -0.229846 0 -0.973227 0 -5108.47 0 -1312.18 1 0
-0.973227 0 0.229846 0 0 1 0 0 -0.229846 0 -0.973227 0 -5108.47 0 -1312.18 1 0
-0.973227 0 0.229846 0 0 1 0 0 -0.229846 0 -0.973227 0 -5108.47 0 -1312.18 1 0
-0.973227 0 0.229846 0 0 1 0 0 -0.229846 0 -0.973227 0 -5108.47 0 -1312.18 1 0
-0.973227 0 0.229846 0 0 1 0 0 -0.229846 0 -0.973227 0 -5108.47 0 -1312.18 1 0
-0.973227 0 0.229846 0 0 1 0 0 -0.229846 0 -0.973227 0 -5108.47 0 -1312.18 1 0
-0.973227 0 0.229846 0 0 1 0 0 -0.229846 0 -0.973227 0 -5108.47 0 -1312.18 1 0
-0.973227 0 0.229846 0 0 1 0 0 -0.229846 0 -0.973227 0 -5108.47 0 -1312.18 1 0
-0.973227 0 0.229846 0 0 1 0 0 -0.229846 0 -0.973227 0 -5108.47 0 -1312.18 1 0
-0.973227 0 0.229846 0 0 1 0 0 -0.229846 0 -0.973227 0 -5108.47 0 -1312.18 1 0
-0.973227 0 0.229846 0 0 1 0 0 -0.229846 0 -0.973227 0 -5108.47 0 -1312.18 1 0
-0.973227 0 0.229846 0 0 1 0 0 -0.229846 0 -0.973227 0 -5108.47 0 -1312.18 1 0
-0.973227 0 0.229846 0 0 1 0 0 -0.229846 0 -0.973227 0 -5108.47 0 -1312.18 1 0
-0.973227 0 0.229846 0 0 1 0 0 -0.229846 0 -0.973227 0 -5108.47 0 -1312.18 1 0
-0.973227 0 0.229846 0 0 1 0 0 -0.229846 0 -0.973227 0 -5108.47 0 -1312.18 1 0
-0.973227 0 0.229846 0 0 1 0 0 -0.229846 0 -0.973227 0 -5108.47 0 -1312.18 1 0
-0.973227 0 0.229846 0 0 1 0 0 -0.229846 0 -0.973227 0 -5108.47 0 -1312.18 1 0
-0.973227 0 0.229846 0 0 1 0 0 -0.229846 0 -0.973227 0 -5108.47 0 -1312.18 1 0
-0.973227 0 0.229846 0 0 1 0 0 -0.229846 0 -0.973227 0 -5108.47 0 -1312.18 1 0
-0.973227 0 0.229846 0 0 1 0 0 -0.229846 0 -0.973227 0 -5108.47 0 -1312.18 1 0
-0.973227 0 0.229846 0 0 1 0 0 -0.229846 0 -0.973227 0 -5108.47 0 -1312.18 1 0
-0.973227 0 0.229846 0 0 1 0 0 -0.229846 0 -0.973227 0 -5108.47 0 -1312.18 1 0
-0.973227 0 0.229846 0 0 1 0 0 -0.229846 0 -0.973227 0 -5108.47 0 -1312.18 1 0
-0.973227 0 0.229846 0 0 1 0 0 -0.229846 0 -0.973227 0 -5108.47 0 -1312.18 1 0
-0.973227 0 0.229846 0 0 1 0 0 -0.229846 0 -0.973227 0 -5108.47 0 -1312.18 1 0
-0.973227 0 0.229846 0 0 1 0 0 -0.229846 0 -0.973227 0 -5108.47 0 -1312.18 1 0
-0.973227 0 0.229846 0 0 1 0 0 -0.229846 0 -0.973227 0 -5108.47 0 -1312.18 1 0
-0.973227 0 0.229846 0 0 1 0 0 -0.229846 0 -0.973227 0 -5108.47 0 -1312.18 1 0
-0.973227 0 0.229846 0 0 1 0 0 -0.229846 0 -0.973227 0 -5108.47 0 -1312.18 1 0
-0.973227 0 0.229846 0 0 1 0 0 -0.229846 0 -0.973227 0 -5108.47 0 -1312.18 1 0
-0.973227 0 0.229846 0 0 1 0 0 -0.229846 0 -0.973227 0 -5108.47 0 -1312.18 1 0
-0.973227 0 0.229846 0 0 1 0 0 -0.229846 0 -0.973227 0 -5108.47 0 -1312.18 1 0
-0.973227 0 0.229846 0 0 1 0 0 -0.229846 0 -0.973227 0 -5108.47 0 -1312.18 1 0
-0.956782 -0.0399382 0.288051 0 -0.0160093 0.996256 0.0849546 0 -0.290366 0.0766715 -0.953839 0 -5260.83 73.1421 747.612 1 1
-0.958275 -0.0722724 0.27656 0 -0.0453682 0.9937 0.10248 0 -0.282224 0.0856567 -0.955517 0 -5338.46 70.0151 751.985 1 1
-0.958275 -0.0722724 0.27656 0 -0.0453682 0.9937 0.10248 0 -0.282224 0.0856567 -0.955517 0 -5338.46 70.0151 751.985 1 2
-0.958275 -0.0722724 0.27656 0 -0.0453682 0.9937 0.10248 0 -0.282224 0.0856567 -0.955517 0 -5338.46 70.0151 751.985 1 2
-0.958275 -0.0722724 0.27656 0 -0.0453682 0.9937 0.10248 0 -0.282224 0.0856567 -0.955517 0 -5338.46 70.0151 751.985 1 2
-0.958275 -0.0722724 0.27656 0 -0.0453682 0.9937 0.10248 0 -0.282224 0.0856567 -0.955517 0 -5338.46 70.0151 751.985 1 2
-0.958275 -0.0722724 0.27656 0 -0.0453682 0.9937 0.10248 0 -0.282224 0.0856567 -0.955517 0 -5338.46 70.0151 751.985 1 2
-0.958275 -0.0722724 0.27656 0 -0.0453682 0.9937 0.10248 0 -0.282224 0.0856567 -0.955517 0 -5338.46 70.0151 751.985 1 2
-0.958275 -0.0722724 0.27656 0 -0.0453682 0.9937 0.10248 0 -0.282224 0.0856567 -0.955517 0 -5338.46 70.0151 751.985 1 2
-0.958275 -0.0722724 0.27656 0 -0.0453682 0.9937 0.10248 0 -0.282224 0.0856567 -0.955517 0 -5338.46 70.0151 751.985 1 2
-0.958275 -0.0722724 0.27656 0 -0.0453682 0.9937 0.10248 0 -0.282224 0.0856567 -0.955517 0 -5338.46 70.0151 751.985 1 2
-0.958275 -0.0722724 0.27656 0 -0.0453682 0.9937 0.10248 0 -0.282224 0.0856567 -0.955517 0 -5338.46 70.0151 751.985 1 2
-0.958275 -0.0722724 0.27656 0 -0.0453682 0.9937 0.10248 0 -0.282224 0.0856567 -0.955517 0 -5338.46 70.0151 751.985 1 2
-0.958275 -0.0722724 0.27656 0 -0.0453682 0.9937 0.10248 0 -0.282224 0.0856567 -0.955517 0 -5338.46 70.0151 751.985 1 2
-0.958275 -0.0722724 0.27656 0 -0.0453682 0.9937 0.10248 0 -0.282224 0.0856567 -0.955517 0 -5338.46 70.0151 751.985 1 2
-0.958275 -0.0722724 0.27656 0 -0.0453682 0.9937 0.10248 0 -0.282224 0.0856567 -0.955517 0 -5338.46 70.0151 751.985 1 2
-0.958275 -0.0722724 0.27656 0 -0.0453682 0.9937 0.10248 0 -0.282224 0.0856567 -0.955517 0 -5338.46 70.0151 751.985 1 2
-0.958275 -0.0722724 0.27656 0 -0.0453682 0.9937 0.10248 0 -0.282224 0.0856567 -0.955517 0 -5338.46 70.0151 751.985 1 2
-0.958275 -0.0722724 0.27656 0 -0.0453682 0.9937 0.10248 0 -0.282224 0.0856567 -0.955517 0 -5338.46 70.0151 751.985 1 2
-0.958275 -0.0722724 0.27656 0 -0.0453682 0.9937 0.10248 0 -0.282224 0.0856567 -0.955517 0 -5338.46 70.0151 751.985 1 2
-0.958275 -0.0722724 0.27656 0 -0.0453682 0.9937 0.10248 0 -0.282224 0.0856567 -0.955517 0 -5338.46 70.0151 751.985 1 2
-0.958275 -0.0722724 0.27656 0 -0.0453682 0.9937 0.10248 0 -0.282224 0.0856567 -0.955517 0 -5338.46 70.0151 751.985 1 2
-0.958275 -0.0722724 0.27656 0 -0.0453682 0.9937 0.10248 0 -0.282224 0.0856567 -0.955517 0 -5338.46 70.0151 751.985 1 2
-0.958275 -0.0722724 0.27656 0 -0.0453682 0.9937 0.10248 0 -0.282224 0.0856567 -0.955517 0 -5338.46 70.0151 751.985 1 2
-0.958275 -0.0722724 0.27656 0 -0.0453682 0.9937 0.10248 0 -0.282224 0.0856567 -0.955517 0 -5338.46 70.0151 751.985 1 2
-0.958275 -0.0722724 0.27656 0 -0.0453682 0.9937 0.10248 0 -0.282224 0.0856567 -0.955517 0 -5338.46 70.0151 751.985 1 2
-0.958275 -0.0722724 0.27656 0 -0.0453682 0.9937 0.10248 0 -0.282224 0.0856567 -0.955517 0 -5338.46 70.0151 751.985 1 2
-0.958275 -0.0722724 0.27656 0 -0.0453682 0.9937 0.10248 0 -0.282224 0.0856567 -0.955517 0 -5338.46 70.0151 751.985 1 2
-0.958275 -0.0722724 0.27656 0 -0.0453682 0.9937 0.10248 0 -0.282224 0.0856567 -0.955517 0 -5338.46 70.0151 751.985 1 2
-0.958275 -0.0722724 0.27656 0 -0.0453682 0.9937 0.10248 0 -0.282224 0.0856567 -0.955517 0 -5338.46 70.0151 751.985 1 2
-0.958275 -0.0722724 0.27656 0 -0.0453682 0.9937 0.10248 0 -0.282224 0.0856567 -0.955517 0 -5338.46 70.0151 751.985 1 2
-0.958275 -0.0722724 0.27656 0 -0.0453682 0.9937 0.10248 0 -0.282224 0.0856567 -0.955517 0 -5338.46 70.0151 751.985 1 2
-0.958275 -0.0722724 0.27656 0 -0.0453682 0.9937 0.10248 0 -0.282224 0.0856567 -0.955517 0 -5338.46 70.0151 751.985 1 2
-0.958275 -0.0722724 0.27656 0 -0.0453682 0.9937 0.10248 0 -0.282224 0.0856567 -0.955517 0 -5338.46 70.0151 751.985 1 2
-0.958275 -0.0722724 0.27656 0 -0.0453682 0.9937 0.10248 0 -0.282224 0.0856567 -0.955517 0 -5338.46 70.0151 751.985 1 2
-0.958275 -0.0722724 0.27656 0 -0.0453682 0.9937 0.10248 0 -0.282224 0.0856567 -0.955517 0 -5338.46 70.0151 751.985 1 2
-0.958275 -0.0722724 0.27656 0 -0.0453682 0.9937 0.10248 0 -0.282224 0.0856567 -0.955517 0 -5338.46 70.0151 751.985 1 2
-0.958275 -0.0722724 0.27656 0 -0.0453682 0.9937 0.10248 0 -0.282224 0.0856567 -0.955517 0 -5338.46 70.0151 751.985 1 2
-0.958275 -0.0722724 0.27656 0 -0.0453682 0.9937 0.10248 0 -0.282224 0.0856567 -0.955517 0 -5338.46 70.0151 751.985 1 2
-0.958275 -0.0722724 0.27656 0 -0.0453682 0.9937 0.10248 0 -0.282224 0.0856567 -0.955517 0 -5338.46 70.0151 751.985 1 2
-0.958275 -0.0722724 0.27656 0 -0.0453682 0.9937 0.10248 0 -0.282224 0.0856567 -0.955517 0 -5338.46 70.0151 751.985 1 2
-0.958275 -0.0722724 0.27656 0 -0.0453682 0.9937 0.10248 0 -0.282224 0.0856567 -0.955517 0 -5338.46 70.0151 751.985 1 2
-0.958275 -0.0722724 0.27656 0 -0.0453682 0.9937 0.10248 0 -0.282224 0.0856567 -0.955517 0 -5338.46 70.0151 751.985 1 2
-0.958275 -0.0722724 0.27656 0 -0.0453682 0.9937 0.10248 0 -0.282224 0.0856567 -0.955517 0 -5338.46 70.0151 751.985 1 2
-0.958275 -0.0722724 0.27656 0 -0.0453682 0.9937 0.10248 0 -0.282224 0.0856567 -0.955517 0 -5338.46 70.0151 751.985 1 2
-0.958275 -0.0722724 0.27656 0 -0.0453682 0.9937 0.10248 0 -0.282224 0.0856567 -0.955517 0 -5338.46 70.0151 751.985 1 2
-0.958275 -0.0722724 0.27656 0 -0.0453682 0.9937 0.10248 0 -0.282224 0.0856567 -0.955517 0 -5338.46 70.0151 751.985 1 2
-0.958275 -0.0722724 0.27656 0 -0.0453682 0.9937 0.10248 0 -0.282224 0.0856567 -0.955517 0 -5338.46 70.0151 751.985 1 2
-0.958275 -0.0722724 0.27656 0 -0.0453682 0.9937 0.10248 0 -0.282224 0.0856567 -0.955517 0 -5338.46 70.0151 751.985 1 2
-0.958275 -0.0722724 0.27656 0 -0.0453682 0.9937 0.10248 0 -0.282224 0.0856567 -0.955517 0 -5338.46 70.0151 751.985 1 2
-0.958275 -0.0722724 0.27656 0 -0.0453682 0.9937 0.10248 0 -0.282224 0.0856567 -0.955517 0 -5338.46 70.0151 751.985 1 2
-0.958275 -0.0722724 0.27656 0 -0.0453682 0.9937 0.10248 0 -0.282224 0.0856567 -0.955517 0 -5338.46 70.0151 751.985 1 2
-0.958275 -0.0722724 0.27656 0 -0.0453682 0.9937 0.10248 0 -0.282224 0.0856567 -0.955517 0 -5338.46 70.0151 751.985 1 2
-0.958275 -0.0722724 0.27656 0 -0.0453682 0.9937 0.10248 0 -0.282224 0.0856567 -0.955517 0 -5338.46 70.0151 751.985 1 2
-0.958275 -0.0722724 0.27656 0 -0.0453682 0.9937 0.10248 0 -0.282224 0.0856567 -0.955517 0 -5338.46 70.0151 751.985 1 2
-0.958275 -0.0722724 0.27656 0 -0.0453682 0.9937 0.10248 0 -0.282224 0.0856567 -0.955517 0 -5338.46 70.0151 751.985 1 2
-0.958275 -0.0722724 0.27656 0 -0.0453682 0.9937 0.10248 0 -0.282224 0.0856567 -0.955517 0 -5338.46 70.0151 751.985 1 2
-0.958275 -0.0722724 0.27656 0 -0.0453682 0.9937 0.10248 0 -0.282224 0.0856567 -0.955517 0 -5338.46 70.0151 751.985 1 2
-0.958275 -0.0722724 0.27656 0 -0.0453682 0.9937 0.10248 0 -0.282224 0.0856567 -0.955517 0 -5338.46 70.0151 751.985 1 2
-0.958275 -0.0722724 0.27656 0 -0.0453682 0.9937 0.10248 0 -0.282224 0.0856567 -0.955517 0 -5338.46 70.0151 751.985 1 2
-0.958275 -0.0722724 0.27656 0 -0.0453682 0.9937 0.10248 0 -0.282224 0.0856567 -0.955517 0 -5338.46 70.0151 751.985 1 2
-0.958275 -0.0722724 0.27656 0 -0.0453682 0.9937 0.10248 0 -0.282224 0.0856567 -0.955517 0 -5338.46 70.0151 751.985 1 2
-0.958275 -0.0722724 0.27656 0 -0.0453682 0.9937 0.10248 0 -0.282224 0.0856567 -0.955517 0 -5338.46 70.0151 751.985 1 2
-0.958275 -0.0722724 0.27656 0 -0.0453682 0.9937 0.10248 0 -0.282224 0.0856567 -0.955517 0 -5338.46 70.0151 751.985 1 2
-0.959497 -0.0829138 0.269242 0 -0.0536038 0.991981 0.114455 0 -0.276573 0.0953873 -0.956247 0 -5339.95 46.2417 744.981 1 3
-0.960163 -0.0904954 0.264381 0 -0.059748 0.990715 0.122124 0 -0.272978 0.101463 -0.956655 0 -5341.81 27.4785 736.864 1 3
-0.960444 -0.0967296 0.261132 0 -0.0649112 0.989667 0.127853 0 -0.270801 0.105845 -0.956799 0 -5343.28 9.64981 729.777 1 3
-0.960554 -0.10304 0.258299 0 -0.0703108 0.988631 0.132913 0 -0.269058 0.109509 -0.956878 0 -5344.78 -12.9889 724.727 1 3
-0.960486 -0.10852 0.256302 0 -0.0751485 0.98777 0.136612 0 -0.267992 0.111954 -0.956894 0 -5345.95 -35.3432 720.994 1 3
-0.960162 -0.113592 0.255316 0 -0.0799846 0.987142 0.138392 0 -0.267754 0.112458 -0.956902 0 -5346.53 -58.475 719.542 1 3
-0.959668 -0.118415 0.25498 0 -0.0850336 0.986746 0.138212 0 -0.267966 0.110956 -0.957018 0 -5346.5 -84.1428 719.923 1 3
-0.95905 -0.123136 0.25507 0 -0.0902249 0.986457 0.136973 0 -0.268482 0.10835 -0.957172 0 -5346.08 -111.17 721.181 1 3
-0.958363 -0.127541 0.255485 0 -0.0952926 0.986266 0.1349 0 -0.269182 0.104937 -0.957355 0 -5345.33 -138.331 723.232 1 3
-0.957604 -0.131969 0.256082 0 -0.100406 0.986059 0.132691 0 -0.270023 0.101354 -0.957505 0 -5344.4 -166.024 725.51 1 3
-0.956787 -0.136057 0.256997 0 -0.1053 0.985916 0.129927 0 -0.271055 0.0972502 -0.957639 0 -5343.34 -193.216 728.823 1 3
-0.955857 -0.140197 0.258228 0 -0.110283 0.985757 0.126965 0 -0.272351 0.0928825 -0.957705 0 -5341.79 -221.707 733.351 1 3
-0.954772 -0.14456 0.259833 0 -0.115647 0.985596 0.123393 0 -0.273928 0.0877632 -0.957737 0 -5339.87 -252.581 739.852 1 3
-0.953513 -0.149241 0.261801 0 -0.121488 0.985402 0.11926 0 -0.275778 0.0819106 -0.957725 0 -5337.5 -285.812 747.855 1 3
-0.952332 -0.152905 0.263975 0 -0.126328 0.985303 0.114978 0 -0.277676 0.0761501 -0.957652 0 -5335.25 -314.239 756.762 1 3
-0.951266 -0.155602 0.266233 0 -0.130111 0.985271 0.110958 0 -0.279578 0.0709112 -0.957501 0 -5333.49 -337.386 766.611 1 3
-0.950302 -0.157064 0.268806 0 -0.132389 0.985329 0.1077 0 -0.281778 0.0667607 -0.957154 0 -5332.33 -353.535 777.257 1 3
-0.949598 -0.156723 0.271479 0 -0.13287 0.985637 0.10424 0 -0.283917 0.0629145 -0.956783 0 -5332.14 -362.068 788.244 1 3
-0.949056 -0.154659 0.274543 0 -0.131891 0.986242 0.0996566 0 -0.286178 0.05837 -0.956397 0 -5332.8 -364.43 801.076 1 3
-0.948747 -0.150173 0.278078 0 -0.128687 0.987213 0.0940786 0 -0.28865 0.0534716 -0.95594 0 -5334.59 -356.958 816.092 1 3
-0.948816 -0.142446 0.281881 0 -0.122566 0.988636 0.0870376 0 -0.291076 0.0480337 -0.955493 0 -5338.09 -336.406 833.042 1 3
-0.948931 -0.133603 0.285797 0 -0.115129 0.990077 0.080576 0 -0.293726 0.0435577 -0.954897 0 -5342.33 -309.43 851.32 1 3
-0.948999 -0.124679 0.289579 0 -0.107377 0.991389 0.0749547 0 -0.296431 0.0400379 -0.954215 0 -5346.46 -279.657 868.999 1 3
-0.948922 -0.116537 0.2932 0 -0.100034 0.992468 0.0707182 0 -0.299232 0.0377762 -0.953432 0 -5350.12 -250.253 886.662 1 3
-0.948772 -0.109182 0.296498 0 -0.0932217 0.993356 0.0674875 0 -0.301897 0.0363902 -0.952646 0 -5353.3 -223.055 902.447 1 3
-0.948581 -0.103039 0.299293 0 -0.0874687 0.994044 0.0650013 0 -0.304208 0.0354803 -0.951945 0 -5356.31 -200.013 915.273 1 3
-0.948353 -0.0981186 0.301661 0 -0.0827488 0.994555 0.063347 0 -0.306234 0.0351133 -0.951308 0 -5359.05 -180.637 925.808 1 3
-0.948129 -0.0940879 0.303642 0 -0.078809 0.994946 0.0622156 0 -0.307962 0.0350587 -0.950753 0 -5361.58 -164.607 934.598 1 3
-0.94785 -0.0909333 0.305468 0 -0.0755413 0.995222 0.0618624 0 -0.309634 0.0355609 -0.950191 0 -5363.61 -151.475 942.779 1 3
-0.947626 -0.0885378 0.306866 0 -0.0729533 0.995412 0.0619135 0 -0.310939 0.036284 -0.949737 0 -5365.58 -141.319 948.879 1 3
-0.947423 -0.086569 0.308052 0 -0.0708304 0.995564 0.0619334 0 -0.312047 0.0368577 -0.949352 0 -5367.3 -132.8 953.617 1 3
-0.947245 -0.0849385 0.309051 0 -0.069037 0.995682 0.0620508 0 -0.312987 0.0374414 -0.949019 0 -5368.82 -125.782 957.605 1 3
-0.947063 -0.0836536 0.309956 0 -0.0675539 0.995766 0.0623366 0 -0.313859 0.038098 -0.948705 0 -5370.11 -120.121 961.347 1 3
-0.94687 -0.0827314 0.310795 0 -0.066465 0.995824 0.0625887 0 -0.314675 0.0386063 -0.948414 0 -5371.16 -116.179 964.631 1 3
-0.946706 -0.0818457 0.311528 0 -0.0654074 0.995876 0.0628726 0 -0.315389 0.0391456 -0.948155 0 -5372.09 -112.284 967.539 1 3
-0.946508 -0.0812911 0.312272 0 -0.0648058 0.995918 0.06283 0 -0.316105 0.0392321 -0.947913 0 -5372.92 -109.83 970.948 1 3
-0.946349 -0.0808248 0.312874 0 -0.0642771 0.99595 0.0628652 0 -0.316688 0.0393818 -0.947712 0 -5373.71 -107.965 973.756 1 3
-0.946182 -0.0804275 0.313483 0 -0.0638112 0.995976 0.0629281 0 -0.317282 0.0395377 -0.947507 0 -5374.37 -106.302 976.435 1 3
-0.946014 -0.0802337 0.314037 0 -0.0635683 0.995989 0.0629715 0 -0.31783 0.0396091 -0.94732 0 -5375 -105.25 978.825 1 3
-0.945883 -0.079943 0.314507 0 -0.0631968 0.996004 0.0631045 0 -0.318295 0.0398137 -0.947155 0 -5375.63 -103.795 980.73 1 3
-0.945769 -0.0797386 0.314903 0 -0.0628963 0.99601 0.0633058 0 -0.318694 0.0400664 -0.94701 0 -5376.26 -102.787 981.996 1 3
-0.945522 -0.0799559 0.315586 0 -0.062896 0.995973 0.063895 0 -0.319424 0.0405651 -0.946743 0 -5376.97 -103.489 984.361 1 3
-0.945471 -0.0799791 0.315734 0 -0.062671 0.99594 0.0646138 0 -0.31962 0.0413031 -0.946645 0 -5378.64 -102.6 982.166 1 3
-0.945423 -0.0798472 0.31591 0 -0.0623507 0.995927 0.065127 0 -0.319823 0.0418755 -0.946551 0 -5380.1 -101.275 980.823 1 3
-0.945389 -0.0796758 0.316057 0 -0.062004 0.995918 0.065598 0 -0.319993 0.0424188 -0.94647 0 -5381.35 -99.8109 979.931 1 3
-0.945313 -0.0795669 0.316311 0 -0.0617564 0.99591 0.0659552 0 -0.320265 0.0428141 -0.94636 0 -5382.4 -98.8626 979.727 1 3
-0.945233 -0.0794064 0.316591 0 -0.061426 0.995901 0.0663918 0 -0.320565 0.0433087 -0.946236 0 -5383.37 -97.489 979.905 1 3
-0.945147 -0.0793216 0.316867 0 -0.0612058 0.995891 0.0667385 0 -0.320859 0.0436836 -0.946119 0 -5384.17 -96.4513 980.417 1 3
-0.945068 -0.0792519 0.31712 0 -0.0610355 0.995885 0.0669877 0 -0.321124 0.0439523 -0.946017 0 -5384.83 -95.5638 980.867 1 3
-0.945028 -0.0790564 0.317289 0 -0.0607347 0.995886 0.0672421 0 -0.321299 0.0442753 -0.945942 0 -5385.47 -94.354 981.109 1 3
