0.215519 0 -0.9765 0 0 1 0 0 0.9765 0 0.215519 0 -1769.29 0 -1371.46 1 0
0.215519 0 -0.9765 0 0 1 0 0 0.9765 0 0.215519 0 -1769.29 0 -1371.46 1 0
0.215519 0 -0.9765 0 0 1 0 0 0.9765 0 0.215519 0 -1769.29 0 -1371.46 1 0
0.215519 0 -0.9765 0 0 1 0 0 0.9765 0 0.215519 0 -1769.29 0 -1371.46 1 0
0.215519 0 -0.9765 0 0 1 0 0 0.9765 0 0.215519 0 -1769.29 0 -1371.46 1 0
0.215519 0 -0.9765 0 0 1 0 0 0.9765 0 0.215519 0 -1769.29 0 -1371.46 1 0
0.215519 0 -0.9765 0 0 1 0 0 0.9765 0 0.215519 0 -1769.29 0 -1371.46 1 0
0.215519 0 -0.9765 0 0 1 0 0 0.9765 0 0.215519 0 -1769.29 0 -1371.46 1 0
0.215519 0 -0.9765 0 0 1 0 0 0.9765 0 0.215519 0 -1769.29 0 -1371.46 1 0
0.215519 0 -0.9765 0 0 1 0 0 0.9765 0 0.215519 0 -1769.29 0 -1371.46 1 0
0.215519 0 -0.9765 0 0 1 0 0 0.9765 0 0.215519 0 -1769.29 0 -1371.46 1 0
0.215519 0 -0.9765 0 0 1 0 0 0.9765 0 0.215519 0 -1769.29 0 -1371.46 1 0
0.215519 0 -0.9765 0 0 1 0 0 0.9765 0 0.215519 0 -1769.29 0 -1371.46 1 0
0.215519 0 -0.9765 0 0 1 0 0 0.9765 0 0.215519 0 -1769.29 0 -1371.46 1 0
0.215519 0 -0.9765 0 0 1 0 0 0.9765 0 0.215519 0 -1769.29 0 -1371.46 1 0
0.215519 0 -0.9765 0 0 1 0 0 0.9765 0 0.215519 0 -1769.29 0 -1371.46 1 0
0.215519 0 -0.9765 0 0 1 0 0 0.9765 0 0.215519 0 -1769.29 0 -1371.46 1 0
0.215519 0 -0.9765 0 0 1 0 0 0.9765 0 0.215519 0 -1769.29 0 -1371.46 1 0
0.215519 0 -0.9765 0 0 1 0 0 0.9765 0 0.215519 0 -1769.29 0 -1371.46 1 0
0.215519 0 -0.9765 0 0 1 0 0 0.9765 0 0.215519 0 -1769.29 0 -1371.46 1 0
0.215519 0 -0.9765 0 0 1 0 0 0.9765 0 0.215519 0 -1769.29 0 -1371.46 1 0
0.215519 0 -0.9765 0 0 1 0 0 0.9765 0 0.215519 0 -1769.29 0 -1371.46 1 0
0.215519 0 -0.9765 0 0 1 0 0 0.9765 0 0.215519 0 -1769.29 0 -1371.46 1 0
0.215519 0 -0.9765 0 0 1 0 0 0.9765 0 0.215519 0 -1769.29 0 -1371.46 1 0
0.215519 0 -0.9765 0 0 1 0 0 0.9765 0 0.215519 0 -1769.29 0 -1371.46 1 0
0.215519 0 -0.9765 0 0 1 0 0 0.9765 0 0.215519 0 -1769.29 0 -1371.46 1 0
0.215519 0 -0.9765 0 0 1 0 0 0.9765 0 0.215519 0 -1769.29 0 -1371.46 1 0
0.215519 0 -0.9765 0 0 1 0 0 0.9765 0 0.215519 0 -1769.29 0 -1371.46 1 0
0.215519 0 -0.9765 0 0 1 0 0 0.9765 0 0.215519 0 -1769.29 0 -1371.46 1 0
0.215519 0 -0.9765 0 0 1 0 0 0.9765 0 0.215519 0 -1769.29 0 -1371.46 1 0
0.215519 0 -0.9765 0 0 1 0 0 0.9765 0 0.215519 0 -1769.29 0 -1371.46 1 0
0.215519 0 -0.9765 0 0 1 0 0 0.9765 0 0.215519 0 -1769.29 0 -1371.46 1 0
0.215519 0 -0.9765 0 0 1 0 0 0.9765 0 0.215519 0 -1769.29 0 -1371.46 1 0
0.215519 0 -0.9765 0 0 1 0 0 0.9765 0 0.215519 0 -1769.29 0 -1371.46 1 0
0.215519 0 -0.9765 0 0 1 0 0 0.9765 0 0.215519 0 -1769.29 0 -1371.46 1 0
0.215519 0 -0.9765 0 0 1 0 0 0.9765 0 0.215519 0 -1769.29 0 -1371.46 1 0
0.215519 0 -0.9765 0 0 1 0 0 0.9765 0 0.215519 0 -1769.29 0 -1371.46 1 0
0.215519 0 -0.9765 0 0 1 0 0 0.9765 0 0.215519 0 -1769.29 0 -1371.46 1 0
0.215519 0 -0.9765 0 0 1 0 0 0.9765 0 0.215519 0 -1769.29 0 -1371.46 1 0
0.215519 0 -0.9765 0 0 1 0 0 0.9765 0 0.215519 0 -1769.29 0 -1371.46 1 0
0.215519 0 -0.9765 0 0 1 0 0 0.9765 0 0.215519 0 -1769.29 0 -1371.46 1 0
0.215519 0 -0.9765 0 0 1 0 0 0.9765 0 0.215519 0 -1769.29 0 -1371.46 1 0
0.215519 0 -0.9765 0 0 1 0 0 0.9765 0 0.215519 0 -1769.29 0 -1371.46 1 0
0.215519 0 -0.9765 0 0 1 0 0 0.9765 0 0.215519 0 -1769.29 0 -1371.46 1 0
0.215519 0 -0.9765 0 0 1 0 0 0.9765 0 0.215519 0 -1769.29 0 -1371.46 1 0
0.215519 0 -0.9765 0 0 1 0 0 0.9765 0 0.215519 0 -1769.29 0 -1371.46 1 0
0.215519 0 -0.9765 0 0 1 0 0 0.9765 0 0.215519 0 -1769.29 0 -1371.46 1 0
0.215519 0 -0.9765 0 0 1 0 0 0.9765 0 0.215519 0 -1769.29 0 -1371.46 1 0
0.215519 0 -0.9765 0 0 1 0 0 0.9765 0 0.215519 0 -1769.29 0 -1371.46 1 0
0.215519 0 -0.9765 0 0 1 0 0 0.9765 0 0.215519 0 -1769.29 0 -1371.46 1 0
0.215519 0 -0.9765 0 0 1 0 0 0.9765 0 0.215519 0 -1769.29 0 -1371.46 1 0
0.215519 0 -0.9765 0 0 1 0 0 0.9765 0 0.215519 0 -1769.29 0 -1371.46 1 0
0.215519 0 -0.9765 0 0 1 0 0 0.9765 0 0.215519 0 -1769.29 0 -1371.46 1 0
0.215519 0 -0.9765 0 0 1 0 0 0.9765 0 0.215519 0 -1769.29 0 -1371.46 1 0
0.215519 0 -0.9765 0 0 1 0 0 0.9765 0 0.215519 0 -1769.29 0 -1371.46 1 0
0.215519 0 -0.9765 0 0 1 0 0 0.9765 0 0.215519 0 -1769.29 0 -1371.46 1 0
0.215519 0 -0.9765 0 0 1 0 0 0.9765 0 0.215519 0 -1769.29 0 -1371.46 1 0
0.215519 0 -0.9765 0 0 1 0 0 0.9765 0 0.215519 0 -1769.29 0 -1371.46 1 0
0.215519 0 -0.9765 0 0 1 0 0 0.9765 0 0.215519 0 -1769.29 0 -1371.46 1 0
0.215519 0 -0.9765 0 0 1 0 0 0.9765 0 0.215519 0 -1769.29 0 -1371.46 1 0
0.215519 0 -0.9765 0 0 1 0 0 0.9765 0 0.215519 0 -1769.29 0 -1371.46 1 0
0.215519 0 -0.9765 0 0 1 0 0 0.9765 0 0.215519 0 -1769.29 0 -1371.46 1 0
0.215519 0 -0.9765 0 0 1 0 0 0.9765 0 0.215519 0 -1769.29 0 -1371.46 1 0
0.215519 0 -0.9765 0 0 1 0 0 0.9765 0 0.215519 0 -1769.29 0 -1371.46 1 0
0.215519 0 -0.9765 0 0 1 0 0 0.9765 0 0.215519 0 -1769.29 0 -1371.46 1 0
0.215519 0 -0.9765 0 0 1 0 0 0.9765 0 0.215519 0 -1769.29 0 -1371.46 1 0
0.215519 0 -0.9765 0 0 1 0 0 0.9765 0 0.215519 0 -1769.29 0 -1371.46 1 0
0.215519 0 -0.9765 0 0 1 0 0 0.9765 0 0.215519 0 -1769.29 0 -1371.46 1 0
0.215519 0 -0.9765 0 0 1 0 0 0.9765 0 0.215519 0 -1769.29 0 -1371.46 1 0
0.215519 0 -0.9765 0 0 1 0 0 0.9765 0 0.215519 0 -1769.29 0 -1371.46 1 0
0.215519 0 -0.9765 0 0 1 0 0 0.9765 0 0.215519 0 -1769.29 0 -1371.46 1 0
0.215519 0 -0.9765 0 0 1 0 0 0.9765 0 0.215519 0 -1769.29 0 -1371.46 1 0
0.215519 0 -0.9765 0 0 1 0 0 0.9765 0 0.215519 0 -1769.29 0 -1371.46 1 0
0.215519 0 -0.9765 0 0 1 0 0 0.9765 0 0.215519 0 -1769.29 0 -1371.46 1 0
0.215519 0 -0.9765 0 0 1 0 0 0.9765 0 0.215519 0 -1769.29 0 -1371.46 1 0
0.215519 0 -0.9765 0 0 1 0 0 0.9765 0 0.215519 0 -1769.29 0 -1371.46 1 0
0.215519 0 -0.9765 0 0 1 0 0 0.9765 0 0.215519 0 -1769.29 0 -1371.46 1 0
0.215519 0 -0.9765 0 0 1 0 0 0.9765 0 0.215519 0 -1769.29 0 -1371.46 1 0
0.215519 0 -0.9765 0 0 1 0 0 0.9765 0 0.215519 0 -1769.29 0 -1371.46 1 0
0.215519 0 -0.9765 0 0 1 0 0 0.9765 0 0.215519 0 -1769.29 0 -1371.46 1 0
0.215519 0 -0.9765 0 0 1 0 0 0.9765 0 0.215519 0 -1769.29 0 -1371.46 1 0
0.215519 0 -0.9765 0 0 1 0 0 0.9765 0 0.215519 0 -1769.29 0 -1371.46 1 0
0.215519 0 -0.9765 0 0 1 0 0 0.9765 0 0.215519 0 -1769.29 0 -1371.46 1 0
0.215519 0 -0.9765 0 0 1 0 0 0.9765 0 0.215519 0 -1769.29 0 -1371.46 1 0
0.215519 0 -0.9765 0 0 1 0 0 0.9765 0 0.215519 0 -1769.29 0 -1371.46 1 0
0.215519 0 -0.9765 0 0 1 0 0 0.9765 0 0.215519 0 -1769.29 0 -1371.46 1 0
0.215519 0 -0.9765 0 0 1 0 0 0.9765 0 0.215519 0 -1769.29 0 -1371.46 1 0
0.215519 0 -0.9765 0 0 1 0 0 0.9765 0 0.215519 0 -1769.29 0 -1371.46 1 0
0.215519 0 -0.9765 0 0 1 0 0 0.9765 0 0.215519 0 -1769.29 0 -1371.46 1 0
0.215519 0 -0.9765 0 0 1 0 0 0.9765 0 0.215519 0 -1769.29 0 -1371.46 1 0
0.215519 0 -0.9765 0 0 1 0 0 0.9765 0 0.215519 0 -1769.29 0 -1371.46 1 0
0.215519 0 -0.9765 0 0 1 0 0 0.9765 0 0.215519 0 -1769.29 0 -1371.46 1 0
0.215519 0 -0.9765 0 0 1 0 0 0.9765 0 0.215519 0 -1769.29 0 -1371.46 1 0
0.215519 0 -0.9765 0 0 1 0 0 0.9765 0 0.215519 0 -1769.29 0 -1371.46 1 0
0.215519 0 -0.9765 0 0 1 0 0 0.9765 0 0.215519 0 -1769.29 0 -1371.46 1 0
0.215519 0 -0.9765 0 0 1 0 0 0.9765 0 0.215519 0 -1769.29 0 -1371.46 1 0
0.215519 0 -0.9765 0 0 1 0 0 0.9765 0 0.215519 0 -1769.29 0 -1371.46 1 0
0.215519 0 -0.9765 0 0 1 0 0 0.9765 0 0.215519 0 -1769.29 0 -1371.46 1 0
0.215519 0 -0.9765 0 0 1 0 0 0.9765 0 0.215519 0 -1769.29 0 -1371.46 1 0
0.215519 0 -0.9765 0 0 1 0 0 0.9765 0 0.215519 0 -1769.29 0 -1371.46 1 0
0.215519 0 -0.9765 0 0 1 0 0 0.9765 0 0.215519 0 -1769.29 0 -1371.46 1 0
0.215519 0 -0.9765 0 0 1 0 0 0.9765 0 0.215519 0 -1769.29 0 -1371.46 1 0
0.215519 0 -0.9765 0 0 1 0 0 0.9765 0 0.215519 0 -1769.29 0 -1371.46 1 0
0.215519 0 -0.9765 0 0 1 0 0 0.9765 0 0.215519 0 -1769.29 0 -1371.46 1 0
0.215519 0 -0.9765 0 0 1 0 0 0.9765 0 0.215519 0 -1769.29 0 -1371.46 1 0
0.215519 0 -0.9765 0 0 1 0 0 0.9765 0 0.215519 0 -1769.29 0 -1371.46 1 0
0.039508 0.0907999 -0.995085 0 -0.0117665 0.995836 0.0904013 0 0.99915 0.00813705 0.0404119 0 -2302.91 304.035 -836.385 1 1
0.0326141 0.10173 -0.994277 0 -0.0150801 0.994743 0.101283 0 0.999354 0.0116906 0.0339768 0 -2283.55 311.38 -914.245 1 1
0.0326141 0.10173 -0.994277 0 -0.0150801 0.994743 0.101283 0 0.999354 0.0116906 0.0339768 0 -2283.55 311.38 -914.245 1 2
0.0326141 0.10173 -0.994277 0 -0.0150801 0.994743 0.101283 0 0.999354 0.0116906 0.0339768 0 -2283.55 311.38 -914.245 1 2
0.0326141 0.10173 -0.994277 0 -0.0150801 0.994743 0.101283 0 0.999354 0.0116906 0.0339768 0 -2283.55 311.38 -914.245 1 2
0.0326141 0.10173 -0.994277 0 -0.0150801 0.994743 0.101283 0 0.999354 0.0116906 0.0339768 0 -2283.55 311.38 -914.245 1 2
0.0326141 0.10173 -0.994277 0 -0.0150801 0.994743 0.101283 0 0.999354 0.0116906 0.0339768 0 -2283.55 311.38 -914.245 1 2
0.0326141 0.10173 -0.994277 0 -0.0150801 0.994743 0.101283 0 0.999354 0.0116906 0.0339768 0 -2283.55 311.38 -914.245 1 2
0.0326141 0.10173 -0.994277 0 -0.0150801 0.994743 0.101283 0 0.999354 0.0116906 0.0339768 0 -2283.55 311.38 -914.245 1 2
0.0326141 0.10173 -0.994277 0 -0.0150801 0.994743 0.101283 0 0.999354 0.0116906 0.0339768 0 -2283.55 311.38 -914.245 1 2
0.0326141 0.10173 -0.994277 0 -0.0150801 0.994743 0.101283 0 0.999354 0.0116906 0.0339768 0 -2283.55 311.38 -914.245 1 2
0.0326141 0.10173 -0.994277 0 -0.0150801 0.994743 0.101283 0 0.999354 0.0116906 0.0339768 0 -2283.55 311.38 -914.245 1 2
0.0326141 0.10173 -0.994277 0 -0.0150801 0.994743 0.101283 0 0.999354 0.0116906 0.0339768 0 -2283.55 311.38 -914.245 1 2
0.0326141 0.10173 -0.994277 0 -0.0150801 0.994743 0.101283 0 0.999354 0.0116906 0.0339768 0 -2283.55 311.38 -914.245 1 2
0.0326141 0.10173 -0.994277 0 -0.0150801 0.994743 0.101283 0 0.999354 0.0116906 0.0339768 0 -2283.55 311.38 -914.245 1 2
0.0326141 0.10173 -0.994277 0 -0.0150801 0.994743 0.101283 0 0.999354 0.0116906 0.0339768 0 -2283.55 311.38 -914.245 1 2
0.0326141 0.10173 -0.994277 0 -0.0150801 0.994743 0.101283 0 0.999354 0.0116906 0.0339768 0 -2283.55 311.38 -914.245 1 2
0.0326141 0.10173 -0.994277 0 -0.0150801 0.994743 0.101283 0 0.999354 0.0116906 0.0339768 0 -2283.55 311.38 -914.245 1 2
0.0326141 0.10173 -0.994277 0 -0.0150801 0.994743 0.101283 0 0.999354 0.0116906 0.0339768 0 -2283.55 311.38 -914.245 1 2
0.0326141 0.10173 -0.994277 0 -0.0150801 0.994743 0.101283 0 0.999354 0.0116906 0.0339768 0 -2283.55 311.38 -914.245 1 2
0.0326141 0.10173 -0.994277 0 -0.0150801 0.994743 0.101283 0 0.999354 0.0116906 0.0339768 0 -2283.55 311.38 -914.245 1 2
0.0326141 0.10173 -0.994277 0 -0.0150801 0.994743 0.101283 0 0.999354 0.0116906 0.0339768 0 -2283.55 311.38 -914.245 1 2
0.0271423 0.112634 -0.993266 0 -0.015813 0.993556 0.112235 0 0.999507 0.0126602 0.0287485 0 -2282.99 312.539 -930.758 1 3
0.0233078 0.123636 -0.992054 0 -0.0163172 0.992238 0.123276 0 0.999595 0.0133142 0.0251443 0 -2284.1 311.749 -946.308 1 3
0.0201839 0.134983 -0.990642 0 -0.0170392 0.990747 0.13465 0 0.999651 0.014162 0.0222971 0 -2285.71 308.162 -960.131 1 3
0.0171427 0.147193 -0.988959 0 -0.0181853 0.988987 0.146882 0 0.999688 0.0154666 0.0196307 0 -2286.94 300.365 -971.689 1 3
0.0144136 0.158029 -0.987329 0 -0.0193902 0.98729 0.157739 0 0.999708 0.0168709 0.0172946 0 -2288.53 290.158 -981.062 1 3
0.0118419 0.165652 -0.986113 0 -0.0212397 0.986001 0.165378 0 0.999704 0.0189863 0.0151945 0 -2290.56 277.137 -988.21 1 3
0.00923235 0.170723 -0.985276 0 -0.0241844 0.985068 0.17046 0 0.999665 0.0222546 0.0132233 0 -2292.75 260.332 -993.715 1 3
0.00684368 0.174205 -0.984686 0 -0.0279599 0.984357 0.173952 0 0.999586 0.0263413 0.0116074 0 -2294.93 241.55 -998.214 1 3
0.00481446 0.175888 -0.984398 0 -0.0318855 0.983936 0.17565 0 0.99948 0.0305424 0.0103454 0 -2296.99 221.7 -1001.78 1 3
0.00310737 0.176903 -0.984223 0 -0.0360115 0.98361 0.176679 0 0.999347 0.0348944 0.00942696 0 -2299 201.606 -1004.51 1 3
0.00160737 0.176952 -0.984218 0 -0.0401042 0.983439 0.176747 0 0.999194 0.0391872 0.00867728 0 -2301.26 180.819 -1006.25 1 3
5.04529e-05 0.17638 -0.984322 0 -0.0442337 0.983359 0.176205 0 0.999021 0.0435314 0.00785157 0 -2303.56 158.465 -1006.9 1 3
-0.00174436 0.174717 -0.984617 0 -0.0484921 0.983445 0.174595 0 0.998822 0.0480507 0.00675693 0 -2305.97 133.048 -1005.97 1 3
-0.00369032 0.172322 -0.985034 0 -0.0530769 0.983618 0.172273 0 0.998584 0.0529182 0.00551645 0 -2308.64 105.05 -1003.87 1 3
-0.0054669 0.169406 -0.985531 0 -0.0568039 0.983902 0.169441 0 0.99837 0.0569083 0.00424401 0 -2311.51 79.0151 -1001.18 1 3
-0.00732935 0.166165 -0.986071 0 -0.059536 0.984275 0.166305 0 0.998199 0.0599256 0.00267869 0 -2314.59 56.0593 -997.798 1 3
-0.00913304 0.162925 -0.986596 0 -0.0606998 0.984728 0.163178 0 0.998114 0.0613765 0.000895922 0 -2318.58 37.3522 -993.719 1 3
-0.0106688 0.158015 -0.987379 0 -0.0601292 0.985547 0.158372 0 0.998134 0.0610599 -0.00101332 0 -2322.98 21.1679 -989.161 1 3
-0.0122751 0.150315 -0.988562 0 -0.0581536 0.986856 0.150777 0 0.998232 0.0593393 -0.00337242 0 -2327.92 5.26798 -983.411 1 3
-0.013745 0.138628 -0.990249 0 -0.0537076 0.988811 0.139172 0 0.998462 0.0550968 -0.00614579 0 -2333.93 -9.27646 -976.079 1 3
-0.0151196 0.122483 -0.992355 0 -0.0464006 0.991314 0.123061 0 0.998808 0.0479066 -0.00930503 0 -2340.93 -20.7457 -967.349 1 3
-0.0170776 0.106053 -0.994214 0 -0.0387946 0.99354 0.106648 0 0.999101 0.0403914 -0.012853 0 -2348.6 -25.436 -957.352 1 3
-0.0193854 0.0901978 -0.995735 0 -0.0315438 0.995371 0.090779 0 0.999314 0.0331691 -0.0164504 0 -2356.11 -25.0042 -947.244 1 3
-0.0223678 0.0762813 -0.996835 0 -0.0248358 0.996735 0.0768309 0 0.999441 0.0264758 -0.0204003 0 -2363.4 -21.0439 -937.633 1 3
-0.0255791 0.0646341 -0.997581 0 -0.0188571 0.997699 0.0651253 0 0.999495 0.0204773 -0.0243014 0 -2370.29 -15.2936 -929.063 1 3
-0.0288044 0.0554892 -0.998044 0 -0.0140298 0.998337 0.0559104 0 0.999487 0.0156128 -0.027978 0 -2376.46 -9.34661 -922.184 1 3
-0.0318207 0.0486977 -0.998307 0 -0.0101974 0.998745 0.0490441 0 0.999442 0.0117408 -0.0312841 0 -2382.09 -3.49812 -916.68 1 3
-0.0345905 0.0437112 -0.998445 0 -0.007273 0.999006 0.0439877 0 0.999375 0.00878325 -0.0342382 0 -2387.09 1.83427 -912.41 1 3
-0.0371528 0.0401976 -0.998501 0 -0.0047178 0.999172 0.0404002 0 0.999298 0.00621171 -0.0369324 0 -2391.68 6.90529 -908.708 1 3
-0.039314 0.0376529 -0.998517 0 -0.00262352 0.999282 0.0377851 0 0.999223 0.00410511 -0.039187 0 -2395.79 11.2441 -905.794 1 3
-0.0411832 0.0356053 -0.998517 0 -0.000942069 0.999363 0.0356743 0 0.999151 0.00240986 -0.0411235 0 -2399.47 14.8482 -903.495 1 3
-0.0428819 0.0341798 -0.998495 0 0.000490503 0.999415 0.0341902 0 0.99908 0.000976377 -0.0428736 0 -2402.76 17.9801 -901.665 1 3
-0.0445131 0.0332918 -0.998454 0 0.00171008 0.999446 0.0332486 0 0.999007 -0.000227433 -0.0445454 0 -2405.73 20.6691 -900.17 1 3
-0.0459775 0.0325067 -0.998413 0 0.00261465 0.999471 0.0324207 0 0.998939 -0.00111987 -0.0460382 0 -2408.44 22.6378 -899.024 1 3
-0.0473588 0.0319337 -0.998367 0 0.00349087 0.999488 0.0318039 0 0.998872 -0.00197897 -0.047446 0 -2410.87 24.5065 -898.115 1 3
-0.0488628 0.0314657 -0.99831 0 0.00398135 0.999502 0.0313084 0 0.998798 -0.0024448 -0.0489638 0 -2413.15 25.3842 -897.058 1 3
-0.0502047 0.0311518 -0.998253 0 0.00438501 0.999511 0.0309705 0 0.998729 -0.00282249 -0.0503167 0 -2415.16 26.0877 -896.32 1 3
-0.0514333 0.0309408 -0.998197 0 0.00479078 0.999516 0.0307348 0 0.998665 -0.00320135 -0.0515566 0 -2417.08 26.7702 -895.728 1 3
-0.0525951 0.0307688 -0.998142 0 0.00509082 0.99952 0.030543 0 0.998603 -0.00347495 -0.0527265 0 -2418.94 27.2497 -895.377 1 3
-0.0535586 0.0307002 -0.998093 0 0.00551272 0.999521 0.0304483 0 0.998549 -0.00387143 -0.0537022 0 -2420.66 28.0025 -895.326 1 3
-0.0543878 0.0307199 -0.998047 0 0.00584136 0.999519 0.0304469 0 0.998503 -0.00417402 -0.0545411 0 -2422.23 28.6069 -895.708 1 3
-0.0554424 0.0313401 -0.99797 0 0.00586148 0.9995 0.0310625 0 0.998445 -0.0041274 -0.0555984 0 -2424.59 29.0083 -895.757 1 3
-0.0555544 0.0324451 -0.997928 0 0.00616951 0.999464 0.0321516 0 0.998437 -0.00437057 -0.0557248 0 -2427.31 30.45 -898.779 1 3
-0.0557924 0.0331554 -0.997892 0 0.00655461 0.999439 0.0328403 0 0.998421 -0.00470855 -0.0559784 0 -2429.79 31.7496 -901.108 1 3
-0.0560921 0.0337063 -0.997856 0 0.00699698 0.999419 0.0333658 0 0.998401 -0.00511043 -0.0562953 0 -2431.94 32.9183 -903.013 1 3
-0.0565631 0.0340685 -0.997818 0 0.00732705 0.999405 0.0337074 0 0.998372 -0.00540446 -0.0567791 0 -2433.93 33.7403 -904.431 1 3
-0.0570424 0.0344383 -0.997778 0 0.00776475 0.99939 0.03405 0 0.998342 -0.0058052 -0.057275 0 -2435.83 34.8363 -905.53 1 3
-0.0575555 0.0347088 -0.997739 0 0.0081051 0.999379 0.0342983 0 0.998309 -0.00611272 -0.0578011 0 -2437.49 35.7509 -906.325 1 3
-0.0580186 0.0349186 -0.997705 0 0.00840006 0.99937 0.0344884 0 0.99828 -0.00637981 -0.0582753 0 -2438.93 36.4593 -907.073 1 3
-0.0584493 0.0350897 -0.997673 0 0.00873984 0.999362 0.034637 0 0.998252 -0.00669499 -0.0587187 0 -2440.11 37.2731 -907.798 1 3
