0.0987067 0 0.995117 0 0 1 0 0 -0.995117 0 0.0987067 0 -3525.91 0 57.1227 1 0
0.0987067 0 0.995117 0 0 1 0 0 -0.995117 0 0.0987067 0 -3525.91 0 57.1227 1 0
0.0987067 0 0.995117 0 0 1 0 0 -0.995117 0 0.0987067 0 -3525.91 0 57.1227 1 0
0.0987067 0 0.995117 0 0 1 0 0 -0.995117 0 0.0987067 0 -3525.91 0 57.1227 1 0
0.0987067 0 0.995117 0 0 1 0 0 -0.995117 0 0.0987067 0 -3525.91 0 57.1227 1 0
0.0987067 0 0.995117 0 0 1 0 0 -0.995117 0 0.0987067 0 -3525.91 0 57.1227 1 0
0.0987067 0 0.995117 0 0 1 0 0 -0.995117 0 0.0987067 0 -3525.91 0 57.1227 1 0
0.0987067 0 0.995117 0 0 1 0 0 -0.995117 0 0.0987067 0 -3525.91 0 57.1227 1 0
0.0987067 0 0.995117 0 0 1 0 0 -0.995117 0 0.0987067 0 -3525.91 0 57.1227 1 0
0.0987067 0 0.995117 0 0 1 0 0 -0.995117 0 0.0987067 0 -3525.91 0 57.1227 1 0
0.0987067 0 0.995117 0 0 1 0 0 -0.995117 0 0.0987067 0 -3525.91 0 57.1227 1 0
0.0987067 0 0.995117 0 0 1 0 0 -0.995117 0 0.0987067 0 -3525.91 0 57.1227 1 0
0.0987067 0 0.995117 0 0 1 0 0 -0.995117 0 0.0987067 0 -3525.91 0 57.1227 1 0
0.0987067 0 0.995117 0 0 1 0 0 -0.995117 0 0.0987067 0 -3525.91 0 57.1227 1 0
0.0987067 0 0.995117 0 0 1 0 0 -0.995117 0 0.0987067 0 -3525.91 0 57.1227 1 0
0.0987067 0 0.995117 0 0 1 0 0 -0.995117 0 0.0987067 0 -3525.91 0 57.1227 1 0
0.0987067 0 0.995117 0 0 1 0 0 -0.995117 0 0.0987067 0 -3525.91 0 57.1227 1 0
0.0987067 0 0.995117 0 0 1 0 0 -0.995117 0 0.0987067 0 -3525.91 0 57.1227 1 0
0.0987067 0 0.995117 0 0 1 0 0 -0.995117 0 0.0987067 0 -3525.91 0 57.1227 1 0
0.0987067 0 0.995117 0 0 1 0 0 -0.995117 0 0.0987067 0 -3525.91 0 57.1227 1 0
0.0987067 0 0.995117 0 0 1 0 0 -0.995117 0 0.0987067 0 -3525.91 0 57.1227 1 0
0.0987067 0 0.995117 0 0 1 0 0 -0.995117 0 0.0987067 0 -3525.91 0 57.1227 1 0
0.0987067 0 0.995117 0 0 1 0 0 -0.995117 0 0.0987067 0 -3525.91 0 57.1227 1 0
0.0987067 0 0.995117 0 0 1 0 0 -0.995117 0 0.0987067 0 -3525.91 0 57.1227 1 0
0.0987067 0 0.995117 0 0 1 0 0 -0.995117 0 0.0987067 0 -3525.91 0 57.1227 1 0
0.0987067 0 0.995117 0 0 1 0 0 -0.995117 0 0.0987067 0 -3525.91 0 57.1227 1 0
0.0987067 0 0.995117 0 0 1 0 0 -0.995117 0 0.0987067 0 -3525.91 0 57.1227 1 0
0.0987067 0 0.995117 0 0 1 0 0 -0.995117 0 0.0987067 0 -3525.91 0 57.1227 1 0
0.0987067 0 0.995117 0 0 1 0 0 -0.995117 0 0.0987067 0 -3525.91 0 57.1227 1 0
0.0987067 0 0.995117 0 0 1 0 0 -0.995117 0 0.0987067 0 -3525.91 0 57.1227 1 0
0.0987067 0 0.995117 0 0 1 0 0 -0.995117 0 0.0987067 0 -3525.91 0 57.1227 1 0
0.0987067 0 0.995117 0 0 1 0 0 -0.995117 0 0.0987067 0 -3525.91 0 57.1227 1 0
0.0987067 0 0.995117 0 0 1 0 0 -0.995117 0 0.0987067 0 -3525.91 0 57.1227 1 0
0.0987067 0 0.995117 0 0 1 0 0 -0.995117 0 0.0987067 0 -3525.91 0 57.1227 1 0
0.0987067 0 0.995117 0 0 1 0 0 -0.995117 0 0.0987067 0 -3525.91 0 57.1227 1 0
0.0987067 0 0.995117 0 0 1 0 0 -0.995117 0 0.0987067 0 -3525.91 0 57.1227 1 0
0.0987067 0 0.995117 0 0 1 0 0 -0.995117 0 0.0987067 0 -3525.91 0 57.1227 1 0
0.0987067 0 0.995117 0 0 1 0 0 -0.995117 0 0.0987067 0 -3525.91 0 57.1227 1 0
0.0987067 0 0.995117 0 0 1 0 0 -0.995117 0 0.0987067 0 -3525.91 0 57.1227 1 0
0.0987067 0 0.995117 0 0 1 0 0 -0.995117 0 0.0987067 0 -3525.91 0 57.1227 1 0
0.0987067 0 0.995117 0 0 1 0 0 -0.995117 0 0.0987067 0 -3525.91 0 57.1227 1 0
0.0987067 0 0.995117 0 0 1 0 0 -0.995117 0 0.0987067 0 -3525.91 0 57.1227 1 0
0.0987067 0 0.995117 0 0 1 0 0 -0.995117 0 0.0987067 0 -3525.91 0 57.1227 1 0
0.0987067 0 0.995117 0 0 1 0 0 -0.995117 0 0.0987067 0 -3525.91 0 57.1227 1 0
0.133151 -0.0755794 0.98821 0 0.0259719 0.997012 0.0727532 0 -0.990755 0.0159785 0.134716 0 -3294.15 -25.7293 1306.97 1 1
0.142618 -0.0684691 0.987407 0 0.0176321 0.997622 0.0666307 0 -0.989621 0.00790732 0.143486 0 -3300.35 -31.9084 1383.89 1 1
0.142618 -0.0684691 0.987407 0 0.0176321 0.997622 0.0666307 0 -0.989621 0.00790732 0.143486 0 -3300.35 -31.9084 1383.89 1 2
0.142618 -0.0684691 0.987407 0 0.0176321 0.997622 0.0666307 0 -0.989621 0.00790732 0.143486 0 -3300.35 -31.9084 1383.89 1 2
0.142618 -0.0684691 0.987407 0 0.0176321 0.997622 0.0666307 0 -0.989621 0.00790732 0.143486 0 -3300.35 -31.9084 1383.89 1 2
0.142618 -0.0684691 0.987407 0 0.0176321 0.997622 0.0666307 0 -0.989621 0.00790732 0.143486 0 -3300.35 -31.9084 1383.89 1 2
0.142618 -0.0684691 0.987407 0 0.0176321 0.997622 0.0666307 0 -0.989621 0.00790732 0.143486 0 -3300.35 -31.9084 1383.89 1 2
0.142618 -0.0684691 0.987407 0 0.0176321 0.997622 0.0666307 0 -0.989621 0.00790732 0.143486 0 -3300.35 -31.9084 1383.89 1 2
0.142618 -0.0684691 0.987407 0 0.0176321 0.997622 0.0666307 0 -0.989621 0.00790732 0.143486 0 -3300.35 -31.9084 1383.89 1 2
0.142618 -0.0684691 0.987407 0 0.0176321 0.997622 0.0666307 0 -0.989621 0.00790732 0.143486 0 -3300.35 -31.9084 1383.89 1 2
0.142618 -0.0684691 0.987407 0 0.0176321 0.997622 0.0666307 0 -0.989621 0.00790732 0.143486 0 -3300.35 -31.9084 1383.89 1 2
0.142618 -0.0684691 0.987407 0 0.0176321 0.997622 0.0666307 0 -0.989621 0.00790732 0.143486 0 -3300.35 -31.9084 1383.89 1 2
0.142618 -0.0684691 0.987407 0 0.0176321 0.997622 0.0666307 0 -0.989621 0.00790732 0.143486 0 -3300.35 -31.9084 1383.89 1 2
0.142618 -0.0684691 0.987407 0 0.0176321 0.997622 0.0666307 0 -0.989621 0.00790732 0.143486 0 -3300.35 -31.9084 1383.89 1 2
0.142618 -0.0684691 0.987407 0 0.0176321 0.997622 0.0666307 0 -0.989621 0.00790732 0.143486 0 -3300.35 -31.9084 1383.89 1 2
0.142618 -0.0684691 0.987407 0 0.0176321 0.997622 0.0666307 0 -0.989621 0.00790732 0.143486 0 -3300.35 -31.9084 1383.89 1 2
0.142618 -0.0684691 0.987407 0 0.0176321 0.997622 0.0666307 0 -0.989621 0.00790732 0.143486 0 -3300.35 -31.9084 1383.89 1 2
0.142618 -0.0684691 0.987407 0 0.0176321 0.997622 0.0666307 0 -0.989621 0.00790732 0.143486 0 -3300.35 -31.9084 1383.89 1 2
0.142618 -0.0684691 0.987407 0 0.0176321 0.997622 0.0666307 0 -0.989621 0.00790732 0.143486 0 -3300.35 -31.9084 1383.89 1 2
0.142618 -0.0684691 0.987407 0 0.0176321 0.997622 0.0666307 0 -0.989621 0.00790732 0.143486 0 -3300.35 -31.9084 1383.89 1 2
0.142618 -0.0684691 0.987407 0 0.0176321 0.997622 0.0666307 0 -0.989621 0.00790732 0.143486 0 -3300.35 -31.9084 1383.89 1 2
0.142618 -0.0684691 0.987407 0 0.0176321 0.997622 0.0666307 0 -0.989621 0.00790732 0.143486 0 -3300.35 -31.9084 1383.89 1 2
0.142618 -0.0684691 0.987407 0 0.0176321 0.997622 0.0666307 0 -0.989621 0.00790732 0.143486 0 -3300.35 -31.9084 1383.89 1 2
0.142618 -0.0684691 0.987407 0 0.0176321 0.997622 0.0666307 0 -0.989621 0.00790732 0.143486 0 -3300.35 -31.9084 1383.89 1 2
0.142618 -0.0684691 0.987407 0 0.0176321 0.997622 0.0666307 0 -0.989621 0.00790732 0.143486 0 -3300.35 -31.9084 1383.89 1 2
0.142618 -0.0684691 0.987407 0 0.0176321 0.997622 0.0666307 0 -0.989621 0.00790732 0.143486 0 -3300.35 -31.9084 1383.89 1 2
0.142618 -0.0684691 0.987407 0 0.0176321 0.997622 0.0666307 0 -0.989621 0.00790732 0.143486 0 -3300.35 -31.9084 1383.89 1 2
0.142618 -0.0684691 0.987407 0 0.0176321 0.997622 0.0666307 0 -0.989621 0.00790732 0.143486 0 -3300.35 -31.9084 1383.89 1 2
0.142618 -0.0684691 0.987407 0 0.0176321 0.997622 0.0666307 0 -0.989621 0.00790732 0.143486 0 -3300.35 -31.9084 1383.89 1 2
0.142618 -0.0684691 0.987407 0 0.0176321 0.997622 0.0666307 0 -0.989621 0.00790732 0.143486 0 -3300.35 -31.9084 1383.89 1 2
0.142618 -0.0684691 0.987407 0 0.0176321 0.997622 0.0666307 0 -0.989621 0.00790732 0.143486 0 -3300.35 -31.9084 1383.89 1 2
0.142618 -0.0684691 0.987407 0 0.0176321 0.997622 0.0666307 0 -0.989621 0.00790732 0.143486 0 -3300.35 -31.9084 1383.89 1 2
0.142618 -0.0684691 0.987407 0 0.0176321 0.997622 0.0666307 0 -0.989621 0.00790732 0.143486 0 -3300.35 -31.9084 1383.89 1 2
0.142618 -0.0684691 0.987407 0 0.0176321 0.997622 0.0666307 0 -0.989621 0.00790732 0.143486 0 -3300.35 -31.9084 1383.89 1 2
0.142618 -0.0684691 0.987407 0 0.0176321 0.997622 0.0666307 0 -0.989621 0.00790732 0.143486 0 -3300.35 -31.9084 1383.89 1 2
0.142618 -0.0684691 0.987407 0 0.0176321 0.997622 0.0666307 0 -0.989621 0.00790732 0.143486 0 -3300.35 -31.9084 1383.89 1 2
0.142618 -0.0684691 0.987407 0 0.0176321 0.997622 0.0666307 0 -0.989621 0.00790732 0.143486 0 -3300.35 -31.9084 1383.89 1 2
0.142618 -0.0684691 0.987407 0 0.0176321 0.997622 0.0666307 0 -0.989621 0.00790732 0.143486 0 -3300.35 -31.9084 1383.89 1 2
0.142618 -0.0684691 0.987407 0 0.0176321 0.997622 0.0666307 0 -0.989621 0.00790732 0.143486 0 -3300.35 -31.9084 1383.89 1 2
0.142618 -0.0684691 0.987407 0 0.0176321 0.997622 0.0666307 0 -0.989621 0.00790732 0.143486 0 -3300.35 -31.9084 1383.89 1 2
0.142618 -0.0684691 0.987407 0 0.0176321 0.997622 0.0666307 0 -0.989621 0.00790732 0.143486 0 -3300.35 -31.9084 1383.89 1 2
0.142618 -0.0684691 0.987407 0 0.0176321 0.997622 0.0666307 0 -0.989621 0.00790732 0.143486 0 -3300.35 -31.9084 1383.89 1 2
0.142618 -0.0684691 0.987407 0 0.0176321 0.997622 0.0666307 0 -0.989621 0.00790732 0.143486 0 -3300.35 -31.9084 1383.89 1 2
0.142618 -0.0684691 0.987407 0 0.0176321 0.997622 0.0666307 0 -0.989621 0.00790732 0.143486 0 -3300.35 -31.9084 1383.89 1 2
0.142618 -0.0684691 0.987407 0 0.0176321 0.997622 0.0666307 0 -0.989621 0.00790732 0.143486 0 -3300.35 -31.9084 1383.89 1 2
0.142618 -0.0684691 0.987407 0 0.0176321 0.997622 0.0666307 0 -0.989621 0.00790732 0.143486 0 -3300.35 -31.9084 1383.89 1 2
0.142618 -0.0684691 0.987407 0 0.0176321 0.997622 0.0666307 0 -0.989621 0.00790732 0.143486 0 -3300.35 -31.9084 1383.89 1 2
0.142618 -0.0684691 0.987407 0 0.0176321 0.997622 0.0666307 0 -0.989621 0.00790732 0.143486 0 -3300.35 -31.9084 1383.89 1 2
0.142618 -0.0684691 0.987407 0 0.0176321 0.997622 0.0666307 0 -0.989621 0.00790732 0.143486 0 -3300.35 -31.9084 1383.89 1 2
0.142618 -0.0684691 0.987407 0 0.0176321 0.997622 0.0666307 0 -0.989621 0.00790732 0.143486 0 -3300.35 -31.9084 1383.89 1 2
0.142618 -0.0684691 0.987407 0 0.0176321 0.997622 0.0666307 0 -0.989621 0.00790732 0.143486 0 -3300.35 -31.9084 1383.89 1 2
0.142618 -0.0684691 0.987407 0 0.0176321 0.997622 0.0666307 0 -0.989621 0.00790732 0.143486 0 -3300.35 -31.9084 1383.89 1 2
0.142618 -0.0684691 0.987407 0 0.0176321 0.997622 0.0666307 0 -0.989621 0.00790732 0.143486 0 -3300.35 -31.9084 1383.89 1 2
0.142618 -0.0684691 0.987407 0 0.0176321 0.997622 0.0666307 0 -0.989621 0.00790732 0.143486 0 -3300.35 -31.9084 1383.89 1 2
0.142618 -0.0684691 0.987407 0 0.0176321 0.997622 0.0666307 0 -0.989621 0.00790732 0.143486 0 -3300.35 -31.9084 1383.89 1 2
0.142618 -0.0684691 0.987407 0 0.0176321 0.997622 0.0666307 0 -0.989621 0.00790732 0.143486 0 -3300.35 -31.9084 1383.89 1 2
0.142618 -0.0684691 0.987407 0 0.0176321 0.997622 0.0666307 0 -0.989621 0.00790732 0.143486 0 -3300.35 -31.9084 1383.89 1 2
0.142618 -0.0684691 0.987407 0 0.0176321 0.997622 0.0666307 0 -0.989621 0.00790732 0.143486 0 -3300.35 -31.9084 1383.89 1 2
0.142618 -0.0684691 0.987407 0 0.0176321 0.997622 0.0666307 0 -0.989621 0.00790732 0.143486 0 -3300.35 -31.9084 1383.89 1 2
0.142618 -0.0684691 0.987407 0 0.0176321 0.997622 0.0666307 0 -0.989621 0.00790732 0.143486 0 -3300.35 -31.9084 1383.89 1 2
0.142618 -0.0684691 0.987407 0 0.0176321 0.997622 0.0666307 0 -0.989621 0.00790732 0.143486 0 -3300.35 -31.9084 1383.89 1 2
0.142618 -0.0684691 0.987407 0 0.0176321 0.997622 0.0666307 0 -0.989621 0.00790732 0.143486 0 -3300.35 -31.9084 1383.89 1 2
0.142618 -0.0684691 0.987407 0 0.0176321 0.997622 0.0666307 0 -0.989621 0.00790732 0.143486 0 -3300.35 -31.9084 1383.89 1 2
0.142618 -0.0684691 0.987407 0 0.0176321 0.997622 0.0666307 0 -0.989621 0.00790732 0.143486 0 -3300.35 -31.9084 1383.89 1 2
0.142618 -0.0684691 0.987407 0 0.0176321 0.997622 0.0666307 0 -0.989621 0.00790732 0.143486 0 -3300.35 -31.9084 1383.89 1 2
0.142618 -0.0684691 0.987407 0 0.0176321 0.997622 0.0666307 0 -0.989621 0.00790732 0.143486 0 -3300.35 -31.9084 1383.89 1 2
0.142618 -0.0684691 0.987407 0 0.0176321 0.997622 0.0666307 0 -0.989621 0.00790732 0.143486 0 -3300.35 -31.9084 1383.89 1 2
0.142618 -0.0684691 0.987407 0 0.0176321 0.997622 0.0666307 0 -0.989621 0.00790732 0.143486 0 -3300.35 -31.9084 1383.89 1 2
0.142618 -0.0684691 0.987407 0 0.0176321 0.997622 0.0666307 0 -0.989621 0.00790732 0.143486 0 -3300.35 -31.9084 1383.89 1 2
0.142618 -0.0684691 0.987407 0 0.0176321 0.997622 0.0666307 0 -0.989621 0.00790732 0.143486 0 -3300.35 -31.9084 1383.89 1 2
0.142618 -0.0684691 0.987407 0 0.0176321 0.997622 0.0666307 0 -0.989621 0.00790732 0.143486 0 -3300.35 -31.9084 1383.89 1 2
0.142618 -0.0684691 0.987407 0 0.0176321 0.997622 0.0666307 0 -0.989621 0.00790732 0.143486 0 -3300.35 -31.9084 1383.89 1 2
0.142618 -0.0684691 0.987407 0 0.0176321 0.997622 0.0666307 0 -0.989621 0.00790732 0.143486 0 -3300.35 -31.9084 1383.89 1 2
0.142618 -0.0684691 0.987407 0 0.0176321 0.997622 0.0666307 0 -0.989621 0.00790732 0.143486 0 -3300.35 -31.9084 1383.89 1 2
0.142618 -0.0684691 0.987407 0 0.0176321 0.997622 0.0666307 0 -0.989621 0.00790732 0.143486 0 -3300.35 -31.9084 1383.89 1 2
0.142618 -0.0684691 0.987407 0 0.0176321 0.997622 0.0666307 0 -0.989621 0.00790732 0.143486 0 -3300.35 -31.9084 1383.89 1 2
0.142618 -0.0684691 0.987407 0 0.0176321 0.997622 0.0666307 0 -0.989621 0.00790732 0.143486 0 -3300.35 -31.9084 1383.89 1 2
0.142618 -0.0684691 0.987407 0 0.0176321 0.997622 0.0666307 0 -0.989621 0.00790732 0.143486 0 -3300.35 -31.9084 1383.89 1 2
0.142618 -0.0684691 0.987407 0 0.0176321 0.997622 0.0666307 0 -0.989621 0.00790732 0.143486 0 -3300.35 -31.9084 1383.89 1 2
0.142618 -0.0684691 0.987407 0 0.0176321 0.997622 0.0666307 0 -0.989621 0.00790732 0.143486 0 -3300.35 -31.9084 1383.89 1 2
0.142618 -0.0684691 0.987407 0 0.0176321 0.997622 0.0666307 0 -0.989621 0.00790732 0.143486 0 -3300.35 -31.9084 1383.89 1 2
0.142618 -0.0684691 0.987407 0 0.0176321 0.997622 0.0666307 0 -0.989621 0.00790732 0.143486 0 -3300.35 -31.9084 1383.89 1 2
0.142618 -0.0684691 0.987407 0 0.0176321 0.997622 0.0666307 0 -0.989621 0.00790732 0.143486 0 -3300.35 -31.9084 1383.89 1 2
0.142618 -0.0684691 0.987407 0 0.0176321 0.997622 0.0666307 0 -0.989621 0.00790732 0.143486 0 -3300.35 -31.9084 1383.89 1 2
0.139891 -0.0759571 0.987249 0 0.0131727 0.997108 0.074849 0 -0.990079 0.00253401 0.140487 0 -3301.37 -44.2908 1383.37 1 3
0.137542 -0.080419 0.987226 0 0.0087377 0.996758 0.0799782 0 -0.990457 -0.00237428 0.137799 0 -3302.24 -53.7243 1380.95 1 3
0.135834 -0.0835292 0.987204 0 0.00420374 0.996479 0.0837356 0 -0.990723 -0.00722422 0.135707 0 -3302.6 -63.1512 1378.44 1 3
0.134485 -0.0860346 0.987174 0 -0.00115827 0.996209 0.0869798 0 -0.990915 -0.0128409 0.133876 0 -3303.29 -76.4718 1377.54 1 3
0.133794 -0.0877285 0.987118 0 -0.00653374 0.995974 0.0894011 0 -0.990988 -0.0184109 0.132682 0 -3303.57 -89.5143 1376.53 1 3
0.133741 -0.0882381 0.98708 0 -0.0118721 0.995814 0.0906274 0 -0.990945 -0.0238393 0.132134 0 -3303.01 -102.32 1376.45 1 3
0.134193 -0.0873889 0.987094 0 -0.0175516 0.995738 0.0905403 0 -0.9908 -0.029475 0.132088 0 -3301.79 -115.963 1377.23 1 3
0.134852 -0.0859218 0.987133 0 -0.0233499 0.995681 0.0898556 0 -0.990591 -0.0351667 0.132263 0 -3300.15 -129.724 1378.17 1 3
0.135542 -0.0840248 0.987202 0 -0.0289875 0.995634 0.0887224 0 -0.990348 -0.0406421 0.132514 0 -3298.39 -143.513 1379.48 1 3
0.136374 -0.0820268 0.987256 0 -0.0346669 0.995561 0.0875056 0 -0.990051 -0.0461586 0.132925 0 -3296.52 -157.581 1380.65 1 3
0.137309 -0.0795048 0.987332 0 -0.0401449 0.995508 0.0857461 0 -0.989714 -0.0514101 0.133501 0 -3294.52 -171.129 1382.39 1 3
0.138413 -0.0768587 0.987388 0 -0.045768 0.995423 0.0838999 0 -0.989316 -0.0568036 0.134262 0 -3292.02 -185.607 1384.86 1 3
0.13983 -0.0736676 0.987431 0 -0.0517801 0.99532 0.0815887 0 -0.988821 -0.0625379 0.135361 0 -3288.97 -201.057 1388.48 1 3
0.14148 -0.069995 0.987463 0 -0.0582811 0.995178 0.0788922 0 -0.988224 -0.0687122 0.136719 0 -3285.41 -217.329 1392.89 1 3
0.143245 -0.0664237 0.987456 0 -0.063694 0.995058 0.0761749 0 -0.987636 -0.0738067 0.138306 0 -3281.98 -230.813 1397.69 1 3
0.145165 -0.0631186 0.987392 0 -0.0681342 0.994956 0.0736192 0 -0.987059 -0.0779621 0.140133 0 -3278.96 -241.43 1402.86 1 3
0.147328 -0.0606517 0.987226 0 -0.0710759 0.994888 0.0717294 0 -0.986531 -0.0807358 0.142264 0 -3276.14 -248.647 1408.06 1 3
0.149433 -0.0582242 0.987056 0 -0.0724253 0.994939 0.0696538 0 -0.986116 -0.0818964 0.14446 0 -3274.08 -251.648 1413.48 1 3
0.151711 -0.0552468 0.98688 0 -0.0723242 0.99514 0.0668274 0 -0.985775 -0.0815137 0.146978 0 -3272.55 -250.869 1419.97 1 3
0.154106 -0.0520595 0.986682 0 -0.0699748 0.995528 0.0634554 0 -0.985573 -0.0788218 0.149774 0 -3271.78 -244.376 1427.71 1 3
0.156543 -0.0480917 0.9865 0 -0.064806 0.996161 0.0588465 0 -0.985543 -0.0731431 0.152826 0 -3272.37 -230.15 1436.67 1 3
0.15921 -0.0447479 0.98623 0 -0.0582125 0.996809 0.0546252 0 -0.985527 -0.0661078 0.156097 0 -3273.53 -213.033 1446.43 1 3
0.161881 -0.042177 0.985909 0 -0.0511188 0.997386 0.0510614 0 -0.985485 -0.0586644 0.159302 0 -3274.67 -194.755 1455.73 1 3
0.164787 -0.0404235 0.9855 0 -0.0442145 0.997853 0.0483234 0 -0.985338 -0.0515365 0.162646 0 -3275.59 -177.087 1465.01 1 3
0.167462 -0.0391991 0.985099 0 -0.0379114 0.998214 0.0461657 0 -0.985149 -0.0450774 0.165677 0 -3276.34 -161.404 1473.2 1 3
0.169742 -0.0383749 0.984741 0 -0.0325372 0.998479 0.0445188 0 -0.984951 -0.0395975 0.168235 0 -3277.36 -148.386 1479.64 1 3
0.171647 -0.0380423 0.984424 0 -0.0282034 0.998655 0.0435099 0 -0.984755 -0.0352324 0.170344 0 -3278.41 -137.441 1484.88 1 3
0.173326 -0.0379908 0.984131 0 -0.0245281 0.998779 0.0428762 0 -0.984559 -0.0315704 0.172183 0 -3279.57 -128.66 1489.05 1 3
0.174884 -0.0384691 0.983837 0 -0.021483 0.998849 0.0428749 0 -0.984355 -0.0286339 0.173856 0 -3280.36 -121.816 1492.89 1 3
0.176089 -0.0390364 0.9836 0 -0.0191336 0.998889 0.0430686 0 -0.984188 -0.0264038 0.175147 0 -3281.37 -116.767 1495.57 1 3
0.177071 -0.0395125 0.983405 0 -0.0171585 0.998918 0.0432253 0 -0.984049 -0.0245277 0.176201 0 -3282.28 -112.528 1497.53 1 3
0.177935 -0.0399217 0.983232 0 -0.0155171 0.998939 0.0433675 0 -0.98392 -0.0229735 0.177127 0 -3283.12 -109.176 1499.15 1 3
0.17878 -0.0403962 0.983059 0 -0.0141727 0.998947 0.0436265 0 -0.983787 -0.0217322 0.17802 0 -3283.79 -106.617 1500.65 1 3
0.179562 -0.040762 0.982902 0 -0.0131881 0.998952 0.0438369 0 -0.983658 -0.020834 0.178836 0 -3284.28 -104.943 1501.95 1 3
0.180232 -0.0411185 0.982764 0 -0.0122368 0.998955 0.0440401 0 -0.983548 -0.0199633 0.17954 0 -3284.69 -103.245 1503.11 1 3
0.180905 -0.0410488 0.982644 0 -0.0116982 0.998968 0.0438844 0 -0.983431 -0.0194341 0.180238 0 -3285.03 -101.824 1504.81 1 3
0.181474 -0.0410801 0.982537 0 -0.0112785 0.998974 0.0438504 0 -0.983331 -0.0190392 0.180824 0 -3285.4 -100.875 1506.21 1 3
0.182059 -0.0411935 0.982424 0 -0.0108813 0.998976 0.043904 0 -0.983227 -0.0186832 0.181425 0 -3285.68 -100.04 1507.47 1 3
0.182562 -0.0412062 0.982331 0 -0.0106422 0.99898 0.0438824 0 -0.983137 -0.0184655 0.181937 0 -3285.94 -99.4423 1508.66 1 3
0.18298 -0.041294 0.982249 0 -0.0103051 0.998982 0.0439171 0 -0.983063 -0.0181581 0.182368 0 -3286.29 -98.7322 1509.54 1 3
0.183333 -0.0414714 0.982176 0 -0.0100549 0.998978 0.0440578 0 -0.982999 -0.0179529 0.182729 0 -3286.67 -98.3422 1509.95 1 3
0.183932 -0.0419118 0.982045 0 -0.0101028 0.998957 0.0445258 0 -0.982887 -0.0181111 0.183317 0 -3286.91 -99.1939 1510.89 1 3
0.183601 -0.0424873 0.982082 0 -0.00988834 0.998935 0.045065 0 -0.982951 -0.0179851 0.182985 0 -3288.24 -99.1772 1509.15 1 3
0.183422 -0.0429152 0.982097 0 -0.00959314 0.998921 0.045442 0 -0.982988 -0.0177564 0.182812 0 -3289.33 -98.8627 1508.02 1 3
0.183345 -0.0433231 0.982094 0 -0.00926152 0.998908 0.0457938 0 -0.983005 -0.0174917 0.182744 0 -3290.28 -98.414 1507.16 1 3
0.183376 -0.0436065 0.982075 0 -0.00905341 0.998898 0.046044 0 -0.983001 -0.0173345 0.182779 0 -3290.94 -98.1288 1506.66 1 3
0.18347 -0.0439496 0.982042 0 -0.00876007 0.998887 0.0463401 0 -0.982986 -0.0171048 0.182881 0 -3291.51 -97.6191 1506.37 1 3
0.183638 -0.0442236 0.981999 0 -0.00852864 0.998878 0.0465786 0 -0.982957 -0.0169287 0.183054 0 -3291.98 -97.2066 1506.39 1 3
0.183761 -0.0444191 0.981967 0 -0.00832021 0.998872 0.0467408 0 -0.982936 -0.0167593 0.183184 0 -3292.35 -96.7792 1506.42 1 3
0.183823 -0.0446636 0.981944 0 -0.00804075 0.998865 0.0469385 0 -0.982926 -0.016524 0.183256 0 -3292.73 -96.2759 1506.39 1 3
