0.207205 0 0.978298 0 0 1 0 0 -0.978298 0 0.207205 0 -1286.31 0 564.373 1 0
0.207205 0 0.978298 0 0 1 0 0 -0.978298 0 0.207205 0 -1286.31 0 564.373 1 0
0.207205 0 0.978298 0 0 1 0 0 -0.978298 0 0.207205 0 -1286.31 0 564.373 1 0
0.207205 0 0.978298 0 0 1 0 0 -0.978298 0 0.207205 0 -1286.31 0 564.373 1 0
0.207205 0 0.978298 0 0 1 0 0 -0.978298 0 0.207205 0 -1286.31 0 564.373 1 0
0.207205 0 0.978298 0 0 1 0 0 -0.978298 0 0.207205 0 -1286.31 0 564.373 1 0
0.207205 0 0.978298 0 0 1 0 0 -0.978298 0 0.207205 0 -1286.31 0 564.373 1 0
0.207205 0 0.978298 0 0 1 0 0 -0.978298 0 0.207205 0 -1286.31 0 564.373 1 0
0.207205 0 0.978298 0 0 1 0 0 -0.978298 0 0.207205 0 -1286.31 0 564.373 1 0
0.207205 0 0.978298 0 0 1 0 0 -0.978298 0 0.207205 0 -1286.31 0 564.373 1 0
0.207205 0 0.978298 0 0 1 0 0 -0.978298 0 0.207205 0 -1286.31 0 564.373 1 0
0.207205 0 0.978298 0 0 1 0 0 -0.978298 0 0.207205 0 -1286.31 0 564.373 1 0
0.207205 0 0.978298 0 0 1 0 0 -0.978298 0 0.207205 0 -1286.31 0 564.373 1 0
0.207205 0 0.978298 0 0 1 0 0 -0.978298 0 0.207205 0 -1286.31 0 564.373 1 0
0.207205 0 0.978298 0 0 1 0 0 -0.978298 0 0.207205 0 -1286.31 0 564.373 1 0
0.207205 0 0.978298 0 0 1 0 0 -0.978298 0 0.207205 0 -1286.31 0 564.373 1 0
0.207205 0 0.978298 0 0 1 0 0 -0.978298 0 0.207205 0 -1286.31 0 564.373 1 0
0.207205 0 0.978298 0 0 1 0 0 -0.978298 0 0.207205 0 -1286.31 0 564.373 1 0
0.207205 0 0.978298 0 0 1 0 0 -0.978298 0 0.207205 0 -1286.31 0 564.373 1 0
0.207205 0 0.978298 0 0 1 0 0 -0.978298 0 0.207205 0 -1286.31 0 564.373 1 0
0.207205 0 0.978298 0 0 1 0 0 -0.978298 0 0.207205 0 -1286.31 0 564.373 1 0
0.207205 0 0.978298 0 0 1 0 0 -0.978298 0 0.207205 0 -1286.31 0 564.373 1 0
0.207205 0 0.978298 0 0 1 0 0 -0.978298 0 0.207205 0 -1286.31 0 564.373 1 0
0.207205 0 0.978298 0 0 1 0 0 -0.978298 0 0.207205 0 -1286.31 0 564.373 1 0
0.237924 -0.0287647 0.970858 0 0.0194207 0.999502 0.0248541 0 -0.97109 0.0129414 0.238364 0 -996.296 -4.91693 971.06 1 1
0.243803 -0.0283946 0.969409 0 0.00280399 0.999588 0.0285734 0 -0.969821 -0.00424805 0.243782 0 -996.728 -8.39725 1005.88 1 1
0.243803 -0.0283946 0.969409 0 0.00280399 0.999588 0.0285734 0 -0.969821 -0.00424805 0.243782 0 -996.728 -8.39725 1005.88 1 2
0.243803 -0.0283946 0.969409 0 0.00280399 0.999588 0.0285734 0 -0.969821 -0.00424805 0.243782 0 -996.728 -8.39725 1005.88 1 2
0.243803 -0.0283946 0.969409 0 0.00280399 0.999588 0.0285734 0 -0.969821 -0.00424805 0.243782 0 -996.728 -8.39725 1005.88 1 2
0.243803 -0.0283946 0.969409 0 0.00280399 0.999588 0.0285734 0 -0.969821 -0.00424805 0.243782 0 -996.728 -8.39725 1005.88 1 2
0.243803 -0.0283946 0.969409 0 0.00280399 0.999588 0.0285734 0 -0.969821 -0.00424805 0.243782 0 -996.728 -8.39725 1005.88 1 2
0.243803 -0.0283946 0.969409 0 0.00280399 0.999588 0.0285734 0 -0.969821 -0.00424805 0.243782 0 -996.728 -8.39725 1005.88 1 2
0.243803 -0.0283946 0.969409 0 0.00280399 0.999588 0.0285734 0 -0.969821 -0.00424805 0.243782 0 -996.728 -8.39725 1005.88 1 2
0.243803 -0.0283946 0.969409 0 0.00280399 0.999588 0.0285734 0 -0.969821 -0.00424805 0.243782 0 -996.728 -8.39725 1005.88 1 2
0.243803 -0.0283946 0.969409 0 0.00280399 0.999588 0.0285734 0 -0.969821 -0.00424805 0.243782 0 -996.728 -8.39725 1005.88 1 2
0.243803 -0.0283946 0.969409 0 0.00280399 0.999588 0.0285734 0 -0.969821 -0.00424805 0.243782 0 -996.728 -8.39725 1005.88 1 2
0.243803 -0.0283946 0.969409 0 0.00280399 0.999588 0.0285734 0 -0.969821 -0.00424805 0.243782 0 -996.728 -8.39725 1005.88 1 2
0.243803 -0.0283946 0.969409 0 0.00280399 0.999588 0.0285734 0 -0.969821 -0.00424805 0.243782 0 -996.728 -8.39725 1005.88 1 2
0.243803 -0.0283946 0.969409 0 0.00280399 0.999588 0.0285734 0 -0.969821 -0.00424805 0.243782 0 -996.728 -8.39725 1005.88 1 2
0.243803 -0.0283946 0.969409 0 0.00280399 0.999588 0.0285734 0 -0.969821 -0.00424805 0.243782 0 -996.728 -8.39725 1005.88 1 2
0.243803 -0.0283946 0.969409 0 0.00280399 0.999588 0.0285734 0 -0.969821 -0.00424805 0.243782 0 -996.728 -8.39725 1005.88 1 2
0.243803 -0.0283946 0.969409 0 0.00280399 0.999588 0.0285734 0 -0.969821 -0.00424805 0.243782 0 -996.728 -8.39725 1005.88 1 2
0.243803 -0.0283946 0.969409 0 0.00280399 0.999588 0.0285734 0 -0.969821 -0.00424805 0.243782 0 -996.728 -8.39725 1005.88 1 2
0.243803 -0.0283946 0.969409 0 0.00280399 0.999588 0.0285734 0 -0.969821 -0.00424805 0.243782 0 -996.728 -8.39725 1005.88 1 2
0.243803 -0.0283946 0.969409 0 0.00280399 0.999588 0.0285734 0 -0.969821 -0.00424805 0.243782 0 -996.728 -8.39725 1005.88 1 2
0.243803 -0.0283946 0.969409 0 0.00280399 0.999588 0.0285734 0 -0.969821 -0.00424805 0.243782 0 -996.728 -8.39725 1005.88 1 2
0.243803 -0.0283946 0.969409 0 0.00280399 0.999588 0.0285734 0 -0.969821 -0.00424805 0.243782 0 -996.728 -8.39725 1005.88 1 2
0.243803 -0.0283946 0.969409 0 0.00280399 0.999588 0.0285734 0 -0.969821 -0.00424805 0.243782 0 -996.728 -8.39725 1005.88 1 2
0.243803 -0.0283946 0.969409 0 0.00280399 0.999588 0.0285734 0 -0.969821 -0.00424805 0.243782 0 -996.728 -8.39725 1005.88 1 2
0.243803 -0.0283946 0.969409 0 0.00280399 0.999588 0.0285734 0 -0.969821 -0.00424805 0.243782 0 -996.728 -8.39725 1005.88 1 2
0.243803 -0.0283946 0.969409 0 0.00280399 0.999588 0.0285734 0 -0.969821 -0.00424805 0.243782 0 -996.728 -8.39725 1005.88 1 2
0.243803 -0.0283946 0.969409 0 0.00280399 0.999588 0.0285734 0 -0.969821 -0.00424805 0.243782 0 -996.728 -8.39725 1005.88 1 2
0.243803 -0.0283946 0.969409 0 0.00280399 0.999588 0.0285734 0 -0.969821 -0.00424805 0.243782 0 -996.728 -8.39725 1005.88 1 2
0.243803 -0.0283946 0.969409 0 0.00280399 0.999588 0.0285734 0 -0.969821 -0.00424805 0.243782 0 -996.728 -8.39725 1005.88 1 2
0.243803 -0.0283946 0.969409 0 0.00280399 0.999588 0.0285734 0 -0.969821 -0.00424805 0.243782 0 -996.728 -8.39725 1005.88 1 2
0.243803 -0.0283946 0.969409 0 0.00280399 0.999588 0.0285734 0 -0.969821 -0.00424805 0.243782 0 -996.728 -8.39725 1005.88 1 2
0.243803 -0.0283946 0.969409 0 0.00280399 0.999588 0.0285734 0 -0.969821 -0.00424805 0.243782 0 -996.728 -8.39725 1005.88 1 2
0.243803 -0.0283946 0.969409 0 0.00280399 0.999588 0.0285734 0 -0.969821 -0.00424805 0.243782 0 -996.728 -8.39725 1005.88 1 2
0.243803 -0.0283946 0.969409 0 0.00280399 0.999588 0.0285734 0 -0.969821 -0.00424805 0.243782 0 -996.728 -8.39725 1005.88 1 2
0.243803 -0.0283946 0.969409 0 0.00280399 0.999588 0.0285734 0 -0.969821 -0.00424805 0.243782 0 -996.728 -8.39725 1005.88 1 2
0.243803 -0.0283946 0.969409 0 0.00280399 0.999588 0.0285734 0 -0.969821 -0.00424805 0.243782 0 -996.728 -8.39725 1005.88 1 2
0.243803 -0.0283946 0.969409 0 0.00280399 0.999588 0.0285734 0 -0.969821 -0.00424805 0.243782 0 -996.728 -8.39725 1005.88 1 2
0.243803 -0.0283946 0.969409 0 0.00280399 0.999588 0.0285734 0 -0.969821 -0.00424805 0.243782 0 -996.728 -8.39725 1005.88 1 2
0.243803 -0.0283946 0.969409 0 0.00280399 0.999588 0.0285734 0 -0.969821 -0.00424805 0.243782 0 -996.728 -8.39725 1005.88 1 2
0.243803 -0.0283946 0.969409 0 0.00280399 0.999588 0.0285734 0 -0.969821 -0.00424805 0.243782 0 -996.728 -8.39725 1005.88 1 2
0.243803 -0.0283946 0.969409 0 0.00280399 0.999588 0.0285734 0 -0.969821 -0.00424805 0.243782 0 -996.728 -8.39725 1005.88 1 2
0.243803 -0.0283946 0.969409 0 0.00280399 0.999588 0.0285734 0 -0.969821 -0.00424805 0.243782 0 -996.728 -8.39725 1005.88 1 2
0.243803 -0.0283946 0.969409 0 0.00280399 0.999588 0.0285734 0 -0.969821 -0.00424805 0.243782 0 -996.728 -8.39725 1005.88 1 2
0.243803 -0.0283946 0.969409 0 0.00280399 0.999588 0.0285734 0 -0.969821 -0.00424805 0.243782 0 -996.728 -8.39725 1005.88 1 2
0.243803 -0.0283946 0.969409 0 0.00280399 0.999588 0.0285734 0 -0.969821 -0.00424805 0.243782 0 -996.728 -8.39725 1005.88 1 2
0.243803 -0.0283946 0.969409 0 0.00280399 0.999588 0.0285734 0 -0.969821 -0.00424805 0.243782 0 -996.728 -8.39725 1005.88 1 2
0.243803 -0.0283946 0.969409 0 0.00280399 0.999588 0.0285734 0 -0.969821 -0.00424805 0.243782 0 -996.728 -8.39725 1005.88 1 2
0.243803 -0.0283946 0.969409 0 0.00280399 0.999588 0.0285734 0 -0.969821 -0.00424805 0.243782 0 -996.728 -8.39725 1005.88 1 2
0.243803 -0.0283946 0.969409 0 0.00280399 0.999588 0.0285734 0 -0.969821 -0.00424805 0.243782 0 -996.728 -8.39725 1005.88 1 2
0.243803 -0.0283946 0.969409 0 0.00280399 0.999588 0.0285734 0 -0.969821 -0.00424805 0.243782 0 -996.728 -8.39725 1005.88 1 2
0.243803 -0.0283946 0.969409 0 0.00280399 0.999588 0.0285734 0 -0.969821 -0.00424805 0.243782 0 -996.728 -8.39725 1005.88 1 2
0.243803 -0.0283946 0.969409 0 0.00280399 0.999588 0.0285734 0 -0.969821 -0.00424805 0.243782 0 -996.728 -8.39725 1005.88 1 2
0.243803 -0.0283946 0.969409 0 0.00280399 0.999588 0.0285734 0 -0.969821 -0.00424805 0.243782 0 -996.728 -8.39725 1005.88 1 2
0.243803 -0.0283946 0.969409 0 0.00280399 0.999588 0.0285734 0 -0.969821 -0.00424805 0.243782 0 -996.728 -8.39725 1005.88 1 2
0.243803 -0.0283946 0.969409 0 0.00280399 0.999588 0.0285734 0 -0.969821 -0.00424805 0.243782 0 -996.728 -8.39725 1005.88 1 2
0.243803 -0.0283946 0.969409 0 0.00280399 0.999588 0.0285734 0 -0.969821 -0.00424805 0.243782 0 -996.728 -8.39725 1005.88 1 2
0.243803 -0.0283946 0.969409 0 0.00280399 0.999588 0.0285734 0 -0.969821 -0.00424805 0.243782 0 -996.728 -8.39725 1005.88 1 2
0.243803 -0.0283946 0.969409 0 0.00280399 0.999588 0.0285734 0 -0.969821 -0.00424805 0.243782 0 -996.728 -8.39725 1005.88 1 2
0.243803 -0.0283946 0.969409 0 0.00280399 0.999588 0.0285734 0 -0.969821 -0.00424805 0.243782 0 -996.728 -8.39725 1005.88 1 2
0.243803 -0.0283946 0.969409 0 0.00280399 0.999588 0.0285734 0 -0.969821 -0.00424805 0.243782 0 -996.728 -8.39725 1005.88 1 2
0.243803 -0.0283946 0.969409 0 0.00280399 0.999588 0.0285734 0 -0.969821 -0.00424805 0.243782 0 -996.728 -8.39725 1005.88 1 2
0.243803 -0.0283946 0.969409 0 0.00280399 0.999588 0.0285734 0 -0.969821 -0.00424805 0.243782 0 -996.728 -8.39725 1005.88 1 2
0.243803 -0.0283946 0.969409 0 0.00280399 0.999588 0.0285734 0 -0.969821 -0.00424805 0.243782 0 -996.728 -8.39725 1005.88 1 2
0.243803 -0.0283946 0.969409 0 0.00280399 0.999588 0.0285734 0 -0.969821 -0.00424805 0.243782 0 -996.728 -8.39725 1005.88 1 2
0.243803 -0.0283946 0.969409 0 0.00280399 0.999588 0.0285734 0 -0.969821 -0.00424805 0.243782 0 -996.728 -8.39725 1005.88 1 2
0.243803 -0.0283946 0.969409 0 0.00280399 0.999588 0.0285734 0 -0.969821 -0.00424805 0.243782 0 -996.728 -8.39725 1005.88 1 2
0.243803 -0.0283946 0.969409 0 0.00280399 0.999588 0.0285734 0 -0.969821 -0.00424805 0.243782 0 -996.728 -8.39725 1005.88 1 2
0.243803 -0.0283946 0.969409 0 0.00280399 0.999588 0.0285734 0 -0.969821 -0.00424805 0.243782 0 -996.728 -8.39725 1005.88 1 2
0.243803 -0.0283946 0.969409 0 0.00280399 0.999588 0.0285734 0 -0.969821 -0.00424805 0.243782 0 -996.728 -8.39725 1005.88 1 2
0.243803 -0.0283946 0.969409 0 0.00280399 0.999588 0.0285734 0 -0.969821 -0.00424805 0.243782 0 -996.728 -8.39725 1005.88 1 2
0.243803 -0.0283946 0.969409 0 0.00280399 0.999588 0.0285734 0 -0.969821 -0.00424805 0.243782 0 -996.728 -8.39725 1005.88 1 2
0.243803 -0.0283946 0.969409 0 0.00280399 0.999588 0.0285734 0 -0.969821 -0.00424805 0.243782 0 -996.728 -8.39725 1005.88 1 2
0.243803 -0.0283946 0.969409 0 0.00280399 0.999588 0.0285734 0 -0.969821 -0.00424805 0.243782 0 -996.728 -8.39725 1005.88 1 2
0.243803 -0.0283946 0.969409 0 0.00280399 0.999588 0.0285734 0 -0.969821 -0.00424805 0.243782 0 -996.728 -8.39725 1005.88 1 2
0.243803 -0.0283946 0.969409 0 0.00280399 0.999588 0.0285734 0 -0.969821 -0.00424805 0.243782 0 -996.728 -8.39725 1005.88 1 2
0.243803 -0.0283946 0.969409 0 0.00280399 0.999588 0.0285734 0 -0.969821 -0.00424805 0.243782 0 -996.728 -8.39725 1005.88 1 2
0.243803 -0.0283946 0.969409 0 0.00280399 0.999588 0.0285734 0 -0.969821 -0.00424805 0.243782 0 -996.728 -8.39725 1005.88 1 2
0.243803 -0.0283946 0.969409 0 0.00280399 0.999588 0.0285734 0 -0.969821 -0.00424805 0.243782 0 -996.728 -8.39725 1005.88 1 2
0.243803 -0.0283946 0.969409 0 0.00280399 0.999588 0.0285734 0 -0.969821 -0.00424805 0.243782 0 -996.728 -8.39725 1005.88 1 2
0.243803 -0.0283946 0.969409 0 0.00280399 0.999588 0.0285734 0 -0.969821 -0.00424805 0.243782 0 -996.728 -8.39725 1005.88 1 2
0.243803 -0.0283946 0.969409 0 0.00280399 0.999588 0.0285734 0 -0.969821 -0.00424805 0.243782 0 -996.728 -8.39725 1005.88 1 2
0.243803 -0.0283946 0.969409 0 0.00280399 0.999588 0.0285734 0 -0.969821 -0.00424805 0.243782 0 -996.728 -8.39725 1005.88 1 2
0.243803 -0.0283946 0.969409 0 0.00280399 0.999588 0.0285734 0 -0.969821 -0.00424805 0.243782 0 -996.728 -8.39725 1005.88 1 2
0.243803 -0.0283946 0.969409 0 0.00280399 0.999588 0.0285734 0 -0.969821 -0.00424805 0.243782 0 -996.728 -8.39725 1005.88 1 2
0.243803 -0.0283946 0.969409 0 0.00280399 0.999588 0.0285734 0 -0.969821 -0.00424805 0.243782 0 -996.728 -8.39725 1005.88 1 2
0.243803 -0.0283946 0.969409 0 0.00280399 0.999588 0.0285734 0 -0.969821 -0.00424805 0.243782 0 -996.728 -8.39725 1005.88 1 2
0.243803 -0.0283946 0.969409 0 0.00280399 0.999588 0.0285734 0 -0.969821 -0.00424805 0.243782 0 -996.728 -8.39725 1005.88 1 2
0.243803 -0.0283946 0.969409 0 0.00280399 0.999588 0.0285734 0 -0.969821 -0.00424805 0.243782 0 -996.728 -8.39725 1005.88 1 2
0.243803 -0.0283946 0.969409 0 0.00280399 0.999588 0.0285734 0 -0.969821 -0.00424805 0.243782 0 -996.728 -8.39725 1005.88 1 2
0.243803 -0.0283946 0.969409 0 0.00280399 0.999588 0.0285734 0 -0.969821 -0.00424805 0.243782 0 -996.728 -8.39725 1005.88 1 2
0.243803 -0.0283946 0.969409 0 0.00280399 0.999588 0.0285734 0 -0.969821 -0.00424805 0.243782 0 -996.728 -8.39725 1005.88 1 2
0.243803 -0.0283946 0.969409 0 0.00280399 0.999588 0.0285734 0 -0.969821 -0.00424805 0.243782 0 -996.728 -8.39725 1005.88 1 2
0.243803 -0.0283946 0.969409 0 0.00280399 0.999588 0.0285734 0 -0.969821 -0.00424805 0.243782 0 -996.728 -8.39725 1005.88 1 2
0.243803 -0.0283946 0.969409 0 0.00280399 0.999588 0.0285734 0 -0.969821 -0.00424805 0.243782 0 -996.728 -8.39725 1005.88 1 2
0.243803 -0.0283946 0.969409 0 0.00280399 0.999588 0.0285734 0 -0.969821 -0.00424805 0.243782 0 -996.728 -8.39725 1005.88 1 2
0.243803 -0.0283946 0.969409 0 0.00280399 0.999588 0.0285734 0 -0.969821 -0.00424805 0.243782 0 -996.728 -8.39725 1005.88 1 2
0.243803 -0.0283946 0.969409 0 0.00280399 0.999588 0.0285734 0 -0.969821 -0.00424805 0.243782 0 -996.728 -8.39725 1005.88 1 2
0.243803 -0.0283946 0.969409 0 0.00280399 0.999588 0.0285734 0 -0.969821 -0.00424805 0.243782 0 -996.728 -8.39725 1005.88 1 2
0.243803 -0.0283946 0.969409 0 0.00280399 0.999588 0.0285734 0 -0.969821 -0.00424805 0.243782 0 -996.728 -8.39725 1005.88 1 2
0.243803 -0.0283946 0.969409 0 0.00280399 0.999588 0.0285734 0 -0.969821 -0.00424805 0.243782 0 -996.728 -8.39725 1005.88 1 2
0.243803 -0.0283946 0.969409 0 0.00280399 0.999588 0.0285734 0 -0.969821 -0.00424805 0.243782 0 -996.728 -8.39725 1005.88 1 2
0.243803 -0.0283946 0.969409 0 0.00280399 0.999588 0.0285734 0 -0.969821 -0.00424805 0.243782 0 -996.728 -8.39725 1005.88 1 2
0.243803 -0.0283946 0.969409 0 0.00280399 0.999588 0.0285734 0 -0.969821 -0.00424805 0.243782 0 -996.728 -8.39725 1005.88 1 2
0.245593 -0.0305738 0.968891 0 0.00334049 0.999523 0.0306937 0 -0.969367 -0.00430158 0.245578 0 -997.075 -13.5957 1005.78 1 3
0.24611 -0.0317702 0.968721 0 0.00261352 0.999481 0.032115 0 -0.969238 -0.00537203 0.246065 0 -996.935 -16.2336 1005.56 1 3
0.246355 -0.032081 0.968649 0 0.000941642 0.999459 0.0328619 0 -0.969179 -0.00718358 0.246252 0 -996.331 -18.5539 1005.24 1 3
0.247019 -0.0318339 0.968488 0 -0.0024132 0.999437 0.0334667 0 -0.969008 -0.0106041 0.246803 0 -996.562 -21.7297 1005.88 1 3
0.247335 -0.0313223 0.968424 0 -0.00591909 0.99941 0.0338363 0 -0.968912 -0.0141011 0.247004 0 -996.542 -24.5869 1006.23 1 3
0.247599 -0.0302572 0.96839 0 -0.00961672 0.999386 0.0336844 0 -0.968815 -0.017653 0.247156 0 -995.943 -27.1376 1006.72 1 3
0.247964 -0.0286861 0.968345 0 -0.0135354 0.999361 0.0330709 0 -0.968675 -0.0213073 0.247417 0 -995.003 -29.6861 1007.33 1 3
0.248211 -0.0268646 0.968333 0 -0.0175855 0.999326 0.032232 0 -0.968546 -0.0250289 0.247571 0 -993.878 -32.1827 1007.88 1 3
0.248528 -0.0251579 0.968298 0 -0.0216212 0.999269 0.031512 0 -0.968383 -0.0287674 0.247802 0 -992.71 -34.8459 1008.68 1 3
0.248797 -0.0234711 0.968271 0 -0.0257069 0.999194 0.030826 0 -0.968214 -0.0325607 0.247993 0 -991.554 -37.5097 1009.13 1 3
0.24911 -0.0214004 0.968239 0 -0.0297506 0.999115 0.0297371 0 -0.968018 -0.0362135 0.248253 0 -990.326 -39.9943 1009.71 1 3
0.249507 -0.0193371 0.96818 0 -0.0340738 0.999006 0.0287339 0 -0.967773 -0.0401589 0.2486 0 -988.76 -42.889 1010.49 1 3
0.250158 -0.0169651 0.968056 0 -0.0388058 0.998867 0.027533 0 -0.967427 -0.0444539 0.249217 0 -986.94 -45.8713 1011.56 1 3
0.251033 -0.0145246 0.96787 0 -0.0437273 0.998697 0.0263286 0 -0.96699 -0.0489317 0.250071 0 -984.878 -48.9873 1012.71 1 3
0.252 -0.0123115 0.967649 0 -0.0476855 0.998546 0.0251232 0 -0.966552 -0.0524739 0.251047 0 -982.933 -51.673 1013.85 1 3
0.253007 -0.01052 0.967407 0 -0.0506945 0.998423 0.0241155 0 -0.966135 -0.0551436 0.252074 0 -981.237 -53.7402 1015.01 1 3
0.254074 -0.00940106 0.967139 0 -0.0527399 0.99833 0.0235594 0 -0.965746 -0.0569926 0.253154 0 -979.468 -55.1098 1015.82 1 3
0.255153 -0.00818577 0.966866 0 -0.0537253 0.998299 0.0226298 0 -0.965407 -0.0577193 0.254279 0 -978.095 -55.5377 1016.7 1 3
0.256364 -0.00688415 0.966556 0 -0.0537939 0.998323 0.0213784 0 -0.965082 -0.0574755 0.255564 0 -976.945 -55.2003 1017.85 1 3
0.257907 -0.00606059 0.966151 0 -0.0522713 0.998428 0.0202165 0 -0.964755 -0.055716 0.257185 0 -976.116 -53.7291 1019.19 1 3
0.259654 -0.00471715 0.96569 0 -0.0487801 0.998647 0.0179941 0 -0.964469 -0.0517787 0.259073 0 -975.995 -50.6357 1020.93 1 3
0.261604 -0.00385635 0.965168 0 -0.04436 0.998887 0.0160147 0 -0.964155 -0.0470044 0.261142 0 -976.257 -47.475 1022.96 1 3
0.263588 -0.00356377 0.964629 0 -0.0395067 0.999114 0.0144865 0 -0.963826 -0.0419277 0.263213 0 -976.553 -44.1901 1024.69 1 3
0.265672 -0.00337947 0.964058 0 -0.0348118 0.999308 0.0130964 0 -0.963435 -0.0370399 0.265371 0 -976.864 -40.9061 1026.38 1 3
0.267504 -0.00343467 0.963551 0 -0.0307253 0.999455 0.0120927 0 -0.963067 -0.0328402 0.267253 0 -977.064 -38.0114 1027.87 1 3
0.268908 -0.00361344 0.963159 0 -0.0272824 0.999563 0.0113671 0 -0.962779 -0.029334 0.268692 0 -977.644 -35.7283 1028.86 1 3
0.270122 -0.00391013 0.962818 0 -0.0242983 0.999646 0.0108767 0 -0.962519 -0.0263329 0.269931 0 -978.29 -33.562 1029.79 1 3
0.271025 -0.00432135 0.962563 0 -0.0218241 0.999705 0.010633 0 -0.962325 -0.0238889 0.270851 0 -979.032 -32.0995 1030.32 1 3
0.271969 -0.00497273 0.962293 0 -0.0198401 0.999745 0.0107736 0 -0.962101 -0.0220221 0.271801 0 -979.527 -31.2074 1030.8 1 3
0.27254 -0.00561872 0.962128 0 -0.0182432 0.999773 0.0110063 0 -0.961971 -0.020552 0.272376 0 -980.217 -30.602 1031.04 1 3
0.272944 -0.00607178 0.962011 0 -0.016972 0.999794 0.0111256 0 -0.96188 -0.019364 0.272785 0 -980.809 -30.0878 1031.11 1 3
0.273348 -0.00642602 0.961894 0 -0.0159522 0.99981 0.0112126 0 -0.961783 -0.0184093 0.273194 0 -981.321 -29.7476 1031.05 1 3
0.273744 -0.00674101 0.961779 0 -0.0151308 0.999822 0.0113142 0 -0.961684 -0.0176496 0.273593 0 -981.702 -29.6184 1030.99 1 3
0.274146 -0.00702172 0.961662 0 -0.014591 0.999828 0.0114599 0 -0.961577 -0.0171733 0.273997 0 -981.952 -29.6305 1030.83 1 3
0.274462 -0.00730743 0.96157 0 -0.0140273 0.999834 0.011602 0 -0.961496 -0.0166726 0.274314 0 -982.106 -29.5165 1030.71 1 3
0.274693 -0.00721029 0.961505 0 -0.0136418 0.999842 0.0113951 0 -0.961435 -0.0162468 0.274551 0 -982.284 -29.1596 1031.25 1 3
0.274813 -0.00716128 0.961471 0 -0.0134115 0.999846 0.0112805 0 -0.961404 -0.0159948 0.274675 0 -982.442 -29.0014 1031.66 1 3
0.274974 -0.00713352 0.961425 0 -0.0132385 0.99985 0.0112049 0 -0.961361 -0.0158089 0.274838 0 -982.496 -28.8195 1031.96 1 3
0.275241 -0.00702321 0.96135 0 -0.0131837 0.999852 0.0110791 0 -0.961285 -0.0157235 0.275107 0 -982.57 -28.6696 1032.23 1 3
0.275394 -0.00702201 0.961306 0 -0.0130832 0.999853 0.0110516 0 -0.961243 -0.0156205 0.275261 0 -982.697 -28.5257 1032.44 1 3
0.275426 -0.00705508 0.961296 0 -0.0130157 0.999854 0.0110673 0 -0.961234 -0.0155602 0.275294 0 -982.798 -28.4631 1032.54 1 3
0.275664 -0.00733344 0.961226 0 -0.0131806 0.999848 0.0114081 0 -0.961164 -0.0158143 0.275526 0 -982.919 -28.8125 1032.59 1 3
0.275159 -0.00765571 0.961368 0 -0.0130996 0.999846 0.0117114 0 -0.96131 -0.015816 0.275016 0 -983.574 -28.9327 1032.12 1 3
0.274855 -0.007945 0.961453 0 -0.0129261 0.999845 0.0119575 0 -0.961399 -0.0157144 0.274709 0 -984.068 -29.0434 1031.76 1 3
0.274589 -0.00824574 0.961526 0 -0.0127256 0.999844 0.0122085 0 -0.961478 -0.0155883 0.274441 0 -984.487 -29.1317 1031.45 1 3
0.274427 -0.00840976 0.961571 0 -0.0125996 0.999844 0.0123404 0 -0.961525 -0.015502 0.274279 0 -984.739 -29.1846 1031.21 1 3
0.274322 -0.0086477 0.961599 0 -0.0123993 0.999845 0.0125289 0 -0.961558 -0.0153601 0.274173 0 -984.955 -29.2007 1031.03 1 3
0.274296 -0.00881113 0.961605 0 -0.0122454 0.999845 0.0126545 0 -0.961567 -0.0152463 0.274145 0 -985.089 -29.1885 1030.96 1 3
0.274282 -0.00889995 0.961608 0 -0.0121226 0.999846 0.0127116 0 -0.961573 -0.0151438 0.274132 0 -985.175 -29.1313 1030.89 1 3
0.274258 -0.00908891 0.961613 0 -0.0119487 0.999846 0.0128581 0 -0.961582 -0.0150165 0.274107 0 -985.281 -29.1113 1030.82 1 3
