0.010135 0 0.999949 0 0 1 0 0 -0.999949 0 0.010135 0 -3991.22 0 -80.4465 1 0
0.010135 0 0.999949 0 0 1 0 0 -0.999949 0 0.010135 0 -3991.22 0 -80.4465 1 0
0.010135 0 0.999949 0 0 1 0 0 -0.999949 0 0.010135 0 -3991.22 0 -80.4465 1 0
0.010135 0 0.999949 0 0 1 0 0 -0.999949 0 0.010135 0 -3991.22 0 -80.4465 1 0
0.010135 0 0.999949 0 0 1 0 0 -0.999949 0 0.010135 0 -3991.22 0 -80.4465 1 0
0.010135 0 0.999949 0 0 1 0 0 -0.999949 0 0.010135 0 -3991.22 0 -80.4465 1 0
0.010135 0 0.999949 0 0 1 0 0 -0.999949 0 0.010135 0 -3991.22 0 -80.4465 1 0
0.010135 0 0.999949 0 0 1 0 0 -0.999949 0 0.010135 0 -3991.22 0 -80.4465 1 0
0.010135 0 0.999949 0 0 1 0 0 -0.999949 0 0.010135 0 -3991.22 0 -80.4465 1 0
0.010135 0 0.999949 0 0 1 0 0 -0.999949 0 0.010135 0 -3991.22 0 -80.4465 1 0
0.010135 0 0.999949 0 0 1 0 0 -0.999949 0 0.010135 0 -3991.22 0 -80.4465 1 0
0.010135 0 0.999949 0 0 1 0 0 -0.999949 0 0.010135 0 -3991.22 0 -80.4465 1 0
0.010135 0 0.999949 0 0 1 0 0 -0.999949 0 0.010135 0 -3991.22 0 -80.4465 1 0
0.010135 0 0.999949 0 0 1 0 0 -0.999949 0 0.010135 0 -3991.22 0 -80.4465 1 0
0.010135 0 0.999949 0 0 1 0 0 -0.999949 0 0.010135 0 -3991.22 0 -80.4465 1 0
0.010135 0 0.999949 0 0 1 0 0 -0.999949 0 0.010135 0 -3991.22 0 -80.4465 1 0
0.010135 0 0.999949 0 0 1 0 0 -0.999949 0 0.010135 0 -3991.22 0 -80.4465 1 0
0.010135 0 0.999949 0 0 1 0 0 -0.999949 0 0.010135 0 -3991.22 0 -80.4465 1 0
0.010135 0 0.999949 0 0 1 0 0 -0.999949 0 0.010135 0 -3991.22 0 -80.4465 1 0
0.010135 0 0.999949 0 0 1 0 0 -0.999949 0 0.010135 0 -3991.22 0 -80.4465 1 0
0.010135 0 0.999949 0 0 1 0 0 -0.999949 0 0.010135 0 -3991.22 0 -80.4465 1 0
0.010135 0 0.999949 0 0 1 0 0 -0.999949 0 0.010135 0 -3991.22 0 -80.4465 1 0
0.010135 0 0.999949 0 0 1 0 0 -0.999949 0 0.010135 0 -3991.22 0 -80.4465 1 0
0.010135 0 0.999949 0 0 1 0 0 -0.999949 0 0.010135 0 -3991.22 0 -80.4465 1 0
0.010135 0 0.999949 0 0 1 0 0 -0.999949 0 0.010135 0 -3991.22 0 -80.4465 1 0
0.010135 0 0.999949 0 0 1 0 0 -0.999949 0 0.010135 0 -3991.22 0 -80.4465 1 0
0.010135 0 0.999949 0 0 1 0 0 -0.999949 0 0.010135 0 -3991.22 0 -80.4465 1 0
0.010135 0 0.999949 0 0 1 0 0 -0.999949 0 0.010135 0 -3991.22 0 -80.4465 1 0
0.010135 0 0.999949 0 0 1 0 0 -0.999949 0 0.010135 0 -3991.22 0 -80.4465 1 0
0.010135 0 0.999949 0 0 1 0 0 -0.999949 0 0.010135 0 -3991.22 0 -80.4465 1 0
0.010135 0 0.999949 0 0 1 0 0 -0.999949 0 0.010135 0 -3991.22 0 -80.4465 1 0
0.010135 0 0.999949 0 0 1 0 0 -0.999949 0 0.010135 0 -3991.22 0 -80.4465 1 0
0.010135 0 0.999949 0 0 1 0 0 -0.999949 0 0.010135 0 -3991.22 0 -80.4465 1 0
0.010135 0 0.999949 0 0 1 0 0 -0.999949 0 0.010135 0 -3991.22 0 -80.4465 1 0
0.010135 0 0.999949 0 0 1 0 0 -0.999949 0 0.010135 0 -3991.22 0 -80.4465 1 0
0.010135 0 0.999949 0 0 1 0 0 -0.999949 0 0.010135 0 -3991.22 0 -80.4465 1 0
0.010135 0 0.999949 0 0 1 0 0 -0.999949 0 0.010135 0 -3991.22 0 -80.4465 1 0
0.010135 0 0.999949 0 0 1 0 0 -0.999949 0 0.010135 0 -3991.22 0 -80.4465 1 0
0.010135 0 0.999949 0 0 1 0 0 -0.999949 0 0.010135 0 -3991.22 0 -80.4465 1 0
0.010135 0 0.999949 0 0 1 0 0 -0.999949 0 0.010135 0 -3991.22 0 -80.4465 1 0
0.010135 0 0.999949 0 0 1 0 0 -0.999949 0 0.010135 0 -3991.22 0 -80.4465 1 0
0.010135 0 0.999949 0 0 1 0 0 -0.999949 0 0.010135 0 -3991.22 0 -80.4465 1 0
0.010135 0 0.999949 0 0 1 0 0 -0.999949 0 0.010135 0 -3991.22 0 -80.4465 1 0
0.010135 0 0.999949 0 0 1 0 0 -0.999949 0 0.010135 0 -3991.22 0 -80.4465 1 0
0.010135 0 0.999949 0 0 1 0 0 -0.999949 0 0.010135 0 -3991.22 0 -80.4465 1 0
0.010135 0 0.999949 0 0 1 0 0 -0.999949 0 0.010135 0 -3991.22 0 -80.4465 1 0
0.010135 0 0.999949 0 0 1 0 0 -0.999949 0 0.010135 0 -3991.22 0 -80.4465 1 0
0.010135 0 0.999949 0 0 1 0 0 -0.999949 0 0.010135 0 -3991.22 0 -80.4465 1 0
0.0455083 -0.085893 0.995264 0 0.0229902 0.996123 0.0849158 0 -0.998699 0.019017 0.0473065 0 -3777.66 -22.7148 1363.35 1 1
0.0518804 -0.0851452 0.995017 0 0.0272287 0.996109 0.0838189 0 -0.998282 0.0227444 0.0539969 0 -3795.44 -30.8388 1436.82 1 1
0.0518804 -0.0851452 0.995017 0 0.0272287 0.996109 0.0838189 0 -0.998282 0.0227444 0.0539969 0 -3795.44 -30.8388 1436.82 1 2
0.0518804 -0.0851452 0.995017 0 0.0272287 0.996109 0.0838189 0 -0.998282 0.0227444 0.0539969 0 -3795.44 -30.8388 1436.82 1 2
0.0518804 -0.0851452 0.995017 0 0.0272287 0.996109 0.0838189 0 -0.998282 0.0227444 0.0539969 0 -3795.44 -30.8388 1436.82 1 2
0.0518804 -0.0851452 0.995017 0 0.0272287 0.996109 0.0838189 0 -0.998282 0.0227444 0.0539969 0 -3795.44 -30.8388 1436.82 1 2
0.0518804 -0.0851452 0.995017 0 0.0272287 0.996109 0.0838189 0 -0.998282 0.0227444 0.0539969 0 -3795.44 -30.8388 1436.82 1 2
0.0518804 -0.0851452 0.995017 0 0.0272287 0.996109 0.0838189 0 -0.998282 0.0227444 0.0539969 0 -3795.44 -30.8388 1436.82 1 2
0.0518804 -0.0851452 0.995017 0 0.0272287 0.996109 0.0838189 0 -0.998282 0.0227444 0.0539969 0 -3795.44 -30.8388 1436.82 1 2
0.0518804 -0.0851452 0.995017 0 0.0272287 0.996109 0.0838189 0 -0.998282 0.0227444 0.0539969 0 -3795.44 -30.8388 1436.82 1 2
0.0518804 -0.0851452 0.995017 0 0.0272287 0.996109 0.0838189 0 -0.998282 0.0227444 0.0539969 0 -3795.44 -30.8388 1436.82 1 2
0.0518804 -0.0851452 0.995017 0 0.0272287 0.996109 0.0838189 0 -0.998282 0.0227444 0.0539969 0 -3795.44 -30.8388 1436.82 1 2
0.0518804 -0.0851452 0.995017 0 0.0272287 0.996109 0.0838189 0 -0.998282 0.0227444 0.0539969 0 -3795.44 -30.8388 1436.82 1 2
0.0518804 -0.0851452 0.995017 0 0.0272287 0.996109 0.0838189 0 -0.998282 0.0227444 0.0539969 0 -3795.44 -30.8388 1436.82 1 2
0.0518804 -0.0851452 0.995017 0 0.0272287 0.996109 0.0838189 0 -0.998282 0.0227444 0.0539969 0 -3795.44 -30.8388 1436.82 1 2
0.0518804 -0.0851452 0.995017 0 0.0272287 0.996109 0.0838189 0 -0.998282 0.0227444 0.0539969 0 -3795.44 -30.8388 1436.82 1 2
0.0518804 -0.0851452 0.995017 0 0.0272287 0.996109 0.0838189 0 -0.998282 0.0227444 0.0539969 0 -3795.44 -30.8388 1436.82 1 2
0.0518804 -0.0851452 0.995017 0 0.0272287 0.996109 0.0838189 0 -0.998282 0.0227444 0.0539969 0 -3795.44 -30.8388 1436.82 1 2
0.0518804 -0.0851452 0.995017 0 0.0272287 0.996109 0.0838189 0 -0.998282 0.0227444 0.0539969 0 -3795.44 -30.8388 1436.82 1 2
0.0518804 -0.0851452 0.995017 0 0.0272287 0.996109 0.0838189 0 -0.998282 0.0227444 0.0539969 0 -3795.44 -30.8388 1436.82 1 2
0.0518804 -0.0851452 0.995017 0 0.0272287 0.996109 0.0838189 0 -0.998282 0.0227444 0.0539969 0 -3795.44 -30.8388 1436.82 1 2
0.0518804 -0.0851452 0.995017 0 0.0272287 0.996109 0.0838189 0 -0.998282 0.0227444 0.0539969 0 -3795.44 -30.8388 1436.82 1 2
0.0518804 -0.0851452 0.995017 0 0.0272287 0.996109 0.0838189 0 -0.998282 0.0227444 0.0539969 0 -3795.44 -30.8388 1436.82 1 2
0.0518804 -0.0851452 0.995017 0 0.0272287 0.996109 0.0838189 0 -0.998282 0.0227444 0.0539969 0 -3795.44 -30.8388 1436.82 1 2
0.0518804 -0.0851452 0.995017 0 0.0272287 0.996109 0.0838189 0 -0.998282 0.0227444 0.0539969 0 -3795.44 -30.8388 1436.82 1 2
0.0518804 -0.0851452 0.995017 0 0.0272287 0.996109 0.0838189 0 -0.998282 0.0227444 0.0539969 0 -3795.44 -30.8388 1436.82 1 2
0.0518804 -0.0851452 0.995017 0 0.0272287 0.996109 0.0838189 0 -0.998282 0.0227444 0.0539969 0 -3795.44 -30.8388 1436.82 1 2
0.0518804 -0.0851452 0.995017 0 0.0272287 0.996109 0.0838189 0 -0.998282 0.0227444 0.0539969 0 -3795.44 -30.8388 1436.82 1 2
0.0518804 -0.0851452 0.995017 0 0.0272287 0.996109 0.0838189 0 -0.998282 0.0227444 0.0539969 0 -3795.44 -30.8388 1436.82 1 2
0.0518804 -0.0851452 0.995017 0 0.0272287 0.996109 0.0838189 0 -0.998282 0.0227444 0.0539969 0 -3795.44 -30.8388 1436.82 1 2
0.0518804 -0.0851452 0.995017 0 0.0272287 0.996109 0.0838189 0 -0.998282 0.0227444 0.0539969 0 -3795.44 -30.8388 1436.82 1 2
0.0518804 -0.0851452 0.995017 0 0.0272287 0.996109 0.0838189 0 -0.998282 0.0227444 0.0539969 0 -3795.44 -30.8388 1436.82 1 2
0.0518804 -0.0851452 0.995017 0 0.0272287 0.996109 0.0838189 0 -0.998282 0.0227444 0.0539969 0 -3795.44 -30.8388 1436.82 1 2
0.0518804 -0.0851452 0.995017 0 0.0272287 0.996109 0.0838189 0 -0.998282 0.0227444 0.0539969 0 -3795.44 -30.8388 1436.82 1 2
0.0518804 -0.0851452 0.995017 0 0.0272287 0.996109 0.0838189 0 -0.998282 0.0227444 0.0539969 0 -3795.44 -30.8388 1436.82 1 2
0.0518804 -0.0851452 0.995017 0 0.0272287 0.996109 0.0838189 0 -0.998282 0.0227444 0.0539969 0 -3795.44 -30.8388 1436.82 1 2
0.0518804 -0.0851452 0.995017 0 0.0272287 0.996109 0.0838189 0 -0.998282 0.0227444 0.0539969 0 -3795.44 -30.8388 1436.82 1 2
0.0518804 -0.0851452 0.995017 0 0.0272287 0.996109 0.0838189 0 -0.998282 0.0227444 0.0539969 0 -3795.44 -30.8388 1436.82 1 2
0.0518804 -0.0851452 0.995017 0 0.0272287 0.996109 0.0838189 0 -0.998282 0.0227444 0.0539969 0 -3795.44 -30.8388 1436.82 1 2
0.0518804 -0.0851452 0.995017 0 0.0272287 0.996109 0.0838189 0 -0.998282 0.0227444 0.0539969 0 -3795.44 -30.8388 1436.82 1 2
0.0518804 -0.0851452 0.995017 0 0.0272287 0.996109 0.0838189 0 -0.998282 0.0227444 0.0539969 0 -3795.44 -30.8388 1436.82 1 2
0.0518804 -0.0851452 0.995017 0 0.0272287 0.996109 0.0838189 0 -0.998282 0.0227444 0.0539969 0 -3795.44 -30.8388 1436.82 1 2
0.0518804 -0.0851452 0.995017 0 0.0272287 0.996109 0.0838189 0 -0.998282 0.0227444 0.0539969 0 -3795.44 -30.8388 1436.82 1 2
0.0518804 -0.0851452 0.995017 0 0.0272287 0.996109 0.0838189 0 -0.998282 0.0227444 0.0539969 0 -3795.44 -30.8388 1436.82 1 2
0.0518804 -0.0851452 0.995017 0 0.0272287 0.996109 0.0838189 0 -0.998282 0.0227444 0.0539969 0 -3795.44 -30.8388 1436.82 1 2
0.0518804 -0.0851452 0.995017 0 0.0272287 0.996109 0.0838189 0 -0.998282 0.0227444 0.0539969 0 -3795.44 -30.8388 1436.82 1 2
0.0518804 -0.0851452 0.995017 0 0.0272287 0.996109 0.0838189 0 -0.998282 0.0227444 0.0539969 0 -3795.44 -30.8388 1436.82 1 2
0.0518804 -0.0851452 0.995017 0 0.0272287 0.996109 0.0838189 0 -0.998282 0.0227444 0.0539969 0 -3795.44 -30.8388 1436.82 1 2
0.0518804 -0.0851452 0.995017 0 0.0272287 0.996109 0.0838189 0 -0.998282 0.0227444 0.0539969 0 -3795.44 -30.8388 1436.82 1 2
0.0518804 -0.0851452 0.995017 0 0.0272287 0.996109 0.0838189 0 -0.998282 0.0227444 0.0539969 0 -3795.44 -30.8388 1436.82 1 2
0.0518804 -0.0851452 0.995017 0 0.0272287 0.996109 0.0838189 0 -0.998282 0.0227444 0.0539969 0 -3795.44 -30.8388 1436.82 1 2
0.0518804 -0.0851452 0.995017 0 0.0272287 0.996109 0.0838189 0 -0.998282 0.0227444 0.0539969 0 -3795.44 -30.8388 1436.82 1 2
0.0518804 -0.0851452 0.995017 0 0.0272287 0.996109 0.0838189 0 -0.998282 0.0227444 0.0539969 0 -3795.44 -30.8388 1436.82 1 2
0.0518804 -0.0851452 0.995017 0 0.0272287 0.996109 0.0838189 0 -0.998282 0.0227444 0.0539969 0 -3795.44 -30.8388 1436.82 1 2
0.0518804 -0.0851452 0.995017 0 0.0272287 0.996109 0.0838189 0 -0.998282 0.0227444 0.0539969 0 -3795.44 -30.8388 1436.82 1 2
0.0518804 -0.0851452 0.995017 0 0.0272287 0.996109 0.0838189 0 -0.998282 0.0227444 0.0539969 0 -3795.44 -30.8388 1436.82 1 2
0.0518804 -0.0851452 0.995017 0 0.0272287 0.996109 0.0838189 0 -0.998282 0.0227444 0.0539969 0 -3795.44 -30.8388 1436.82 1 2
0.0518804 -0.0851452 0.995017 0 0.0272287 0.996109 0.0838189 0 -0.998282 0.0227444 0.0539969 0 -3795.44 -30.8388 1436.82 1 2
0.0518804 -0.0851452 0.995017 0 0.0272287 0.996109 0.0838189 0 -0.998282 0.0227444 0.0539969 0 -3795.44 -30.8388 1436.82 1 2
0.0518804 -0.0851452 0.995017 0 0.0272287 0.996109 0.0838189 0 -0.998282 0.0227444 0.0539969 0 -3795.44 -30.8388 1436.82 1 2
0.0518804 -0.0851452 0.995017 0 0.0272287 0.996109 0.0838189 0 -0.998282 0.0227444 0.0539969 0 -3795.44 -30.8388 1436.82 1 2
0.0518804 -0.0851452 0.995017 0 0.0272287 0.996109 0.0838189 0 -0.998282 0.0227444 0.0539969 0 -3795.44 -30.8388 1436.82 1 2
0.0518804 -0.0851452 0.995017 0 0.0272287 0.996109 0.0838189 0 -0.998282 0.0227444 0.0539969 0 -3795.44 -30.8388 1436.82 1 2
0.0518804 -0.0851452 0.995017 0 0.0272287 0.996109 0.0838189 0 -0.998282 0.0227444 0.0539969 0 -3795.44 -30.8388 1436.82 1 2
0.0518804 -0.0851452 0.995017 0 0.0272287 0.996109 0.0838189 0 -0.998282 0.0227444 0.0539969 0 -3795.44 -30.8388 1436.82 1 2
0.0518804 -0.0851452 0.995017 0 0.0272287 0.996109 0.0838189 0 -0.998282 0.0227444 0.0539969 0 -3795.44 -30.8388 1436.82 1 2
0.0518804 -0.0851452 0.995017 0 0.0272287 0.996109 0.0838189 0 -0.998282 0.0227444 0.0539969 0 -3795.44 -30.8388 1436.82 1 2
0.0518804 -0.0851452 0.995017 0 0.0272287 0.996109 0.0838189 0 -0.998282 0.0227444 0.0539969 0 -3795.44 -30.8388 1436.82 1 2
0.0518804 -0.0851452 0.995017 0 0.0272287 0.996109 0.0838189 0 -0.998282 0.0227444 0.0539969 0 -3795.44 -30.8388 1436.82 1 2
0.0518804 -0.0851452 0.995017 0 0.0272287 0.996109 0.0838189 0 -0.998282 0.0227444 0.0539969 0 -3795.44 -30.8388 1436.82 1 2
0.0518804 -0.0851452 0.995017 0 0.0272287 0.996109 0.0838189 0 -0.998282 0.0227444 0.0539969 0 -3795.44 -30.8388 1436.82 1 2
0.0518804 -0.0851452 0.995017 0 0.0272287 0.996109 0.0838189 0 -0.998282 0.0227444 0.0539969 0 -3795.44 -30.8388 1436.82 1 2
0.0518804 -0.0851452 0.995017 0 0.0272287 0.996109 0.0838189 0 -0.998282 0.0227444 0.0539969 0 -3795.44 -30.8388 1436.82 1 2
0.0518804 -0.0851452 0.995017 0 0.0272287 0.996109 0.0838189 0 -0.998282 0.0227444 0.0539969 0 -3795.44 -30.8388 1436.82 1 2
0.0518804 -0.0851452 0.995017 0 0.0272287 0.996109 0.0838189 0 -0.998282 0.0227444 0.0539969 0 -3795.44 -30.8388 1436.82 1 2
0.0518804 -0.0851452 0.995017 0 0.0272287 0.996109 0.0838189 0 -0.998282 0.0227444 0.0539969 0 -3795.44 -30.8388 1436.82 1 2
0.0518804 -0.0851452 0.995017 0 0.0272287 0.996109 0.0838189 0 -0.998282 0.0227444 0.0539969 0 -3795.44 -30.8388 1436.82 1 2
0.0518804 -0.0851452 0.995017 0 0.0272287 0.996109 0.0838189 0 -0.998282 0.0227444 0.0539969 0 -3795.44 -30.8388 1436.82 1 2
0.0518804 -0.0851452 0.995017 0 0.0272287 0.996109 0.0838189 0 -0.998282 0.0227444 0.0539969 0 -3795.44 -30.8388 1436.82 1 2
0.0518804 -0.0851452 0.995017 0 0.0272287 0.996109 0.0838189 0 -0.998282 0.0227444 0.0539969 0 -3795.44 -30.8388 1436.82 1 2
0.0472085 -0.0935776 0.994492 0 0.0215667 0.995466 0.0926455 0 -0.998652 0.0170742 0.0490126 0 -3797 -47.3477 1433.42 1 3
0.0437672 -0.0986975 0.994155 0 0.016288 0.995046 0.098069 0 -0.998909 0.0119006 0.045158 0 -3798.26 -59.9598 1428.75 1 3
0.041383 -0.102486 0.993873 0 0.0112928 0.99471 0.102102 0 -0.99908 0.00699834 0.0423214 0 -3798.91 -72.1679 1424.47 1 3
0.0394902 -0.105891 0.993593 0 0.00565012 0.994377 0.10575 0 -0.999204 0.00143782 0.0398665 0 -3799.79 -88.4355 1422.09 1 3
0.0384894 -0.10847 0.993354 0 0.000103186 0.994091 0.108546 0 -0.999259 -0.00407537 0.0382732 0 -3800.2 -104.284 1420.1 1 3
0.0383203 -0.10964 0.993232 0 -0.00544515 0.993925 0.109927 0 -0.999251 -0.00962072 0.0374905 0 -3799.72 -119.78 1419.49 1 3
0.0386182 -0.109449 0.993242 0 -0.0113391 0.993871 0.109959 0 -0.99919 -0.0155089 0.0371405 0 -3798.49 -136.246 1420.06 1 3
0.0392444 -0.108544 0.993317 0 -0.0174231 0.993857 0.109292 0 -0.999078 -0.0215957 0.0371122 0 -3796.8 -152.896 1420.98 1 3
0.0400563 -0.107072 0.993444 0 -0.023293 0.993872 0.108057 0 -0.998926 -0.0274686 0.0373169 0 -3794.91 -169.482 1422.4 1 3
0.0410833 -0.105539 0.993566 0 -0.0290796 0.993858 0.106773 0 -0.998732 -0.0332791 0.037762 0 -3792.9 -186.368 1423.77 1 3
0.0422664 -0.10343 0.993738 0 -0.0346436 0.993877 0.104918 0 -0.998506 -0.0388611 0.0384245 0 -3790.71 -202.648 1425.83 1 3
0.0436166 -0.101129 0.993917 0 -0.0403144 0.993875 0.102894 0 -0.998235 -0.044557 0.0392725 0 -3787.99 -219.927 1428.72 1 3
0.0452912 -0.0982795 0.994128 0 -0.0464111 0.993867 0.100368 0 -0.997895 -0.0506843 0.0404522 0 -3784.67 -238.381 1433 1 3
0.0472305 -0.0949283 0.994363 0 -0.0529612 0.993836 0.0973936 0 -0.997479 -0.0572626 0.0419119 0 -3780.77 -257.897 1438.23 1 3
0.0493168 -0.0915819 0.994576 0 -0.0584048 0.993819 0.0944083 0 -0.997074 -0.0627439 0.0436631 0 -3777.03 -274.099 1443.94 1 3
0.0515382 -0.0884295 0.994748 0 -0.062834 0.993811 0.0916017 0 -0.996692 -0.067225 0.0456629 0 -3773.72 -286.964 1450.17 1 3
0.0539912 -0.0859645 0.994834 0 -0.0657225 0.993821 0.0894438 0 -0.996376 -0.0702122 0.0480078 0 -3770.68 -295.716 1456.59 1 3
0.0563115 -0.0833638 0.994927 0 -0.067013 0.993945 0.0870744 0 -0.996162 -0.0715763 0.0503841 0 -3768.48 -299.438 1463.24 1 3
0.0587111 -0.0800376 0.995061 0 -0.0668432 0.994229 0.0839145 0 -0.996035 -0.0714398 0.0530222 0 -3766.89 -298.617 1471.19 1 3
0.0611138 -0.07618 0.995219 0 -0.0644376 0.994702 0.0800973 0 -0.996049 -0.0690246 0.0558811 0 -3766.12 -290.913 1480.6 1 3
0.0634168 -0.0712495 0.995441 0 -0.0591931 0.995424 0.0750194 0 -0.99623 -0.0636807 0.0589091 0 -3766.84 -273.989 1491.42 1 3
0.0658572 -0.0668673 0.995586 0 -0.0525055 0.996138 0.0703775 0 -0.996447 -0.0569086 0.0620919 0 -3768.16 -253.503 1503.19 1 3
0.0683576 -0.0632515 0.995654 0 -0.0452796 0.996763 0.0664307 0 -0.996633 -0.0496238 0.0652724 0 -3769.48 -231.596 1514.43 1 3
0.0710966 -0.0605133 0.995632 0 -0.0382865 0.997257 0.0633461 0 -0.996734 -0.042623 0.0685847 0 -3770.49 -210.42 1525.66 1 3
0.0736476 -0.0584705 0.995569 0 -0.0317867 0.997635 0.0609433 0 -0.996778 -0.0361342 0.0716148 0 -3771.33 -191.521 1535.59 1 3
0.0758901 -0.0569684 0.995487 0 -0.026241 0.997907 0.0591073 0 -0.996771 -0.0306082 0.0742364 0 -3772.41 -175.739 1543.47 1 3
0.0778023 -0.0561125 0.995388 0 -0.021735 0.998082 0.0579632 0 -0.996732 -0.0261444 0.0764334 0 -3773.53 -162.574 1549.85 1 3
0.0795214 -0.0556511 0.995279 0 -0.0179569 0.998198 0.0572491 0 -0.996671 -0.0224247 0.0783788 0 -3774.71 -151.939 1555.01 1 3
0.0811711 -0.0558082 0.995137 0 -0.0148258 0.998253 0.0571923 0 -0.99659 -0.0193961 0.0802019 0 -3775.48 -143.594 1559.74 1 3
0.0825072 -0.0561859 0.995005 0 -0.0123567 0.998275 0.0573952 0 -0.996514 -0.0170305 0.0816706 0 -3776.47 -137.407 1563.09 1 3
0.0835692 -0.0565154 0.994898 0 -0.0102691 0.998289 0.0575706 0 -0.996449 -0.0150278 0.0828458 0 -3777.4 -132.203 1565.59 1 3
0.0844851 -0.0568107 0.994804 0 -0.00850378 0.998296 0.0577323 0 -0.996388 -0.0133371 0.0838581 0 -3778.27 -128.047 1567.67 1 3
0.0853682 -0.0572227 0.994705 0 -0.00706434 0.99829 0.0580352 0 -0.996324 -0.0119813 0.0848179 0 -3778.94 -124.841 1569.62 1 3
0.0861815 -0.0575586 0.994615 0 -0.00602169 0.998281 0.0582925 0 -0.996261 -0.011013 0.0856868 0 -3779.42 -122.698 1571.34 1 3
0.0868581 -0.0578788 0.994538 0 -0.00503716 0.998273 0.0585361 0 -0.996208 -0.010094 0.0864165 0 -3779.82 -120.546 1572.84 1 3
0.0875519 -0.057791 0.994482 0 -0.004479 0.998283 0.0584062 0 -0.99615 -0.00956786 0.0871427 0 -3780.14 -118.857 1574.89 1 3
0.0881364 -0.0578125 0.994429 0 -0.0040425 0.998285 0.058395 0 -0.9961 -0.0091667 0.0877516 0 -3780.5 -117.704 1576.57 1 3
0.0887397 -0.0578978 0.994371 0 -0.0036388 0.998284 0.0584504 0 -0.996048 -0.00880518 0.0883767 0 -3780.75 -116.684 1578.13 1 3
0.0892741 -0.0578942 0.994323 0 -0.00339897 0.998286 0.0584301 0 -0.996001 -0.00859597 0.0889243 0 -3781.01 -115.976 1579.59 1 3
0.0897361 -0.0579617 0.994278 0 -0.00305518 0.998284 0.058471 0 -0.995961 -0.00828466 0.089405 0 -3781.35 -115.11 1580.7 1 3
0.0901144 -0.0581326 0.994233 0 -0.00279565 0.998276 0.0586224 0 -0.995927 -0.00806225 0.0897965 0 -3781.72 -114.613 1581.31 1 3
0.0907482 -0.0585933 0.994149 0 -0.00283661 0.998248 0.0590939 0 -0.99587 -0.00818267 0.0904231 0 -3781.92 -115.534 1582.55 1 3
0.090486 -0.0591708 0.994138 0 -0.00262621 0.998216 0.0596525 0 -0.995894 -0.00800854 0.0901691 0 -3783.32 -115.435 1580.62 1 3
0.0903567 -0.0596039 0.994124 0 -0.00226795 0.998193 0.0600539 0 -0.995907 -0.0076809 0.0900582 0 -3784.48 -114.975 1579.39 1 3
0.0903279 -0.0600199 0.994102 0 -0.00191706 0.99817 0.0604397 0 -0.99591 -0.00736514 0.0900475 0 -3785.48 -114.368 1578.49 1 3
0.0904103 -0.0602946 0.994078 0 -0.00169264 0.998155 0.0606959 0 -0.995903 -0.00717016 0.0901415 0 -3786.18 -113.994 1578.01 1 3
0.0905621 -0.0606296 0.994044 0 -0.00138722 0.998136 0.0610056 0 -0.99589 -0.00690375 0.0903092 0 -3786.82 -113.365 1577.78 1 3
0.0907488 -0.060894 0.99401 0 -0.00113313 0.998122 0.0612493 0 -0.995873 -0.00668465 0.0905094 0 -3787.32 -112.856 1577.89 1 3
0.0908974 -0.0610744 0.993986 0 -0.000921015 0.998112 0.0614121 0 -0.99586 -0.00649768 0.0906695 0 -3787.72 -112.341 1577.99 1 3
0.09097 -0.0612882 0.993966 0 -0.000631007 0.998101 0.0616009 0 -0.995853 -0.00623103 0.0907586 0 -3788.14 -111.719 1578 1 3
