0.204821 0 -0.9788 0 0 1 0 0 0.9788 0 0.204821 0 -1563.92 0 -1240.98 1 0
0.204821 0 -0.9788 0 0 1 0 0 0.9788 0 0.204821 0 -1563.92 0 -1240.98 1 0
0.204821 0 -0.9788 0 0 1 0 0 0.9788 0 0.204821 0 -1563.92 0 -1240.98 1 0
0.204821 0 -0.9788 0 0 1 0 0 0.9788 0 0.204821 0 -1563.92 0 -1240.98 1 0
0.204821 0 -0.9788 0 0 1 0 0 0.9788 0 0.204821 0 -1563.92 0 -1240.98 1 0
0.204821 0 -0.9788 0 0 1 0 0 0.9788 0 0.204821 0 -1563.92 0 -1240.98 1 0
0.204821 0 -0.9788 0 0 1 0 0 0.9788 0 0.204821 0 -1563.92 0 -1240.98 1 0
0.204821 0 -0.9788 0 0 1 0 0 0.9788 0 0.204821 0 -1563.92 0 -1240.98 1 0
0.204821 0 -0.9788 0 0 1 0 0 0.9788 0 0.204821 0 -1563.92 0 -1240.98 1 0
0.204821 0 -0.9788 0 0 1 0 0 0.9788 0 0.204821 0 -1563.92 0 -1240.98 1 0
0.204821 0 -0.9788 0 0 1 0 0 0.9788 0 0.204821 0 -1563.92 0 -1240.98 1 0
0.204821 0 -0.9788 0 0 1 0 0 0.9788 0 0.204821 0 -1563.92 0 -1240.98 1 0
0.204821 0 -0.9788 0 0 1 0 0 0.9788 0 0.204821 0 -1563.92 0 -1240.98 1 0
0.204821 0 -0.9788 0 0 1 0 0 0.9788 0 0.204821 0 -1563.92 0 -1240.98 1 0
0.204821 0 -0.9788 0 0 1 0 0 0.9788 0 0.204821 0 -1563.92 0 -1240.98 1 0
0.204821 0 -0.9788 0 0 1 0 0 0.9788 0 0.204821 0 -1563.92 0 -1240.98 1 0
0.204821 0 -0.9788 0 0 1 0 0 0.9788 0 0.204821 0 -1563.92 0 -1240.98 1 0
0.204821 0 -0.9788 0 0 1 0 0 0.9788 0 0.204821 0 -1563.92 0 -1240.98 1 0
0.204821 0 -0.9788 0 0 1 0 0 0.9788 0 0.204821 0 -1563.92 0 -1240.98 1 0
0.204821 0 -0.9788 0 0 1 0 0 0.9788 0 0.204821 0 -1563.92 0 -1240.98 1 0
0.204821 0 -0.9788 0 0 1 0 0 0.9788 0 0.204821 0 -1563.92 0 -1240.98 1 0
0.204821 0 -0.9788 0 0 1 0 0 0.9788 0 0.204821 0 -1563.92 0 -1240.98 1 0
0.204821 0 -0.9788 0 0 1 0 0 0.9788 0 0.204821 0 -1563.92 0 -1240.98 1 0
0.204821 0 -0.9788 0 0 1 0 0 0.9788 0 0.204821 0 -1563.92 0 -1240.98 1 0
0.204821 0 -0.9788 0 0 1 0 0 0.9788 0 0.204821 0 -1563.92 0 -1240.98 1 0
0.204821 0 -0.9788 0 0 1 0 0 0.9788 0 0.204821 0 -1563.92 0 -1240.98 1 0
0.204821 0 -0.9788 0 0 1 0 0 0.9788 0 0.204821 0 -1563.92 0 -1240.98 1 0
0.204821 0 -0.9788 0 0 1 0 0 0.9788 0 0.204821 0 -1563.92 0 -1240.98 1 0
0.204821 0 -0.9788 0 0 1 0 0 0.9788 0 0.204821 0 -1563.92 0 -1240.98 1 0
0.204821 0 -0.9788 0 0 1 0 0 0.9788 0 0.204821 0 -1563.92 0 -1240.98 1 0
0.204821 0 -0.9788 0 0 1 0 0 0.9788 0 0.204821 0 -1563.92 0 -1240.98 1 0
0.204821 0 -0.9788 0 0 1 0 0 0.9788 0 0.204821 0 -1563.92 0 -1240.98 1 0
0.204821 0 -0.9788 0 0 1 0 0 0.9788 0 0.204821 0 -1563.92 0 -1240.98 1 0
0.204821 0 -0.9788 0 0 1 0 0 0.9788 0 0.204821 0 -1563.92 0 -1240.98 1 0
0.204821 0 -0.9788 0 0 1 0 0 0.9788 0 0.204821 0 -1563.92 0 -1240.98 1 0
0.204821 0 -0.9788 0 0 1 0 0 0.9788 0 0.204821 0 -1563.92 0 -1240.98 1 0
0.204821 0 -0.9788 0 0 1 0 0 0.9788 0 0.204821 0 -1563.92 0 -1240.98 1 0
0.204821 0 -0.9788 0 0 1 0 0 0.9788 0 0.204821 0 -1563.92 0 -1240.98 1 0
0.204821 0 -0.9788 0 0 1 0 0 0.9788 0 0.204821 0 -1563.92 0 -1240.98 1 0
0.204821 0 -0.9788 0 0 1 0 0 0.9788 0 0.204821 0 -1563.92 0 -1240.98 1 0
0.204821 0 -0.9788 0 0 1 0 0 0.9788 0 0.204821 0 -1563.92 0 -1240.98 1 0
0.204821 0 -0.9788 0 0 1 0 0 0.9788 0 0.204821 0 -1563.92 0 -1240.98 1 0
0.204821 0 -0.9788 0 0 1 0 0 0.9788 0 0.204821 0 -1563.92 0 -1240.98 1 0
0.204821 0 -0.9788 0 0 1 0 0 0.9788 0 0.204821 0 -1563.92 0 -1240.98 1 0
0.204821 0 -0.9788 0 0 1 0 0 0.9788 0 0.204821 0 -1563.92 0 -1240.98 1 0
0.204821 0 -0.9788 0 0 1 0 0 0.9788 0 0.204821 0 -1563.92 0 -1240.98 1 0
0.204821 0 -0.9788 0 0 1 0 0 0.9788 0 0.204821 0 -1563.92 0 -1240.98 1 0
0.204821 0 -0.9788 0 0 1 0 0 0.9788 0 0.204821 0 -1563.92 0 -1240.98 1 0
0.204821 0 -0.9788 0 0 1 0 0 0.9788 0 0.204821 0 -1563.92 0 -1240.98 1 0
0.204821 0 -0.9788 0 0 1 0 0 0.9788 0 0.204821 0 -1563.92 0 -1240.98 1 0
0.204821 0 -0.9788 0 0 1 0 0 0.9788 0 0.204821 0 -1563.92 0 -1240.98 1 0
0.204821 0 -0.9788 0 0 1 0 0 0.9788 0 0.204821 0 -1563.92 0 -1240.98 1 0
0.204821 0 -0.9788 0 0 1 0 0 0.9788 0 0.204821 0 -1563.92 0 -1240.98 1 0
0.204821 0 -0.9788 0 0 1 0 0 0.9788 0 0.204821 0 -1563.92 0 -1240.98 1 0
0.204821 0 -0.9788 0 0 1 0 0 0.9788 0 0.204821 0 -1563.92 0 -1240.98 1 0
0.204821 0 -0.9788 0 0 1 0 0 0.9788 0 0.204821 0 -1563.92 0 -1240.98 1 0
0.204821 0 -0.9788 0 0 1 0 0 0.9788 0 0.204821 0 -1563.92 0 -1240.98 1 0
0.204821 0 -0.9788 0 0 1 0 0 0.9788 0 0.204821 0 -1563.92 0 -1240.98 1 0
0.204821 0 -0.9788 0 0 1 0 0 0.9788 0 0.204821 0 -1563.92 0 -1240.98 1 0
0.204821 0 -0.9788 0 0 1 0 0 0.9788 0 0.204821 0 -1563.92 0 -1240.98 1 0
0.204821 0 -0.9788 0 0 1 0 0 0.9788 0 0.204821 0 -1563.92 0 -1240.98 1 0
0.204821 0 -0.9788 0 0 1 0 0 0.9788 0 0.204821 0 -1563.92 0 -1240.98 1 0
0.204821 0 -0.9788 0 0 1 0 0 0.9788 0 0.204821 0 -1563.92 0 -1240.98 1 0
0.204821 0 -0.9788 0 0 1 0 0 0.9788 0 0.204821 0 -1563.92 0 -1240.98 1 0
0.204821 0 -0.9788 0 0 1 0 0 0.9788 0 0.204821 0 -1563.92 0 -1240.98 1 0
0.204821 0 -0.9788 0 0 1 0 0 0.9788 0 0.204821 0 -1563.92 0 -1240.98 1 0
0.204821 0 -0.9788 0 0 1 0 0 0.9788 0 0.204821 0 -1563.92 0 -1240.98 1 0
0.204821 0 -0.9788 0 0 1 0 0 0.9788 0 0.204821 0 -1563.92 0 -1240.98 1 0
0.204821 0 -0.9788 0 0 1 0 0 0.9788 0 0.204821 0 -1563.92 0 -1240.98 1 0
0.204821 0 -0.9788 0 0 1 0 0 0.9788 0 0.204821 0 -1563.92 0 -1240.98 1 0
0.204821 0 -0.9788 0 0 1 0 0 0.9788 0 0.204821 0 -1563.92 0 -1240.98 1 0
0.204821 0 -0.9788 0 0 1 0 0 0.9788 0 0.204821 0 -1563.92 0 -1240.98 1 0
0.204821 0 -0.9788 0 0 1 0 0 0.9788 0 0.204821 0 -1563.92 0 -1240.98 1 0
0.204821 0 -0.9788 0 0 1 0 0 0.9788 0 0.204821 0 -1563.92 0 -1240.98 1 0
0.204821 0 -0.9788 0 0 1 0 0 0.9788 0 0.204821 0 -1563.92 0 -1240.98 1 0
0.204821 0 -0.9788 0 0 1 0 0 0.9788 0 0.204821 0 -1563.92 0 -1240.98 1 0
0.204821 0 -0.9788 0 0 1 0 0 0.9788 0 0.204821 0 -1563.92 0 -1240.98 1 0
0.204821 0 -0.9788 0 0 1 0 0 0.9788 0 0.204821 0 -1563.92 0 -1240.98 1 0
0.204821 0 -0.9788 0 0 1 0 0 0.9788 0 0.204821 0 -1563.92 0 -1240.98 1 0
0.204821 0 -0.9788 0 0 1 0 0 0.9788 0 0.204821 0 -1563.92 0 -1240.98 1 0
0.204821 0 -0.9788 0 0 1 0 0 0.9788 0 0.204821 0 -1563.92 0 -1240.98 1 0
0.204821 0 -0.9788 0 0 1 0 0 0.9788 0 0.204821 0 -1563.92 0 -1240.98 1 0
0.204821 0 -0.9788 0 0 1 0 0 0.9788 0 0.204821 0 -1563.92 0 -1240.98 1 0
0.204821 0 -0.9788 0 0 1 0 0 0.9788 0 0.204821 0 -1563.92 0 -1240.98 1 0
0.204821 0 -0.9788 0 0 1 0 0 0.9788 0 0.204821 0 -1563.92 0 -1240.98 1 0
0.204821 0 -0.9788 0 0 1 0 0 0.9788 0 0.204821 0 -1563.92 0 -1240.98 1 0
0.204821 0 -0.9788 0 0 1 0 0 0.9788 0 0.204821 0 -1563.92 0 -1240.98 1 0
0.204821 0 -0.9788 0 0 1 0 0 0.9788 0 0.204821 0 -1563.92 0 -1240.98 1 0
0.204821 0 -0.9788 0 0 1 0 0 0.9788 0 0.204821 0 -1563.92 0 -1240.98 1 0
0.204821 0 -0.9788 0 0 1 0 0 0.9788 0 0.204821 0 -1563.92 0 -1240.98 1 0
0.204821 0 -0.9788 0 0 1 0 0 0.9788 0 0.204821 0 -1563.92 0 -1240.98 1 0
0.204821 0 -0.9788 0 0 1 0 0 0.9788 0 0.204821 0 -1563.92 0 -1240.98 1 0
0.204821 0 -0.9788 0 0 1 0 0 0.9788 0 0.204821 0 -1563.92 0 -1240.98 1 0
0.204821 0 -0.9788 0 0 1 0 0 0.9788 0 0.204821 0 -1563.92 0 -1240.98 1 0
0.204821 0 -0.9788 0 0 1 0 0 0.9788 0 0.204821 0 -1563.92 0 -1240.98 1 0
0.204821 0 -0.9788 0 0 1 0 0 0.9788 0 0.204821 0 -1563.92 0 -1240.98 1 0
0.204821 0 -0.9788 0 0 1 0 0 0.9788 0 0.204821 0 -1563.92 0 -1240.98 1 0
0.204821 0 -0.9788 0 0 1 0 0 0.9788 0 0.204821 0 -1563.92 0 -1240.98 1 0
0.204821 0 -0.9788 0 0 1 0 0 0.9788 0 0.204821 0 -1563.92 0 -1240.98 1 0
0.204821 0 -0.9788 0 0 1 0 0 0.9788 0 0.204821 0 -1563.92 0 -1240.98 1 0
0.204821 0 -0.9788 0 0 1 0 0 0.9788 0 0.204821 0 -1563.92 0 -1240.98 1 0
0.204821 0 -0.9788 0 0 1 0 0 0.9788 0 0.204821 0 -1563.92 0 -1240.98 1 0
0.204821 0 -0.9788 0 0 1 0 0 0.9788 0 0.204821 0 -1563.92 0 -1240.98 1 0
0.204821 0 -0.9788 0 0 1 0 0 0.9788 0 0.204821 0 -1563.92 0 -1240.98 1 0
0.204821 0 -0.9788 0 0 1 0 0 0.9788 0 0.204821 0 -1563.92 0 -1240.98 1 0
0.204821 0 -0.9788 0 0 1 0 0 0.9788 0 0.204821 0 -1563.92 0 -1240.98 1 0
0.204821 0 -0.9788 0 0 1 0 0 0.9788 0 0.204821 0 -1563.92 0 -1240.98 1 0
0.204821 0 -0.9788 0 0 1 0 0 0.9788 0 0.204821 0 -1563.92 0 -1240.98 1 0
0.0226267 0.0942703 -0.995289 0 -0.0151871 0.995462 0.0939414 0 0.999629 0.01299 0.0239557 0 -2056.77 304.259 -830.117 1 1
0.0205291 0.0861143 -0.996074 0 -0.0180458 0.996153 0.0857493 0 0.999626 0.0162146 0.0220041 0 -2036.64 312.193 -905.536 1 1
0.0205291 0.0861143 -0.996074 0 -0.0180458 0.996153 0.0857493 0 0.999626 0.0162146 0.0220041 0 -2036.64 312.193 -905.536 1 2
0.0205291 0.0861143 -0.996074 0 -0.0180458 0.996153 0.0857493 0 0.999626 0.0162146 0.0220041 0 -2036.64 312.193 -905.536 1 2
0.0205291 0.0861143 -0.996074 0 -0.0180458 0.996153 0.0857493 0 0.999626 0.0162146 0.0220041 0 -2036.64 312.193 -905.536 1 2
0.0205291 0.0861143 -0.996074 0 -0.0180458 0.996153 0.0857493 0 0.999626 0.0162146 0.0220041 0 -2036.64 312.193 -905.536 1 2
0.0205291 0.0861143 -0.996074 0 -0.0180458 0.996153 0.0857493 0 0.999626 0.0162146 0.0220041 0 -2036.64 312.193 -905.536 1 2
0.0205291 0.0861143 -0.996074 0 -0.0180458 0.996153 0.0857493 0 0.999626 0.0162146 0.0220041 0 -2036.64 312.193 -905.536 1 2
0.0205291 0.0861143 -0.996074 0 -0.0180458 0.996153 0.0857493 0 0.999626 0.0162146 0.0220041 0 -2036.64 312.193 -905.536 1 2
0.0205291 0.0861143 -0.996074 0 -0.0180458 0.996153 0.0857493 0 0.999626 0.0162146 0.0220041 0 -2036.64 312.193 -905.536 1 2
0.0205291 0.0861143 -0.996074 0 -0.0180458 0.996153 0.0857493 0 0.999626 0.0162146 0.0220041 0 -2036.64 312.193 -905.536 1 2
0.0205291 0.0861143 -0.996074 0 -0.0180458 0.996153 0.0857493 0 0.999626 0.0162146 0.0220041 0 -2036.64 312.193 -905.536 1 2
0.0205291 0.0861143 -0.996074 0 -0.0180458 0.996153 0.0857493 0 0.999626 0.0162146 0.0220041 0 -2036.64 312.193 -905.536 1 2
0.0205291 0.0861143 -0.996074 0 -0.0180458 0.996153 0.0857493 0 0.999626 0.0162146 0.0220041 0 -2036.64 312.193 -905.536 1 2
0.0205291 0.0861143 -0.996074 0 -0.0180458 0.996153 0.0857493 0 0.999626 0.0162146 0.0220041 0 -2036.64 312.193 -905.536 1 2
0.0205291 0.0861143 -0.996074 0 -0.0180458 0.996153 0.0857493 0 0.999626 0.0162146 0.0220041 0 -2036.64 312.193 -905.536 1 2
0.0205291 0.0861143 -0.996074 0 -0.0180458 0.996153 0.0857493 0 0.999626 0.0162146 0.0220041 0 -2036.64 312.193 -905.536 1 2
0.0205291 0.0861143 -0.996074 0 -0.0180458 0.996153 0.0857493 0 0.999626 0.0162146 0.0220041 0 -2036.64 312.193 -905.536 1 2
0.0205291 0.0861143 -0.996074 0 -0.0180458 0.996153 0.0857493 0 0.999626 0.0162146 0.0220041 0 -2036.64 312.193 -905.536 1 2
0.0205291 0.0861143 -0.996074 0 -0.0180458 0.996153 0.0857493 0 0.999626 0.0162146 0.0220041 0 -2036.64 312.193 -905.536 1 2
0.0153978 0.096578 -0.995206 0 -0.0186063 0.99518 0.0962876 0 0.999708 0.0170345 0.0171205 0 -2035.92 313.315 -923.274 1 3
0.011705 0.107509 -0.994135 0 -0.0191374 0.994045 0.107274 0 0.999748 0.0177696 0.0136927 0 -2036.95 312.55 -939.733 1 3
0.00866408 0.118877 -0.992871 0 -0.0199712 0.992731 0.118686 0 0.999763 0.0188006 0.0109752 0 -2038.47 309.098 -954.3 1 3
0.00562488 0.131175 -0.991343 0 -0.0212691 0.99115 0.131029 0 0.999758 0.0203479 0.00836507 0 -2039.6 301.583 -966.57 1 3
0.00290382 0.142112 -0.989846 0 -0.0225852 0.989607 0.142011 0 0.999741 0.0219435 0.00608327 0 -2041.11 291.672 -976.563 1 3
0.000361831 0.149811 -0.988715 0 -0.0245253 0.988419 0.149757 0 0.999699 0.0241944 0.00403179 0 -2043.08 279.137 -984.253 1 3
-0.00210032 0.154918 -0.987925 0 -0.0275792 0.987542 0.154917 0 0.999617 0.0275715 0.00219836 0 -2045.23 263.092 -990.211 1 3
-0.00410353 0.158428 -0.987362 0 -0.0314836 0.98686 0.158478 0 0.999496 0.0317361 0.000938273 0 -2047.36 245.271 -995.052 1 3
-0.00587925 0.160105 -0.987083 0 -0.0355304 0.986443 0.160213 0 0.999351 0.0360133 -0.00011096 0 -2049.37 226.444 -998.907 1 3
-0.00743044 0.161112 -0.986908 0 -0.0397287 0.986109 0.16128 0 0.999183 0.040407 -0.000926452 0 -2051.34 207.399 -1001.84 1 3
-0.00888951 0.161136 -0.986892 0 -0.0438939 0.985917 0.161372 0 0.998997 0.0447531 -0.00169141 0 -2053.6 187.645 -1003.77 1 3
-0.0104156 0.160544 -0.986974 0 -0.0480894 0.985805 0.160861 0 0.998789 0.0491384 -0.00254734 0 -2055.89 166.355 -1004.63 1 3
-0.0121706 0.158841 -0.987229 0 -0.0524308 0.985843 0.159265 0 0.99855 0.0536996 -0.00367014 0 -2058.3 142.048 -1003.97 1 3
-0.0140625 0.156403 -0.987593 0 -0.057101 0.985953 0.156957 0 0.998269 0.0585997 -0.00493422 0 -2060.98 115.248 -1002.17 1 3
-0.0158296 0.153453 -0.988029 0 -0.0609184 0.986169 0.15414 0 0.998017 0.0626291 -0.00626257 0 -2063.86 90.1789 -999.797 1 3
-0.0176918 0.150186 -0.988499 0 -0.0637144 0.986475 0.151019 0 0.997811 0.0656534 -0.00788352 0 -2066.95 67.9655 -996.816 1 3
-0.0195304 0.14691 -0.988957 0 -0.0649544 0.98687 0.147882 0 0.997697 0.0671253 -0.00973148 0 -2070.94 49.6215 -993.179 1 3
-0.0211441 0.141963 -0.989646 0 -0.0644501 0.987615 0.143048 0 0.997697 0.0668074 -0.0117327 0 -2075.34 33.3794 -989.091 1 3
-0.0228396 0.134168 -0.990695 0 -0.062513 0.988823 0.135355 0 0.997783 0.0650228 -0.0141971 0 -2080.26 17.0736 -983.905 1 3
-0.0244283 0.122343 -0.992187 0 -0.0580747 0.990634 0.123582 0 0.998013 0.0606398 -0.0170944 0 -2086.24 1.505 -977.213 1 3
-0.0259243 0.106011 -0.994027 0 -0.050693 0.992942 0.107218 0 0.998378 0.0531697 -0.0203673 0 -2093.19 -11.7093 -969.231 1 3
-0.0281351 0.0894035 -0.995598 0 -0.0429987 0.994962 0.0905615 0 0.998679 0.0453574 -0.0241491 0 -2100.84 -18.1997 -960.114 1 3
-0.0308126 0.0734061 -0.996826 0 -0.0356521 0.996584 0.0744903 0 0.998889 0.0378342 -0.0280902 0 -2108.35 -19.4884 -950.928 1 3
-0.0342084 0.0594337 -0.997646 0 -0.0288511 0.997755 0.0604295 0 0.998998 0.0308504 -0.0324169 0 -2115.65 -17.0944 -942.277 1 3
-0.037764 0.0477045 -0.998147 0 -0.0227987 0.998559 0.0485867 0 0.999027 0.0245913 -0.0366219 0 -2122.54 -12.7551 -934.587 1 3
-0.0411535 0.0385399 -0.998409 0 -0.0179814 0.999065 0.0393064 0 0.998991 0.0195704 -0.0404221 0 -2128.75 -7.9549 -928.459 1 3
-0.0442133 0.0317096 -0.998519 0 -0.0141778 0.999376 0.0323646 0 0.998922 0.0155877 -0.0437362 0 -2134.4 -3.04239 -923.591 1 3
-0.0469981 0.0266796 -0.998539 0 -0.0112676 0.999565 0.0272374 0 0.998831 0.0125313 -0.0466771 0 -2139.43 1.55978 -919.902 1 3
-0.0495951 0.0231048 -0.998502 0 -0.0087076 0.999684 0.0235647 0 0.998731 0.00986325 -0.0493783 0 -2144.06 5.98663 -916.713 1 3
-0.0517998 0.0205062 -0.998447 0 -0.00660961 0.99976 0.0208761 0 0.998636 0.00768073 -0.0516518 0 -2148.2 9.80322 -914.211 1 3
-0.0537273 0.0184036 -0.998386 0 -0.00491383 0.999813 0.0186944 0 0.998544 0.00591029 -0.0536268 0 -2151.89 12.9797 -912.297 1 3
-0.055443 0.0169453 -0.998318 0 -0.00349595 0.999847 0.0171654 0 0.998456 0.00444177 -0.0553753 0 -2155.19 15.7603 -910.81 1 3
-0.0570866 0.0160228 -0.998241 0 -0.00229493 0.999866 0.0161801 0 0.998367 0.00321456 -0.0570422 0 -2158.19 18.1535 -909.638 1 3
-0.058568 0.0152245 -0.998167 0 -0.00140241 0.999881 0.015333 0 0.998282 0.00229786 -0.0585397 0 -2160.91 19.9062 -908.813 1 3
-0.0599526 0.0146484 -0.998094 0 -0.000534522 0.999892 0.0147069 0 0.998201 0.00141522 -0.0599383 0 -2163.36 21.5629 -908.205 1 3
-0.0614676 0.0141998 -0.998008 0 -6.24565e-05 0.999899 0.0142305 0 0.998109 0.000937048 -0.0614605 0 -2165.67 22.3176 -907.503 1 3
-0.0628221 0.0138963 -0.997928 0 0.000320736 0.999903 0.0139036 0 0.998025 0.000553381 -0.0628205 0 -2167.7 22.9232 -907.073 1 3
-0.0640626 0.0136894 -0.997852 0 0.000706405 0.999906 0.0136723 0 0.997946 0.000170992 -0.0640662 0 -2169.63 23.5092 -906.768 1 3
-0.0652306 0.0135253 -0.997779 0 0.000986653 0.999909 0.0134897 0 0.99787 -0.000104521 -0.065238 0 -2171.51 23.9193 -906.7 1 3
-0.0662158 0.0134338 -0.997715 0 0.00137079 0.99991 0.0133724 0 0.997804 -0.000482195 -0.0662282 0 -2173.23 24.5674 -906.876 1 3
-0.0670492 0.0134543 -0.997659 0 0.00168487 0.999909 0.0133714 0 0.997748 -0.000784381 -0.0670657 0 -2174.82 25.0975 -907.462 1 3
-0.0680999 0.01408 -0.997579 0 0.00168582 0.999901 0.0139976 0 0.997677 -0.000728501 -0.0681168 0 -2177.19 25.5068 -907.776 1 3
-0.0681833 0.0152025 -0.997557 0 0.00198746 0.999884 0.0151021 0 0.997671 -0.000952891 -0.0682056 0 -2179.93 26.8851 -910.842 1 3
-0.0684103 0.0159239 -0.99753 0 0.00236572 0.999872 0.015799 0 0.997654 -0.00127906 -0.0684393 0 -2182.43 28.0949 -913.243 1 3
-0.0687071 0.0164791 -0.997501 0 0.00280416 0.999863 0.016325 0 0.997633 -0.00167551 -0.0687438 0 -2184.6 29.1632 -915.232 1 3
-0.0691679 0.0168716 -0.997462 0 0.00315352 0.999856 0.0166934 0 0.9976 -0.00199087 -0.0692111 0 -2186.62 29.9184 -916.785 1 3
-0.0696451 0.0172683 -0.997422 0 0.00358032 0.999848 0.0170603 0 0.997565 -0.00238292 -0.0696963 0 -2188.53 30.9171 -918.008 1 3
-0.0701594 0.0175447 -0.997381 0 0.00391339 0.999842 0.0173127 0 0.997528 -0.0026885 -0.070217 0 -2190.2 31.7524 -918.934 1 3
-0.0706098 0.0177826 -0.997345 0 0.00418972 0.999838 0.0175304 0 0.997495 -0.00294078 -0.0706728 0 -2191.65 32.3974 -919.8 1 3
-0.0710291 0.0179573 -0.997313 0 0.00451952 0.999833 0.0176808 0 0.997464 -0.00325152 -0.0710985 0 -2192.84 33.1326 -920.627 1 3
