0.0988074 0 0.995107 0 0 1 0 0 -0.995107 0 0.0988074 0 -2821.05 0 240.725 1 0
0.0988074 0 0.995107 0 0 1 0 0 -0.995107 0 0.0988074 0 -2821.05 0 240.725 1 0
0.0988074 0 0.995107 0 0 1 0 0 -0.995107 0 0.0988074 0 -2821.05 0 240.725 1 0
0.0988074 0 0.995107 0 0 1 0 0 -0.995107 0 0.0988074 0 -2821.05 0 240.725 1 0
0.0988074 0 0.995107 0 0 1 0 0 -0.995107 0 0.0988074 0 -2821.05 0 240.725 1 0
0.0988074 0 0.995107 0 0 1 0 0 -0.995107 0 0.0988074 0 -2821.05 0 240.725 1 0
0.0988074 0 0.995107 0 0 1 0 0 -0.995107 0 0.0988074 0 -2821.05 0 240.725 1 0
0.0988074 0 0.995107 0 0 1 0 0 -0.995107 0 0.0988074 0 -2821.05 0 240.725 1 0
0.0988074 0 0.995107 0 0 1 0 0 -0.995107 0 0.0988074 0 -2821.05 0 240.725 1 0
0.0988074 0 0.995107 0 0 1 0 0 -0.995107 0 0.0988074 0 -2821.05 0 240.725 1 0
0.0988074 0 0.995107 0 0 1 0 0 -0.995107 0 0.0988074 0 -2821.05 0 240.725 1 0
0.0988074 0 0.995107 0 0 1 0 0 -0.995107 0 0.0988074 0 -2821.05 0 240.725 1 0
0.0988074 0 0.995107 0 0 1 0 0 -0.995107 0 0.0988074 0 -2821.05 0 240.725 1 0
0.0988074 0 0.995107 0 0 1 0 0 -0.995107 0 0.0988074 0 -2821.05 0 240.725 1 0
0.0988074 0 0.995107 0 0 1 0 0 -0.995107 0 0.0988074 0 -2821.05 0 240.725 1 0
0.0988074 0 0.995107 0 0 1 0 0 -0.995107 0 0.0988074 0 -2821.05 0 240.725 1 0
0.0988074 0 0.995107 0 0 1 0 0 -0.995107 0 0.0988074 0 -2821.05 0 240.725 1 0
0.0988074 0 0.995107 0 0 1 0 0 -0.995107 0 0.0988074 0 -2821.05 0 240.725 1 0
0.0988074 0 0.995107 0 0 1 0 0 -0.995107 0 0.0988074 0 -2821.05 0 240.725 1 0
0.0988074 0 0.995107 0 0 1 0 0 -0.995107 0 0.0988074 0 -2821.05 0 240.725 1 0
0.0988074 0 0.995107 0 0 1 0 0 -0.995107 0 0.0988074 0 -2821.05 0 240.725 1 0
0.0988074 0 0.995107 0 0 1 0 0 -0.995107 0 0.0988074 0 -2821.05 0 240.725 1 0
0.0988074 0 0.995107 0 0 1 0 0 -0.995107 0 0.0988074 0 -2821.05 0 240.725 1 0
0.0988074 0 0.995107 0 0 1 0 0 -0.995107 0 0.0988074 0 -2821.05 0 240.725 1 0
0.0988074 0 0.995107 0 0 1 0 0 -0.995107 0 0.0988074 0 -2821.05 0 240.725 1 0
0.0988074 0 0.995107 0 0 1 0 0 -0.995107 0 0.0988074 0 -2821.05 0 240.725 1 0
0.0988074 0 0.995107 0 0 1 0 0 -0.995107 0 0.0988074 0 -2821.05 0 240.725 1 0
0.0988074 0 0.995107 0 0 1 0 0 -0.995107 0 0.0988074 0 -2821.05 0 240.725 1 0
0.0988074 0 0.995107 0 0 1 0 0 -0.995107 0 0.0988074 0 -2821.05 0 240.725 1 0
0.0988074 0 0.995107 0 0 1 0 0 -0.995107 0 0.0988074 0 -2821.05 0 240.725 1 0
0.0988074 0 0.995107 0 0 1 0 0 -0.995107 0 0.0988074 0 -2821.05 0 240.725 1 0
0.0988074 0 0.995107 0 0 1 0 0 -0.995107 0 0.0988074 0 -2821.05 0 240.725 1 0
0.0988074 0 0.995107 0 0 1 0 0 -0.995107 0 0.0988074 0 -2821.05 0 240.725 1 0
0.0988074 0 0.995107 0 0 1 0 0 -0.995107 0 0.0988074 0 -2821.05 0 240.725 1 0
0.0988074 0 0.995107 0 0 1 0 0 -0.995107 0 0.0988074 0 -2821.05 0 240.725 1 0
0.0988074 0 0.995107 0 0 1 0 0 -0.995107 0 0.0988074 0 -2821.05 0 240.725 1 0
0.0988074 0 0.995107 0 0 1 0 0 -0.995107 0 0.0988074 0 -2821.05 0 240.725 1 0
0.0988074 0 0.995107 0 0 1 0 0 -0.995107 0 0.0988074 0 -2821.05 0 240.725 1 0
0.117135 -0.0778129 0.990063 0 0.0164012 0.996941 0.076413 0 -0.992981 0.00728756 0.118053 0 -2552.97 -30.4347 1207.45 1 1
0.123118 -0.0654417 0.990232 0 0.0234329 0.997737 0.0630242 0 -0.992115 0.0154445 0.124373 0 -2566.24 -37.7316 1286.18 1 1
0.123118 -0.0654417 0.990232 0 0.0234329 0.997737 0.0630242 0 -0.992115 0.0154445 0.124373 0 -2566.24 -37.7316 1286.18 1 2
0.123118 -0.0654417 0.990232 0 0.0234329 0.997737 0.0630242 0 -0.992115 0.0154445 0.124373 0 -2566.24 -37.7316 1286.18 1 2
0.123118 -0.0654417 0.990232 0 0.0234329 0.997737 0.0630242 0 -0.992115 0.0154445 0.124373 0 -2566.24 -37.7316 1286.18 1 2
0.123118 -0.0654417 0.990232 0 0.0234329 0.997737 0.0630242 0 -0.992115 0.0154445 0.124373 0 -2566.24 -37.7316 1286.18 1 2
0.123118 -0.0654417 0.990232 0 0.0234329 0.997737 0.0630242 0 -0.992115 0.0154445 0.124373 0 -2566.24 -37.7316 1286.18 1 2
0.123118 -0.0654417 0.990232 0 0.0234329 0.997737 0.0630242 0 -0.992115 0.0154445 0.124373 0 -2566.24 -37.7316 1286.18 1 2
0.123118 -0.0654417 0.990232 0 0.0234329 0.997737 0.0630242 0 -0.992115 0.0154445 0.124373 0 -2566.24 -37.7316 1286.18 1 2
0.123118 -0.0654417 0.990232 0 0.0234329 0.997737 0.0630242 0 -0.992115 0.0154445 0.124373 0 -2566.24 -37.7316 1286.18 1 2
0.123118 -0.0654417 0.990232 0 0.0234329 0.997737 0.0630242 0 -0.992115 0.0154445 0.124373 0 -2566.24 -37.7316 1286.18 1 2
0.123118 -0.0654417 0.990232 0 0.0234329 0.997737 0.0630242 0 -0.992115 0.0154445 0.124373 0 -2566.24 -37.7316 1286.18 1 2
0.123118 -0.0654417 0.990232 0 0.0234329 0.997737 0.0630242 0 -0.992115 0.0154445 0.124373 0 -2566.24 -37.7316 1286.18 1 2
0.123118 -0.0654417 0.990232 0 0.0234329 0.997737 0.0630242 0 -0.992115 0.0154445 0.124373 0 -2566.24 -37.7316 1286.18 1 2
0.123118 -0.0654417 0.990232 0 0.0234329 0.997737 0.0630242 0 -0.992115 0.0154445 0.124373 0 -2566.24 -37.7316 1286.18 1 2
0.123118 -0.0654417 0.990232 0 0.0234329 0.997737 0.0630242 0 -0.992115 0.0154445 0.124373 0 -2566.24 -37.7316 1286.18 1 2
0.123118 -0.0654417 0.990232 0 0.0234329 0.997737 0.0630242 0 -0.992115 0.0154445 0.124373 0 -2566.24 -37.7316 1286.18 1 2
0.123118 -0.0654417 0.990232 0 0.0234329 0.997737 0.0630242 0 -0.992115 0.0154445 0.124373 0 -2566.24 -37.7316 1286.18 1 2
0.123118 -0.0654417 0.990232 0 0.0234329 0.997737 0.0630242 0 -0.992115 0.0154445 0.124373 0 -2566.24 -37.7316 1286.18 1 2
0.123118 -0.0654417 0.990232 0 0.0234329 0.997737 0.0630242 0 -0.992115 0.0154445 0.124373 0 -2566.24 -37.7316 1286.18 1 2
0.123118 -0.0654417 0.990232 0 0.0234329 0.997737 0.0630242 0 -0.992115 0.0154445 0.124373 0 -2566.24 -37.7316 1286.18 1 2
0.123118 -0.0654417 0.990232 0 0.0234329 0.997737 0.0630242 0 -0.992115 0.0154445 0.124373 0 -2566.24 -37.7316 1286.18 1 2
0.123118 -0.0654417 0.990232 0 0.0234329 0.997737 0.0630242 0 -0.992115 0.0154445 0.124373 0 -2566.24 -37.7316 1286.18 1 2
0.123118 -0.0654417 0.990232 0 0.0234329 0.997737 0.0630242 0 -0.992115 0.0154445 0.124373 0 -2566.24 -37.7316 1286.18 1 2
0.123118 -0.0654417 0.990232 0 0.0234329 0.997737 0.0630242 0 -0.992115 0.0154445 0.124373 0 -2566.24 -37.7316 1286.18 1 2
0.123118 -0.0654417 0.990232 0 0.0234329 0.997737 0.0630242 0 -0.992115 0.0154445 0.124373 0 -2566.24 -37.7316 1286.18 1 2
0.123118 -0.0654417 0.990232 0 0.0234329 0.997737 0.0630242 0 -0.992115 0.0154445 0.124373 0 -2566.24 -37.7316 1286.18 1 2
0.123118 -0.0654417 0.990232 0 0.0234329 0.997737 0.0630242 0 -0.992115 0.0154445 0.124373 0 -2566.24 -37.7316 1286.18 1 2
0.123118 -0.0654417 0.990232 0 0.0234329 0.997737 0.0630242 0 -0.992115 0.0154445 0.124373 0 -2566.24 -37.7316 1286.18 1 2
0.123118 -0.0654417 0.990232 0 0.0234329 0.997737 0.0630242 0 -0.992115 0.0154445 0.124373 0 -2566.24 -37.7316 1286.18 1 2
0.123118 -0.0654417 0.990232 0 0.0234329 0.997737 0.0630242 0 -0.992115 0.0154445 0.124373 0 -2566.24 -37.7316 1286.18 1 2
0.123118 -0.0654417 0.990232 0 0.0234329 0.997737 0.0630242 0 -0.992115 0.0154445 0.124373 0 -2566.24 -37.7316 1286.18 1 2
0.123118 -0.0654417 0.990232 0 0.0234329 0.997737 0.0630242 0 -0.992115 0.0154445 0.124373 0 -2566.24 -37.7316 1286.18 1 2
0.123118 -0.0654417 0.990232 0 0.0234329 0.997737 0.0630242 0 -0.992115 0.0154445 0.124373 0 -2566.24 -37.7316 1286.18 1 2
0.123118 -0.0654417 0.990232 0 0.0234329 0.997737 0.0630242 0 -0.992115 0.0154445 0.124373 0 -2566.24 -37.7316 1286.18 1 2
0.123118 -0.0654417 0.990232 0 0.0234329 0.997737 0.0630242 0 -0.992115 0.0154445 0.124373 0 -2566.24 -37.7316 1286.18 1 2
0.123118 -0.0654417 0.990232 0 0.0234329 0.997737 0.0630242 0 -0.992115 0.0154445 0.124373 0 -2566.24 -37.7316 1286.18 1 2
0.123118 -0.0654417 0.990232 0 0.0234329 0.997737 0.0630242 0 -0.992115 0.0154445 0.124373 0 -2566.24 -37.7316 1286.18 1 2
0.123118 -0.0654417 0.990232 0 0.0234329 0.997737 0.0630242 0 -0.992115 0.0154445 0.124373 0 -2566.24 -37.7316 1286.18 1 2
0.123118 -0.0654417 0.990232 0 0.0234329 0.997737 0.0630242 0 -0.992115 0.0154445 0.124373 0 -2566.24 -37.7316 1286.18 1 2
0.123118 -0.0654417 0.990232 0 0.0234329 0.997737 0.0630242 0 -0.992115 0.0154445 0.124373 0 -2566.24 -37.7316 1286.18 1 2
0.123118 -0.0654417 0.990232 0 0.0234329 0.997737 0.0630242 0 -0.992115 0.0154445 0.124373 0 -2566.24 -37.7316 1286.18 1 2
0.123118 -0.0654417 0.990232 0 0.0234329 0.997737 0.0630242 0 -0.992115 0.0154445 0.124373 0 -2566.24 -37.7316 1286.18 1 2
0.123118 -0.0654417 0.990232 0 0.0234329 0.997737 0.0630242 0 -0.992115 0.0154445 0.124373 0 -2566.24 -37.7316 1286.18 1 2
0.123118 -0.0654417 0.990232 0 0.0234329 0.997737 0.0630242 0 -0.992115 0.0154445 0.124373 0 -2566.24 -37.7316 1286.18 1 2
0.123118 -0.0654417 0.990232 0 0.0234329 0.997737 0.0630242 0 -0.992115 0.0154445 0.124373 0 -2566.24 -37.7316 1286.18 1 2
0.123118 -0.0654417 0.990232 0 0.0234329 0.997737 0.0630242 0 -0.992115 0.0154445 0.124373 0 -2566.24 -37.7316 1286.18 1 2
0.123118 -0.0654417 0.990232 0 0.0234329 0.997737 0.0630242 0 -0.992115 0.0154445 0.124373 0 -2566.24 -37.7316 1286.18 1 2
0.123118 -0.0654417 0.990232 0 0.0234329 0.997737 0.0630242 0 -0.992115 0.0154445 0.124373 0 -2566.24 -37.7316 1286.18 1 2
0.123118 -0.0654417 0.990232 0 0.0234329 0.997737 0.0630242 0 -0.992115 0.0154445 0.124373 0 -2566.24 -37.7316 1286.18 1 2
0.123118 -0.0654417 0.990232 0 0.0234329 0.997737 0.0630242 0 -0.992115 0.0154445 0.124373 0 -2566.24 -37.7316 1286.18 1 2
0.123118 -0.0654417 0.990232 0 0.0234329 0.997737 0.0630242 0 -0.992115 0.0154445 0.124373 0 -2566.24 -37.7316 1286.18 1 2
0.123118 -0.0654417 0.990232 0 0.0234329 0.997737 0.0630242 0 -0.992115 0.0154445 0.124373 0 -2566.24 -37.7316 1286.18 1 2
0.123118 -0.0654417 0.990232 0 0.0234329 0.997737 0.0630242 0 -0.992115 0.0154445 0.124373 0 -2566.24 -37.7316 1286.18 1 2
0.123118 -0.0654417 0.990232 0 0.0234329 0.997737 0.0630242 0 -0.992115 0.0154445 0.124373 0 -2566.24 -37.7316 1286.18 1 2
0.123118 -0.0654417 0.990232 0 0.0234329 0.997737 0.0630242 0 -0.992115 0.0154445 0.124373 0 -2566.24 -37.7316 1286.18 1 2
0.123118 -0.0654417 0.990232 0 0.0234329 0.997737 0.0630242 0 -0.992115 0.0154445 0.124373 0 -2566.24 -37.7316 1286.18 1 2
0.123118 -0.0654417 0.990232 0 0.0234329 0.997737 0.0630242 0 -0.992115 0.0154445 0.124373 0 -2566.24 -37.7316 1286.18 1 2
0.123118 -0.0654417 0.990232 0 0.0234329 0.997737 0.0630242 0 -0.992115 0.0154445 0.124373 0 -2566.24 -37.7316 1286.18 1 2
0.123118 -0.0654417 0.990232 0 0.0234329 0.997737 0.0630242 0 -0.992115 0.0154445 0.124373 0 -2566.24 -37.7316 1286.18 1 2
0.123118 -0.0654417 0.990232 0 0.0234329 0.997737 0.0630242 0 -0.992115 0.0154445 0.124373 0 -2566.24 -37.7316 1286.18 1 2
0.123118 -0.0654417 0.990232 0 0.0234329 0.997737 0.0630242 0 -0.992115 0.0154445 0.124373 0 -2566.24 -37.7316 1286.18 1 2
0.123118 -0.0654417 0.990232 0 0.0234329 0.997737 0.0630242 0 -0.992115 0.0154445 0.124373 0 -2566.24 -37.7316 1286.18 1 2
0.123118 -0.0654417 0.990232 0 0.0234329 0.997737 0.0630242 0 -0.992115 0.0154445 0.124373 0 -2566.24 -37.7316 1286.18 1 2
0.123118 -0.0654417 0.990232 0 0.0234329 0.997737 0.0630242 0 -0.992115 0.0154445 0.124373 0 -2566.24 -37.7316 1286.18 1 2
0.123118 -0.0654417 0.990232 0 0.0234329 0.997737 0.0630242 0 -0.992115 0.0154445 0.124373 0 -2566.24 -37.7316 1286.18 1 2
0.123118 -0.0654417 0.990232 0 0.0234329 0.997737 0.0630242 0 -0.992115 0.0154445 0.124373 0 -2566.24 -37.7316 1286.18 1 2
0.123118 -0.0654417 0.990232 0 0.0234329 0.997737 0.0630242 0 -0.992115 0.0154445 0.124373 0 -2566.24 -37.7316 1286.18 1 2
0.123118 -0.0654417 0.990232 0 0.0234329 0.997737 0.0630242 0 -0.992115 0.0154445 0.124373 0 -2566.24 -37.7316 1286.18 1 2
0.123118 -0.0654417 0.990232 0 0.0234329 0.997737 0.0630242 0 -0.992115 0.0154445 0.124373 0 -2566.24 -37.7316 1286.18 1 2
0.123118 -0.0654417 0.990232 0 0.0234329 0.997737 0.0630242 0 -0.992115 0.0154445 0.124373 0 -2566.24 -37.7316 1286.18 1 2
0.123118 -0.0654417 0.990232 0 0.0234329 0.997737 0.0630242 0 -0.992115 0.0154445 0.124373 0 -2566.24 -37.7316 1286.18 1 2
0.123118 -0.0654417 0.990232 0 0.0234329 0.997737 0.0630242 0 -0.992115 0.0154445 0.124373 0 -2566.24 -37.7316 1286.18 1 2
0.123118 -0.0654417 0.990232 0 0.0234329 0.997737 0.0630242 0 -0.992115 0.0154445 0.124373 0 -2566.24 -37.7316 1286.18 1 2
0.123118 -0.0654417 0.990232 0 0.0234329 0.997737 0.0630242 0 -0.992115 0.0154445 0.124373 0 -2566.24 -37.7316 1286.18 1 2
0.123118 -0.0654417 0.990232 0 0.0234329 0.997737 0.0630242 0 -0.992115 0.0154445 0.124373 0 -2566.24 -37.7316 1286.18 1 2
0.123118 -0.0654417 0.990232 0 0.0234329 0.997737 0.0630242 0 -0.992115 0.0154445 0.124373 0 -2566.24 -37.7316 1286.18 1 2
0.123118 -0.0654417 0.990232 0 0.0234329 0.997737 0.0630242 0 -0.992115 0.0154445 0.124373 0 -2566.24 -37.7316 1286.18 1 2
0.123118 -0.0654417 0.990232 0 0.0234329 0.997737 0.0630242 0 -0.992115 0.0154445 0.124373 0 -2566.24 -37.7316 1286.18 1 2
0.123118 -0.0654417 0.990232 0 0.0234329 0.997737 0.0630242 0 -0.992115 0.0154445 0.124373 0 -2566.24 -37.7316 1286.18 1 2
0.123118 -0.0654417 0.990232 0 0.0234329 0.997737 0.0630242 0 -0.992115 0.0154445 0.124373 0 -2566.24 -37.7316 1286.18 1 2
0.123118 -0.0654417 0.990232 0 0.0234329 0.997737 0.0630242 0 -0.992115 0.0154445 0.124373 0 -2566.24 -37.7316 1286.18 1 2
0.123118 -0.0654417 0.990232 0 0.0234329 0.997737 0.0630242 0 -0.992115 0.0154445 0.124373 0 -2566.24 -37.7316 1286.18 1 2
0.123118 -0.0654417 0.990232 0 0.0234329 0.997737 0.0630242 0 -0.992115 0.0154445 0.124373 0 -2566.24 -37.7316 1286.18 1 2
0.123118 -0.0654417 0.990232 0 0.0234329 0.997737 0.0630242 0 -0.992115 0.0154445 0.124373 0 -2566.24 -37.7316 1286.18 1 2
0.123118 -0.0654417 0.990232 0 0.0234329 0.997737 0.0630242 0 -0.992115 0.0154445 0.124373 0 -2566.24 -37.7316 1286.18 1 2
0.123118 -0.0654417 0.990232 0 0.0234329 0.997737 0.0630242 0 -0.992115 0.0154445 0.124373 0 -2566.24 -37.7316 1286.18 1 2
0.123118 -0.0654417 0.990232 0 0.0234329 0.997737 0.0630242 0 -0.992115 0.0154445 0.124373 0 -2566.24 -37.7316 1286.18 1 2
0.123118 -0.0654417 0.990232 0 0.0234329 0.997737 0.0630242 0 -0.992115 0.0154445 0.124373 0 -2566.24 -37.7316 1286.18 1 2
0.123118 -0.0654417 0.990232 0 0.0234329 0.997737 0.0630242 0 -0.992115 0.0154445 0.124373 0 -2566.24 -37.7316 1286.18 1 2
0.125196 -0.0711869 0.989575 0 0.0240255 0.997348 0.0687065 0 -0.991841 0.0151732 0.126574 0 -2567.26 -46.1562 1288.02 1 3
0.125952 -0.0748366 0.98921 0 0.0230519 0.997102 0.0724985 0 -0.991768 0.0136718 0.127312 0 -2568.01 -52.4165 1287.78 1 3
0.126449 -0.0771348 0.98897 0 0.0211776 0.996955 0.0750498 0 -0.991747 0.011454 0.127698 0 -2568.21 -58.8826 1286.92 1 3
0.126914 -0.0789356 0.988768 0 0.0176266 0.996851 0.0773184 0 -0.991757 0.00761577 0.127906 0 -2568.83 -68.4779 1287.38 1 3
0.127293 -0.0799857 0.988635 0 0.0136982 0.99679 0.0788817 0 -0.991771 0.0035015 0.12798 0 -2569.1 -77.772 1287.42 1 3
0.127787 -0.0800286 0.988568 0 0.00946608 0.996792 0.0794708 0 -0.991756 -0.000797474 0.128135 0 -2568.64 -86.8497 1287.92 1 3
0.128408 -0.0791215 0.98856 0 0.0045132 0.996849 0.0791987 0 -0.991711 -0.00570818 0.128361 0 -2567.48 -96.4985 1288.88 1 3
0.129093 -0.0777022 0.988584 0 -0.000581939 0.996919 0.0784334 0 -0.991632 -0.0107005 0.12865 0 -2565.96 -106.212 1289.82 1 3
0.129694 -0.0760037 0.988637 0 -0.00567731 0.996985 0.0773902 0 -0.991538 -0.0156498 0.128871 0 -2564.31 -116.057 1291.1 1 3
0.130394 -0.0742922 0.988675 0 -0.0109104 0.997021 0.0763583 0 -0.991402 -0.0207434 0.129195 0 -2562.57 -126.131 1292.05 1 3
0.131201 -0.0720646 0.988733 0 -0.0160896 0.997068 0.0748072 0 -0.991225 -0.0257231 0.129657 0 -2560.74 -135.8 1293.42 1 3
0.132194 -0.0697758 0.988765 0 -0.0214896 0.997083 0.0732359 0 -0.990991 -0.0309295 0.130309 0 -2558.45 -146.284 1295.27 1 3
0.133494 -0.0670233 0.988781 0 -0.0273045 0.997083 0.0712724 0 -0.990673 -0.0365126 0.131274 0 -2555.7 -157.481 1297.97 1 3
0.134986 -0.0639933 0.988779 0 -0.0334625 0.997049 0.0690968 0 -0.990282 -0.0424141 0.132447 0 -2552.57 -169.229 1301.23 1 3
0.136608 -0.0609986 0.988745 0 -0.0385777 0.997018 0.0668389 0 -0.989874 -0.0472742 0.133847 0 -2549.54 -178.915 1304.76 1 3
0.138363 -0.0583604 0.988661 0 -0.0426816 0.996983 0.064825 0 -0.989462 -0.0511669 0.135454 0 -2546.91 -186.461 1308.45 1 3
0.140282 -0.0564586 0.988501 0 -0.0453924 0.996956 0.0633833 0 -0.98907 -0.0537619 0.137292 0 -2544.41 -191.602 1312 1 3
0.14222 -0.0544353 0.988337 0 -0.0466924 0.997006 0.0616317 0 -0.988733 -0.0549131 0.139253 0 -2542.58 -193.661 1315.73 1 3
0.144359 -0.0519559 0.98816 0 -0.046622 0.997154 0.0592397 0 -0.988426 -0.0546218 0.141526 0 -2541.19 -193.034 1320.23 1 3
0.146635 -0.0493704 0.987958 0 -0.0444179 0.997418 0.0564357 0 -0.988193 -0.0521584 0.144064 0 -2540.45 -188.331 1325.66 1 3
0.148941 -0.0461143 0.98777 0 -0.0395351 0.997836 0.0525454 0 -0.988055 -0.0468777 0.146795 0 -2540.89 -178.035 1332.04 1 3
0.151445 -0.0433983 0.987513 0 -0.0332368 0.998247 0.0489672 0 -0.987907 -0.0402376 0.149737 0 -2541.88 -165.853 1339.06 1 3
0.154026 -0.0412642 0.987205 0 -0.0264096 0.998599 0.045861 0 -0.987714 -0.0331354 0.15272 0 -2542.9 -152.905 1345.67 1 3
0.156825 -0.0396912 0.986829 0 -0.0198335 0.998864 0.0433271 0 -0.987427 -0.026367 0.155859 0 -2543.79 -140.309 1352.24 1 3
0.159401 -0.038604 0.986459 0 -0.0139562 0.999047 0.0413518 0 -0.987115 -0.0203587 0.158711 0 -2544.47 -129.202 1358.05 1 3
0.161615 -0.0378987 0.986126 0 -0.00894819 0.999165 0.0398663 0 -0.986813 -0.015267 0.161141 0 -2545.45 -120.091 1362.51 1 3
0.163419 -0.0376197 0.985839 0 -0.00487148 0.99923 0.0389383 0 -0.986545 -0.0111657 0.16311 0 -2546.49 -112.284 1366.15 1 3
0.164985 -0.0375246 0.985582 0 -0.00145176 0.999266 0.0382886 0 -0.986295 -0.00774788 0.16481 0 -2547.65 -106.11 1368.97 1 3
0.166477 -0.0379045 0.985317 0 0.00140676 0.999269 0.0382035 0 -0.986044 -0.0049739 0.166409 0 -2548.48 -101.387 1371.59 1 3
0.167628 -0.0384183 0.985102 0 0.00355879 0.999257 0.0383648 0 -0.985844 -0.00292523 0.16764 0 -2549.49 -97.9429 1373.33 1 3
0.168544 -0.038844 0.984928 0 0.00535905 0.999245 0.0384915 0 -0.98568 -0.00120924 0.168625 0 -2550.39 -95.074 1374.53 1 3
0.169333 -0.0391701 0.98478 0 0.00683265 0.999233 0.0385701 0 -0.985535 0.000197478 0.16947 0 -2551.21 -92.845 1375.48 1 3
0.170073 -0.0395485 0.984638 0 0.00803256 0.999217 0.0387467 0 -0.985399 0.00131942 0.170257 0 -2551.88 -91.2102 1376.35 1 3
0.170761 -0.039897 0.984504 0 0.00890702 0.999202 0.0389477 0 -0.985272 0.00211825 0.17098 0 -2552.37 -90.2 1377.07 1 3
0.171349 -0.0402028 0.98439 0 0.00975652 0.999187 0.0391088 0 -0.985162 0.00290296 0.171602 0 -2552.76 -89.1267 1377.72 1 3
0.171892 -0.040097 0.984299 0 0.0102439 0.99919 0.0389147 0 -0.985063 0.00339397 0.172163 0 -2553.13 -88.0751 1378.94 1 3
0.172397 -0.0400982 0.984211 0 0.0106401 0.999189 0.0388446 0 -0.98497 0.00377544 0.172684 0 -2553.49 -87.4035 1379.92 1 3
0.172869 -0.0401703 0.984125 0 0.0109872 0.999184 0.038855 0 -0.984884 0.00409592 0.17317 0 -2553.75 -86.8144 1380.76 1 3
0.173315 -0.0401519 0.984048 0 0.0112066 0.999184 0.0387958 0 -0.984803 0.00430395 0.173624 0 -2554.01 -86.374 1381.59 1 3
0.173652 -0.0402218 0.983985 0 0.0114976 0.99918 0.0388138 0 -0.98474 0.00457333 0.173972 0 -2554.32 -85.8752 1382.17 1 3
0.173871 -0.0404039 0.983939 0 0.0116954 0.999172 0.0389627 0 -0.984699 0.00473303 0.1742 0 -2554.65 -85.6092 1382.35 1 3
0.174397 -0.0408338 0.983828 0 0.0116062 0.999156 0.0394126 0 -0.984607 0.00454505 0.174724 0 -2554.85 -86.3247 1382.87 1 3
0.173959 -0.0413425 0.983885 0 0.0117459 0.999134 0.0399066 0 -0.984683 0.00461455 0.174294 0 -2555.96 -86.3761 1381.45 1 3
0.173691 -0.0417488 0.983915 0 0.0119865 0.999117 0.0402778 0 -0.984727 0.00479781 0.174038 0 -2556.85 -86.2232 1380.51 1 3
0.173536 -0.0421433 0.983925 0 0.0123039 0.999099 0.0406231 0 -0.984751 0.00505652 0.173898 0 -2557.63 -85.9656 1379.76 1 3
0.173507 -0.0424188 0.983919 0 0.0125171 0.999086 0.0408654 0 -0.984753 0.00522537 0.173879 0 -2558.17 -85.7986 1379.26 1 3
0.17351 -0.0427564 0.983904 0 0.0128115 0.999071 0.0411562 0 -0.984749 0.0054643 0.173896 0 -2558.65 -85.4641 1378.95 1 3
0.173587 -0.043005 0.983879 0 0.0130404 0.999059 0.0413678 0 -0.984732 0.0056493 0.173984 0 -2559.02 -85.186 1378.9 1 3
0.173647 -0.0431709 0.983861 0 0.0132337 0.999051 0.0415018 0 -0.984719 0.00581342 0.174054 0 -2559.3 -84.8824 1378.89 1 3
0.173678 -0.0433811 0.983847 0 0.0135026 0.99904 0.0416674 0 -0.98471 0.00604783 0.174097 0 -2559.61 -84.5624 1378.84 1 3
