0.997913 0 -0.0645731 0 0 1 0 0 0.0645731 0 0.997913 0 -771.846 0 371.56 1 0
0.997913 0 -0.0645731 0 0 1 0 0 0.0645731 0 0.997913 0 -771.846 0 371.56 1 0
0.997913 0 -0.0645731 0 0 1 0 0 0.0645731 0 0.997913 0 -771.846 0 371.56 1 0
0.997913 0 -0.0645731 0 0 1 0 0 0.0645731 0 0.997913 0 -771.846 0 371.56 1 0
0.997913 0 -0.0645731 0 0 1 0 0 0.0645731 0 0.997913 0 -771.846 0 371.56 1 0
0.997913 0 -0.0645731 0 0 1 0 0 0.0645731 0 0.997913 0 -771.846 0 371.56 1 0
0.997913 0 -0.0645731 0 0 1 0 0 0.0645731 0 0.997913 0 -771.846 0 371.56 1 0
0.997913 0 -0.0645731 0 0 1 0 0 0.0645731 0 0.997913 0 -771.846 0 371.56 1 0
0.997913 0 -0.0645731 0 0 1 0 0 0.0645731 0 0.997913 0 -771.846 0 371.56 1 0
0.997913 0 -0.0645731 0 0 1 0 0 0.0645731 0 0.997913 0 -771.846 0 371.56 1 0
0.997913 0 -0.0645731 0 0 1 0 0 0.0645731 0 0.997913 0 -771.846 0 371.56 1 0
0.997913 0 -0.0645731 0 0 1 0 0 0.0645731 0 0.997913 0 -771.846 0 371.56 1 0
0.997913 0 -0.0645731 0 0 1 0 0 0.0645731 0 0.997913 0 -771.846 0 371.56 1 0
0.997913 0 -0.0645731 0 0 1 0 0 0.0645731 0 0.997913 0 -771.846 0 371.56 1 0
0.995499 -0.015827 -0.0934362 0 0.0170536 0.999778 0.0123435 0 0.0932202 -0.0138814 0.995549 0 -622.574 -6.95665 599.597 1 1
0.994195 -0.0168891 -0.106255 0 0.0185732 0.999717 0.0148806 0 0.105973 -0.0167678 0.994228 0 -600.703 -8.29291 624.744 1 1
0.994195 -0.0168891 -0.106255 0 0.0185732 0.999717 0.0148806 0 0.105973 -0.0167678 0.994228 0 -600.703 -8.29291 624.744 1 2
0.994195 -0.0168891 -0.106255 0 0.0185732 0.999717 0.0148806 0 0.105973 -0.0167678 0.994228 0 -600.703 -8.29291 624.744 1 2
0.994195 -0.0168891 -0.106255 0 0.0185732 0.999717 0.0148806 0 0.105973 -0.0167678 0.994228 0 -600.703 -8.29291 624.744 1 2
0.994195 -0.0168891 -0.106255 0 0.0185732 0.999717 0.0148806 0 0.105973 -0.0167678 0.994228 0 -600.703 -8.29291 624.744 1 2
0.994195 -0.0168891 -0.106255 0 0.0185732 0.999717 0.0148806 0 0.105973 -0.0167678 0.994228 0 -600.703 -8.29291 624.744 1 2
0.994195 -0.0168891 -0.106255 0 0.0185732 0.999717 0.0148806 0 0.105973 -0.0167678 0.994228 0 -600.703 -8.29291 624.744 1 2
0.994195 -0.0168891 -0.106255 0 0.0185732 0.999717 0.0148806 0 0.105973 -0.0167678 0.994228 0 -600.703 -8.29291 624.744 1 2
0.994195 -0.0168891 -0.106255 0 0.0185732 0.999717 0.0148806 0 0.105973 -0.0167678 0.994228 0 -600.703 -8.29291 624.744 1 2
0.994195 -0.0168891 -0.106255 0 0.0185732 0.999717 0.0148806 0 0.105973 -0.0167678 0.994228 0 -600.703 -8.29291 624.744 1 2
0.994195 -0.0168891 -0.106255 0 0.0185732 0.999717 0.0148806 0 0.105973 -0.0167678 0.994228 0 -600.703 -8.29291 624.744 1 2
0.994195 -0.0168891 -0.106255 0 0.0185732 0.999717 0.0148806 0 0.105973 -0.0167678 0.994228 0 -600.703 -8.29291 624.744 1 2
0.994195 -0.0168891 -0.106255 0 0.0185732 0.999717 0.0148806 0 0.105973 -0.0167678 0.994228 0 -600.703 -8.29291 624.744 1 2
0.994195 -0.0168891 -0.106255 0 0.0185732 0.999717 0.0148806 0 0.105973 -0.0167678 0.994228 0 -600.703 -8.29291 624.744 1 2
0.994195 -0.0168891 -0.106255 0 0.0185732 0.999717 0.0148806 0 0.105973 -0.0167678 0.994228 0 -600.703 -8.29291 624.744 1 2
0.994195 -0.0168891 -0.106255 0 0.0185732 0.999717 0.0148806 0 0.105973 -0.0167678 0.994228 0 -600.703 -8.29291 624.744 1 2
0.994195 -0.0168891 -0.106255 0 0.0185732 0.999717 0.0148806 0 0.105973 -0.0167678 0.994228 0 -600.703 -8.29291 624.744 1 2
0.994195 -0.0168891 -0.106255 0 0.0185732 0.999717 0.0148806 0 0.105973 -0.0167678 0.994228 0 -600.703 -8.29291 624.744 1 2
0.994195 -0.0168891 -0.106255 0 0.0185732 0.999717 0.0148806 0 0.105973 -0.0167678 0.994228 0 -600.703 -8.29291 624.744 1 2
0.994195 -0.0168891 -0.106255 0 0.0185732 0.999717 0.0148806 0 0.105973 -0.0167678 0.994228 0 -600.703 -8.29291 624.744 1 2
0.994195 -0.0168891 -0.106255 0 0.0185732 0.999717 0.0148806 0 0.105973 -0.0167678 0.994228 0 -600.703 -8.29291 624.744 1 2
0.994195 -0.0168891 -0.106255 0 0.0185732 0.999717 0.0148806 0 0.105973 -0.0167678 0.994228 0 -600.703 -8.29291 624.744 1 2
0.994195 -0.0168891 -0.106255 0 0.0185732 0.999717 0.0148806 0 0.105973 -0.0167678 0.994228 0 -600.703 -8.29291 624.744 1 2
0.994195 -0.0168891 -0.106255 0 0.0185732 0.999717 0.0148806 0 0.105973 -0.0167678 0.994228 0 -600.703 -8.29291 624.744 1 2
0.994195 -0.0168891 -0.106255 0 0.0185732 0.999717 0.0148806 0 0.105973 -0.0167678 0.994228 0 -600.703 -8.29291 624.744 1 2
0.994195 -0.0168891 -0.106255 0 0.0185732 0.999717 0.0148806 0 0.105973 -0.0167678 0.994228 0 -600.703 -8.29291 624.744 1 2
0.994195 -0.0168891 -0.106255 0 0.0185732 0.999717 0.0148806 0 0.105973 -0.0167678 0.994228 0 -600.703 -8.29291 624.744 1 2
0.994195 -0.0168891 -0.106255 0 0.0185732 0.999717 0.0148806 0 0.105973 -0.0167678 0.994228 0 -600.703 -8.29291 624.744 1 2
0.994195 -0.0168891 -0.106255 0 0.0185732 0.999717 0.0148806 0 0.105973 -0.0167678 0.994228 0 -600.703 -8.29291 624.744 1 2
0.994195 -0.0168891 -0.106255 0 0.0185732 0.999717 0.0148806 0 0.105973 -0.0167678 0.994228 0 -600.703 -8.29291 624.744 1 2
0.994195 -0.0168891 -0.106255 0 0.0185732 0.999717 0.0148806 0 0.105973 -0.0167678 0.994228 0 -600.703 -8.29291 624.744 1 2
0.994195 -0.0168891 -0.106255 0 0.0185732 0.999717 0.0148806 0 0.105973 -0.0167678 0.994228 0 -600.703 -8.29291 624.744 1 2
0.994195 -0.0168891 -0.106255 0 0.0185732 0.999717 0.0148806 0 0.105973 -0.0167678 0.994228 0 -600.703 -8.29291 624.744 1 2
0.994195 -0.0168891 -0.106255 0 0.0185732 0.999717 0.0148806 0 0.105973 -0.0167678 0.994228 0 -600.703 -8.29291 624.744 1 2
0.994195 -0.0168891 -0.106255 0 0.0185732 0.999717 0.0148806 0 0.105973 -0.0167678 0.994228 0 -600.703 -8.29291 624.744 1 2
0.994195 -0.0168891 -0.106255 0 0.0185732 0.999717 0.0148806 0 0.105973 -0.0167678 0.994228 0 -600.703 -8.29291 624.744 1 2
0.994195 -0.0168891 -0.106255 0 0.0185732 0.999717 0.0148806 0 0.105973 -0.0167678 0.994228 0 -600.703 -8.29291 624.744 1 2
0.994195 -0.0168891 -0.106255 0 0.0185732 0.999717 0.0148806 0 0.105973 -0.0167678 0.994228 0 -600.703 -8.29291 624.744 1 2
0.994195 -0.0168891 -0.106255 0 0.0185732 0.999717 0.0148806 0 0.105973 -0.0167678 0.994228 0 -600.703 -8.29291 624.744 1 2
0.994195 -0.0168891 -0.106255 0 0.0185732 0.999717 0.0148806 0 0.105973 -0.0167678 0.994228 0 -600.703 -8.29291 624.744 1 2
0.994195 -0.0168891 -0.106255 0 0.0185732 0.999717 0.0148806 0 0.105973 -0.0167678 0.994228 0 -600.703 -8.29291 624.744 1 2
0.994195 -0.0168891 -0.106255 0 0.0185732 0.999717 0.0148806 0 0.105973 -0.0167678 0.994228 0 -600.703 -8.29291 624.744 1 2
0.994195 -0.0168891 -0.106255 0 0.0185732 0.999717 0.0148806 0 0.105973 -0.0167678 0.994228 0 -600.703 -8.29291 624.744 1 2
0.994195 -0.0168891 -0.106255 0 0.0185732 0.999717 0.0148806 0 0.105973 -0.0167678 0.994228 0 -600.703 -8.29291 624.744 1 2
0.994195 -0.0168891 -0.106255 0 0.0185732 0.999717 0.0148806 0 0.105973 -0.0167678 0.994228 0 -600.703 -8.29291 624.744 1 2
0.994195 -0.0168891 -0.106255 0 0.0185732 0.999717 0.0148806 0 0.105973 -0.0167678 0.994228 0 -600.703 -8.29291 624.744 1 2
0.994195 -0.0168891 -0.106255 0 0.0185732 0.999717 0.0148806 0 0.105973 -0.0167678 0.994228 0 -600.703 -8.29291 624.744 1 2
0.994195 -0.0168891 -0.106255 0 0.0185732 0.999717 0.0148806 0 0.105973 -0.0167678 0.994228 0 -600.703 -8.29291 624.744 1 2
0.994195 -0.0168891 -0.106255 0 0.0185732 0.999717 0.0148806 0 0.105973 -0.0167678 0.994228 0 -600.703 -8.29291 624.744 1 2
0.994195 -0.0168891 -0.106255 0 0.0185732 0.999717 0.0148806 0 0.105973 -0.0167678 0.994228 0 -600.703 -8.29291 624.744 1 2
0.994195 -0.0168891 -0.106255 0 0.0185732 0.999717 0.0148806 0 0.105973 -0.0167678 0.994228 0 -600.703 -8.29291 624.744 1 2
0.994195 -0.0168891 -0.106255 0 0.0185732 0.999717 0.0148806 0 0.105973 -0.0167678 0.994228 0 -600.703 -8.29291 624.744 1 2
0.994195 -0.0168891 -0.106255 0 0.0185732 0.999717 0.0148806 0 0.105973 -0.0167678 0.994228 0 -600.703 -8.29291 624.744 1 2
0.994195 -0.0168891 -0.106255 0 0.0185732 0.999717 0.0148806 0 0.105973 -0.0167678 0.994228 0 -600.703 -8.29291 624.744 1 2
0.994195 -0.0168891 -0.106255 0 0.0185732 0.999717 0.0148806 0 0.105973 -0.0167678 0.994228 0 -600.703 -8.29291 624.744 1 2
0.994195 -0.0168891 -0.106255 0 0.0185732 0.999717 0.0148806 0 0.105973 -0.0167678 0.994228 0 -600.703 -8.29291 624.744 1 2
0.994195 -0.0168891 -0.106255 0 0.0185732 0.999717 0.0148806 0 0.105973 -0.0167678 0.994228 0 -600.703 -8.29291 624.744 1 2
0.994195 -0.0168891 -0.106255 0 0.0185732 0.999717 0.0148806 0 0.105973 -0.0167678 0.994228 0 -600.703 -8.29291 624.744 1 2
0.994195 -0.0168891 -0.106255 0 0.0185732 0.999717 0.0148806 0 0.105973 -0.0167678 0.994228 0 -600.703 -8.29291 624.744 1 2
0.994195 -0.0168891 -0.106255 0 0.0185732 0.999717 0.0148806 0 0.105973 -0.0167678 0.994228 0 -600.703 -8.29291 624.744 1 2
0.994195 -0.0168891 -0.106255 0 0.0185732 0.999717 0.0148806 0 0.105973 -0.0167678 0.994228 0 -600.703 -8.29291 624.744 1 2
0.994195 -0.0168891 -0.106255 0 0.0185732 0.999717 0.0148806 0 0.105973 -0.0167678 0.994228 0 -600.703 -8.29291 624.744 1 2
0.994195 -0.0168891 -0.106255 0 0.0185732 0.999717 0.0148806 0 0.105973 -0.0167678 0.994228 0 -600.703 -8.29291 624.744 1 2
0.994195 -0.0168891 -0.106255 0 0.0185732 0.999717 0.0148806 0 0.105973 -0.0167678 0.994228 0 -600.703 -8.29291 624.744 1 2
0.994195 -0.0168891 -0.106255 0 0.0185732 0.999717 0.0148806 0 0.105973 -0.0167678 0.994228 0 -600.703 -8.29291 624.744 1 2
0.994195 -0.0168891 -0.106255 0 0.0185732 0.999717 0.0148806 0 0.105973 -0.0167678 0.994228 0 -600.703 -8.29291 624.744 1 2
0.994195 -0.0168891 -0.106255 0 0.0185732 0.999717 0.0148806 0 0.105973 -0.0167678 0.994228 0 -600.703 -8.29291 624.744 1 2
0.994195 -0.0168891 -0.106255 0 0.0185732 0.999717 0.0148806 0 0.105973 -0.0167678 0.994228 0 -600.703 -8.29291 624.744 1 2
0.994195 -0.0168891 -0.106255 0 0.0185732 0.999717 0.0148806 0 0.105973 -0.0167678 0.994228 0 -600.703 -8.29291 624.744 1 2
0.994195 -0.0168891 -0.106255 0 0.0185732 0.999717 0.0148806 0 0.105973 -0.0167678 0.994228 0 -600.703 -8.29291 624.744 1 2
0.994195 -0.0168891 -0.106255 0 0.0185732 0.999717 0.0148806 0 0.105973 -0.0167678 0.994228 0 -600.703 -8.29291 624.744 1 2
0.994195 -0.0168891 -0.106255 0 0.0185732 0.999717 0.0148806 0 0.105973 -0.0167678 0.994228 0 -600.703 -8.29291 624.744 1 2
0.994195 -0.0168891 -0.106255 0 0.0185732 0.999717 0.0148806 0 0.105973 -0.0167678 0.994228 0 -600.703 -8.29291 624.744 1 2
0.994195 -0.0168891 -0.106255 0 0.0185732 0.999717 0.0148806 0 0.105973 -0.0167678 0.994228 0 -600.703 -8.29291 624.744 1 2
0.994195 -0.0168891 -0.106255 0 0.0185732 0.999717 0.0148806 0 0.105973 -0.0167678 0.994228 0 -600.703 -8.29291 624.744 1 2
0.994195 -0.0168891 -0.106255 0 0.0185732 0.999717 0.0148806 0 0.105973 -0.0167678 0.994228 0 -600.703 -8.29291 624.744 1 2
0.994195 -0.0168891 -0.106255 0 0.0185732 0.999717 0.0148806 0 0.105973 -0.0167678 0.994228 0 -600.703 -8.29291 624.744 1 2
0.994195 -0.0168891 -0.106255 0 0.0185732 0.999717 0.0148806 0 0.105973 -0.0167678 0.994228 0 -600.703 -8.29291 624.744 1 2
0.994195 -0.0168891 -0.106255 0 0.0185732 0.999717 0.0148806 0 0.105973 -0.0167678 0.994228 0 -600.703 -8.29291 624.744 1 2
0.994195 -0.0168891 -0.106255 0 0.0185732 0.999717 0.0148806 0 0.105973 -0.0167678 0.994228 0 -600.703 -8.29291 624.744 1 2
0.994195 -0.0168891 -0.106255 0 0.0185732 0.999717 0.0148806 0 0.105973 -0.0167678 0.994228 0 -600.703 -8.29291 624.744 1 2
0.994195 -0.0168891 -0.106255 0 0.0185732 0.999717 0.0148806 0 0.105973 -0.0167678 0.994228 0 -600.703 -8.29291 624.744 1 2
0.994195 -0.0168891 -0.106255 0 0.0185732 0.999717 0.0148806 0 0.105973 -0.0167678 0.994228 0 -600.703 -8.29291 624.744 1 2
0.994195 -0.0168891 -0.106255 0 0.0185732 0.999717 0.0148806 0 0.105973 -0.0167678 0.994228 0 -600.703 -8.29291 624.744 1 2
0.994195 -0.0168891 -0.106255 0 0.0185732 0.999717 0.0148806 0 0.105973 -0.0167678 0.994228 0 -600.703 -8.29291 624.744 1 2
0.994195 -0.0168891 -0.106255 0 0.0185732 0.999717 0.0148806 0 0.105973 -0.0167678 0.994228 0 -600.703 -8.29291 624.744 1 2
0.994195 -0.0168891 -0.106255 0 0.0185732 0.999717 0.0148806 0 0.105973 -0.0167678 0.994228 0 -600.703 -8.29291 624.744 1 2
0.994195 -0.0168891 -0.106255 0 0.0185732 0.999717 0.0148806 0 0.105973 -0.0167678 0.994228 0 -600.703 -8.29291 624.744 1 2
0.994195 -0.0168891 -0.106255 0 0.0185732 0.999717 0.0148806 0 0.105973 -0.0167678 0.994228 0 -600.703 -8.29291 624.744 1 2
0.994195 -0.0168891 -0.106255 0 0.0185732 0.999717 0.0148806 0 0.105973 -0.0167678 0.994228 0 -600.703 -8.29291 624.744 1 2
0.994195 -0.0168891 -0.106255 0 0.0185732 0.999717 0.0148806 0 0.105973 -0.0167678 0.994228 0 -600.703 -8.29291 624.744 1 2
0.994195 -0.0168891 -0.106255 0 0.0185732 0.999717 0.0148806 0 0.105973 -0.0167678 0.994228 0 -600.703 -8.29291 624.744 1 2
0.994195 -0.0168891 -0.106255 0 0.0185732 0.999717 0.0148806 0 0.105973 -0.0167678 0.994228 0 -600.703 -8.29291 624.744 1 2
0.994195 -0.0168891 -0.106255 0 0.0185732 0.999717 0.0148806 0 0.105973 -0.0167678 0.994228 0 -600.703 -8.29291 624.744 1 2
0.994195 -0.0168891 -0.106255 0 0.0185732 0.999717 0.0148806 0 0.105973 -0.0167678 0.994228 0 -600.703 -8.29291 624.744 1 2
0.994195 -0.0168891 -0.106255 0 0.0185732 0.999717 0.0148806 0 0.105973 -0.0167678 0.994228 0 -600.703 -8.29291 624.744 1 2
0.994195 -0.0168891 -0.106255 0 0.0185732 0.999717 0.0148806 0 0.105973 -0.0167678 0.994228 0 -600.703 -8.29291 624.744 1 2
0.994195 -0.0168891 -0.106255 0 0.0185732 0.999717 0.0148806 0 0.105973 -0.0167678 0.994228 0 -600.703 -8.29291 624.744 1 2
0.994195 -0.0168891 -0.106255 0 0.0185732 0.999717 0.0148806 0 0.105973 -0.0167678 0.994228 0 -600.703 -8.29291 624.744 1 2
0.994195 -0.0168891 -0.106255 0 0.0185732 0.999717 0.0148806 0 0.105973 -0.0167678 0.994228 0 -600.703 -8.29291 624.744 1 2
0.994195 -0.0168891 -0.106255 0 0.0185732 0.999717 0.0148806 0 0.105973 -0.0167678 0.994228 0 -600.703 -8.29291 624.744 1 2
0.994195 -0.0168891 -0.106255 0 0.0185732 0.999717 0.0148806 0 0.105973 -0.0167678 0.994228 0 -600.703 -8.29291 624.744 1 2
0.994195 -0.0168891 -0.106255 0 0.0185732 0.999717 0.0148806 0 0.105973 -0.0167678 0.994228 0 -600.703 -8.29291 624.744 1 2
0.994195 -0.0168891 -0.106255 0 0.0185732 0.999717 0.0148806 0 0.105973 -0.0167678 0.994228 0 -600.703 -8.29291 624.744 1 2
0.994195 -0.0168891 -0.106255 0 0.0185732 0.999717 0.0148806 0 0.105973 -0.0167678 0.994228 0 -600.703 -8.29291 624.744 1 2
0.994195 -0.0168891 -0.106255 0 0.0185732 0.999717 0.0148806 0 0.105973 -0.0167678 0.994228 0 -600.703 -8.29291 624.744 1 2
0.994195 -0.0168891 -0.106255 0 0.0185732 0.999717 0.0148806 0 0.105973 -0.0167678 0.994228 0 -600.703 -8.29291 624.744 1 2
0.994195 -0.0168891 -0.106255 0 0.0185732 0.999717 0.0148806 0 0.105973 -0.0167678 0.994228 0 -600.703 -8.29291 624.744 1 2
0.994195 -0.0168891 -0.106255 0 0.0185732 0.999717 0.0148806 0 0.105973 -0.0167678 0.994228 0 -600.703 -8.29291 624.744 1 2
0.994195 -0.0168891 -0.106255 0 0.0185732 0.999717 0.0148806 0 0.105973 -0.0167678 0.994228 0 -600.703 -8.29291 624.744 1 2
0.994195 -0.0168891 -0.106255 0 0.0185732 0.999717 0.0148806 0 0.105973 -0.0167678 0.994228 0 -600.703 -8.29291 624.744 1 2
0.994195 -0.0168891 -0.106255 0 0.0185732 0.999717 0.0148806 0 0.105973 -0.0167678 0.994228 0 -600.703 -8.29291 624.744 1 2
0.994195 -0.0168891 -0.106255 0 0.0185732 0.999717 0.0148806 0 0.105973 -0.0167678 0.994228 0 -600.703 -8.29291 624.744 1 2
0.994133 -0.0182481 -0.106611 0 0.020218 0.999644 0.0174256 0 0.106255 -0.0194788 0.994148 0 -601.54 -11.2556 624.493 1 3
0.99418 -0.0190881 -0.106031 0 0.0212126 0.999595 0.0189448 0 0.105626 -0.0210838 0.994182 0 -601.372 -12.3996 624.51 1 3
0.994228 -0.0190185 -0.105587 0 0.0212364 0.999576 0.0199207 0 0.105164 -0.022048 0.99421 0 -600.949 -13.3439 624.422 1 3
0.994197 -0.0171285 -0.1062 0 0.019395 0.999605 0.0203451 0 0.105809 -0.0222868 0.994137 0 -601.7 -14.795 625.027 1 3
0.994193 -0.0152147 -0.10653 0 0.0175033 0.999635 0.0205805 0 0.106178 -0.0223256 0.994096 0 -602.068 -16.0484 625.342 1 3
0.994193 -0.0131245 -0.106804 0 0.0153993 0.999671 0.0205023 0 0.1065 -0.022028 0.994069 0 -601.976 -17.1002 625.679 1 3
0.994198 -0.01092 -0.107012 0 0.0131623 0.999708 0.0202693 0 0.10676 -0.0215602 0.994051 0 -601.563 -18.1186 625.991 1 3
0.994207 -0.00870698 -0.107132 0 0.0109173 0.999739 0.0200622 0 0.106929 -0.0211155 0.994042 0 -600.986 -19.116 626.184 1 3
0.994196 -0.00653666 -0.107387 0 0.00874692 0.999759 0.0201241 0 0.107229 -0.0209466 0.994014 0 -600.401 -20.1881 626.527 1 3
0.994195 -0.00444853 -0.107503 0 0.00665944 0.999773 0.0202157 0 0.107389 -0.0208142 0.993999 0 -599.834 -21.2709 626.603 1 3
0.994194 -0.00232785 -0.107574 0 0.00450145 0.999791 0.0199672 0 0.107505 -0.0203355 0.993997 0 -599.201 -22.258 626.773 1 3
0.994189 -4.08244e-05 -0.107652 0 0.00218326 0.999802 0.0197838 0 0.107629 -0.0199038 0.993992 0 -598.329 -23.473 627.07 1 3
0.994164 0.00238668 -0.107852 0 -0.000286197 0.99981 0.019487 0 0.107878 -0.0193424 0.993976 0 -597.376 -24.7144 627.463 1 3
0.994117 0.00511492 -0.108195 0 -0.00305035 0.99981 0.0192389 0 0.108273 -0.0187957 0.993944 0 -596.261 -26.0135 627.868 1 3
0.994063 0.00747547 -0.108548 0 -0.00544002 0.999804 0.0190356 0 0.108669 -0.0183321 0.993909 0 -595.106 -27.1736 628.275 1 3
0.994005 0.00926208 -0.108938 0 -0.00723116 0.999793 0.0190232 0 0.109092 -0.0181214 0.993867 0 -594.118 -27.9658 628.664 1 3
0.993952 0.0104195 -0.109317 0 -0.00837204 0.999781 0.0191723 0 0.109492 -0.0181411 0.993822 0 -592.986 -28.391 628.748 1 3
0.993904 0.0109564 -0.109707 0 -0.00892035 0.999779 0.0190322 0 0.109892 -0.0179375 0.993782 0 -592.088 -28.4162 628.898 1 3
0.993842 0.0109547 -0.110264 0 -0.00894795 0.999786 0.0186778 0 0.110445 -0.0175761 0.993727 0 -591.295 -28.0866 629.2 1 3
0.993762 0.0100102 -0.111075 0 -0.00798997 0.999795 0.018618 0 0.111238 -0.0176144 0.993638 0 -590.702 -27.1741 629.465 1 3
0.993674 0.0079851 -0.112021 0 -0.00604726 0.999826 0.017628 0 0.112143 -0.016839 0.993549 0 -590.573 -25.7763 629.941 1 3
0.993572 0.00553493 -0.113067 0 -0.00362813 0.999848 0.0170631 0 0.113145 -0.0165431 0.993441 0 -590.699 -24.4019 630.528 1 3
0.99347 0.00273674 -0.11406 0 -0.000841488 0.999861 0.0166612 0 0.114089 -0.0164564 0.993334 0 -590.814 -23.0402 630.988 1 3
0.993353 2.40518e-05 -0.115109 0 0.00183652 0.999869 0.0160575 0 0.115095 -0.0161621 0.993223 0 -590.98 -21.7054 631.434 1 3
0.993235 -0.00235841 -0.116097 0 0.00419491 0.99987 0.0155769 0 0.116045 -0.0159585 0.993116 0 -591.034 -20.5808 631.786 1 3
0.993151 -0.00427808 -0.116756 0 0.00608887 0.999867 0.015157 0 0.116675 -0.0157641 0.993045 0 -591.321 -19.7898 631.864 1 3
0.993087 -0.00609186 -0.117224 0 0.00787487 0.99986 0.0147532 0 0.117117 -0.0155743 0.992996 0 -591.681 -18.9761 632.071 1 3
0.993048 -0.0073972 -0.11748 0 0.0091828 0.99985 0.0146652 0 0.117354 -0.015642 0.992967 0 -592.027 -18.5348 632.068 1 3
0.992998 -0.00841011 -0.117828 0 0.0102253 0.999838 0.0148098 0 0.117684 -0.0159109 0.992924 0 -592.201 -18.3702 632.088 1 3
0.992972 -0.00925882 -0.11799 0 0.0111004 0.999826 0.01496 0 0.117831 -0.0161646 0.992902 0 -592.541 -18.3417 632.024 1 3
0.992963 -0.00994796 -0.118007 0 0.0117936 0.999819 0.0149521 0 0.117837 -0.0162386 0.9929 0 -592.874 -18.2752 631.903 1 3
0.992952 -0.0103556 -0.11806 0 0.0122134 0.999813 0.0150233 0 0.117883 -0.0163593 0.992893 0 -593.076 -18.2628 631.712 1 3
0.992949 -0.0106507 -0.118066 0 0.0125168 0.999808 0.0150755 0 0.117883 -0.016447 0.992891 0 -593.196 -18.4164 631.471 1 3
0.992942 -0.0108221 -0.118105 0 0.0126979 0.999805 0.0151413 0 0.117918 -0.0165341 0.992886 0 -593.222 -18.58 631.206 1 3
0.992936 -0.0109727 -0.118145 0 0.0128524 0.999802 0.0151598 0 0.117956 -0.0165712 0.992881 0 -593.134 -18.6432 631.005 1 3
0.992931 -0.0112237 -0.118163 0 0.0130671 0.999805 0.014837 0 0.117973 -0.0162762 0.992883 0 -593.137 -18.5543 631.497 1 3
0.992932 -0.0113252 -0.11814 0 0.0131456 0.999806 0.0146409 0 0.117951 -0.0160904 0.992889 0 -593.117 -18.5653 631.879 1 3
0.992934 -0.0113936 -0.118117 0 0.013193 0.999808 0.0144637 0 0.117929 -0.0159198 0.992894 0 -593.022 -18.5242 632.17 1 3
0.99293 -0.0114113 -0.118151 0 0.013189 0.999811 0.0142755 0 0.117965 -0.0157329 0.992893 0 -592.983 -18.4665 632.398 1 3
0.992933 -0.011441 -0.118127 0 0.0132059 0.999812 0.014169 0 0.117943 -0.0156288 0.992897 0 -592.984 -18.4255 632.61 1 3
0.99294 -0.0114577 -0.118066 0 0.013218 0.999813 0.0141372 0 0.117882 -0.015598 0.992905 0 -592.967 -18.4097 632.731 1 3
0.992925 -0.0112619 -0.118205 0 0.0130566 0.999811 0.0144198 0 0.11802 -0.0158612 0.992885 0 -593.053 -18.5825 632.733 1 3
0.992973 -0.0112422 -0.117808 0 0.0130498 0.999808 0.0145838 0 0.117621 -0.0160187 0.992929 0 -593.333 -18.6598 632.574 1 3
0.993001 -0.0112391 -0.117571 0 0.0130617 0.999806 0.0147425 0 0.117383 -0.016175 0.992955 0 -593.515 -18.7474 632.41 1 3
0.993026 -0.0112632 -0.117353 0 0.0130977 0.999804 0.014873 0 0.117162 -0.0163063 0.992979 0 -593.648 -18.8215 632.269 1 3
0.993049 -0.0112743 -0.117161 0 0.0131131 0.999802 0.0149353 0 0.116969 -0.0163678 0.993001 0 -593.68 -18.8693 632.149 1 3
0.993065 -0.011341 -0.117015 0 0.0131901 0.9998 0.0150394 0 0.116821 -0.0164785 0.993016 0 -593.712 -18.9019 632.07 1 3
0.993076 -0.0113847 -0.116918 0 0.0132384 0.999799 0.0150896 0 0.116723 -0.0165329 0.993027 0 -593.696 -18.9132 632.068 1 3
0.993084 -0.0114151 -0.116853 0 0.0132676 0.999798 0.0150869 0 0.116657 -0.0165329 0.993035 0 -593.664 -18.9008 632.063 1 3
0.993093 -0.0114936 -0.116768 0 0.0133533 0.999796 0.0151573 0 0.11657 -0.0166118 0.993044 0 -593.667 -18.9081 632.07 1 3
