0.211593 0 0.977358 0 0 1 0 0 -0.977358 0 0.211593 0 -1687.06 0 508.012 1 0
0.211593 0 0.977358 0 0 1 0 0 -0.977358 0 0.211593 0 -1687.06 0 508.012 1 0
0.211593 0 0.977358 0 0 1 0 0 -0.977358 0 0.211593 0 -1687.06 0 508.012 1 0
0.211593 0 0.977358 0 0 1 0 0 -0.977358 0 0.211593 0 -1687.06 0 508.012 1 0
0.211593 0 0.977358 0 0 1 0 0 -0.977358 0 0.211593 0 -1687.06 0 508.012 1 0
0.211593 0 0.977358 0 0 1 0 0 -0.977358 0 0.211593 0 -1687.06 0 508.012 1 0
0.211593 0 0.977358 0 0 1 0 0 -0.977358 0 0.211593 0 -1687.06 0 508.012 1 0
0.211593 0 0.977358 0 0 1 0 0 -0.977358 0 0.211593 0 -1687.06 0 508.012 1 0
0.211593 0 0.977358 0 0 1 0 0 -0.977358 0 0.211593 0 -1687.06 0 508.012 1 0
0.211593 0 0.977358 0 0 1 0 0 -0.977358 0 0.211593 0 -1687.06 0 508.012 1 0
0.211593 0 0.977358 0 0 1 0 0 -0.977358 0 0.211593 0 -1687.06 0 508.012 1 0
0.211593 0 0.977358 0 0 1 0 0 -0.977358 0 0.211593 0 -1687.06 0 508.012 1 0
0.211593 0 0.977358 0 0 1 0 0 -0.977358 0 0.211593 0 -1687.06 0 508.012 1 0
0.211593 0 0.977358 0 0 1 0 0 -0.977358 0 0.211593 0 -1687.06 0 508.012 1 0
0.211593 0 0.977358 0 0 1 0 0 -0.977358 0 0.211593 0 -1687.06 0 508.012 1 0
0.211593 0 0.977358 0 0 1 0 0 -0.977358 0 0.211593 0 -1687.06 0 508.012 1 0
0.211593 0 0.977358 0 0 1 0 0 -0.977358 0 0.211593 0 -1687.06 0 508.012 1 0
0.211593 0 0.977358 0 0 1 0 0 -0.977358 0 0.211593 0 -1687.06 0 508.012 1 0
0.211593 0 0.977358 0 0 1 0 0 -0.977358 0 0.211593 0 -1687.06 0 508.012 1 0
0.211593 0 0.977358 0 0 1 0 0 -0.977358 0 0.211593 0 -1687.06 0 508.012 1 0
0.211593 0 0.977358 0 0 1 0 0 -0.977358 0 0.211593 0 -1687.06 0 508.012 1 0
0.211593 0 0.977358 0 0 1 0 0 -0.977358 0 0.211593 0 -1687.06 0 508.012 1 0
0.211593 0 0.977358 0 0 1 0 0 -0.977358 0 0.211593 0 -1687.06 0 508.012 1 0
0.211593 0 0.977358 0 0 1 0 0 -0.977358 0 0.211593 0 -1687.06 0 508.012 1 0
0.211593 0 0.977358 0 0 1 0 0 -0.977358 0 0.211593 0 -1687.06 0 508.012 1 0
0.211593 0 0.977358 0 0 1 0 0 -0.977358 0 0.211593 0 -1687.06 0 508.012 1 0
0.211593 0 0.977358 0 0 1 0 0 -0.977358 0 0.211593 0 -1687.06 0 508.012 1 0
0.211593 0 0.977358 0 0 1 0 0 -0.977358 0 0.211593 0 -1687.06 0 508.012 1 0
0.242872 -0.0425276 0.969126 0 -0.00326376 0.998997 0.0446564 0 -0.970053 -0.0140088 0.24249 0 -1397.02 -12.4131 1042.94 1 1
0.25003 -0.030068 0.967771 0 -0.00934941 0.999396 0.0334661 0 -0.968193 -0.0174156 0.249598 0 -1397.3 -18.47 1108 1 1
0.25003 -0.030068 0.967771 0 -0.00934941 0.999396 0.0334661 0 -0.968193 -0.0174156 0.249598 0 -1397.3 -18.47 1108 1 2
0.25003 -0.030068 0.967771 0 -0.00934941 0.999396 0.0334661 0 -0.968193 -0.0174156 0.249598 0 -1397.3 -18.47 1108 1 2
0.25003 -0.030068 0.967771 0 -0.00934941 0.999396 0.0334661 0 -0.968193 -0.0174156 0.249598 0 -1397.3 -18.47 1108 1 2
0.25003 -0.030068 0.967771 0 -0.00934941 0.999396 0.0334661 0 -0.968193 -0.0174156 0.249598 0 -1397.3 -18.47 1108 1 2
0.25003 -0.030068 0.967771 0 -0.00934941 0.999396 0.0334661 0 -0.968193 -0.0174156 0.249598 0 -1397.3 -18.47 1108 1 2
0.25003 -0.030068 0.967771 0 -0.00934941 0.999396 0.0334661 0 -0.968193 -0.0174156 0.249598 0 -1397.3 -18.47 1108 1 2
0.25003 -0.030068 0.967771 0 -0.00934941 0.999396 0.0334661 0 -0.968193 -0.0174156 0.249598 0 -1397.3 -18.47 1108 1 2
0.25003 -0.030068 0.967771 0 -0.00934941 0.999396 0.0334661 0 -0.968193 -0.0174156 0.249598 0 -1397.3 -18.47 1108 1 2
0.25003 -0.030068 0.967771 0 -0.00934941 0.999396 0.0334661 0 -0.968193 -0.0174156 0.249598 0 -1397.3 -18.47 1108 1 2
0.25003 -0.030068 0.967771 0 -0.00934941 0.999396 0.0334661 0 -0.968193 -0.0174156 0.249598 0 -1397.3 -18.47 1108 1 2
0.25003 -0.030068 0.967771 0 -0.00934941 0.999396 0.0334661 0 -0.968193 -0.0174156 0.249598 0 -1397.3 -18.47 1108 1 2
0.25003 -0.030068 0.967771 0 -0.00934941 0.999396 0.0334661 0 -0.968193 -0.0174156 0.249598 0 -1397.3 -18.47 1108 1 2
0.25003 -0.030068 0.967771 0 -0.00934941 0.999396 0.0334661 0 -0.968193 -0.0174156 0.249598 0 -1397.3 -18.47 1108 1 2
0.25003 -0.030068 0.967771 0 -0.00934941 0.999396 0.0334661 0 -0.968193 -0.0174156 0.249598 0 -1397.3 -18.47 1108 1 2
0.25003 -0.030068 0.967771 0 -0.00934941 0.999396 0.0334661 0 -0.968193 -0.0174156 0.249598 0 -1397.3 -18.47 1108 1 2
0.25003 -0.030068 0.967771 0 -0.00934941 0.999396 0.0334661 0 -0.968193 -0.0174156 0.249598 0 -1397.3 -18.47 1108 1 2
0.25003 -0.030068 0.967771 0 -0.00934941 0.999396 0.0334661 0 -0.968193 -0.0174156 0.249598 0 -1397.3 -18.47 1108 1 2
0.25003 -0.030068 0.967771 0 -0.00934941 0.999396 0.0334661 0 -0.968193 -0.0174156 0.249598 0 -1397.3 -18.47 1108 1 2
0.25003 -0.030068 0.967771 0 -0.00934941 0.999396 0.0334661 0 -0.968193 -0.0174156 0.249598 0 -1397.3 -18.47 1108 1 2
0.25003 -0.030068 0.967771 0 -0.00934941 0.999396 0.0334661 0 -0.968193 -0.0174156 0.249598 0 -1397.3 -18.47 1108 1 2
0.25003 -0.030068 0.967771 0 -0.00934941 0.999396 0.0334661 0 -0.968193 -0.0174156 0.249598 0 -1397.3 -18.47 1108 1 2
0.25003 -0.030068 0.967771 0 -0.00934941 0.999396 0.0334661 0 -0.968193 -0.0174156 0.249598 0 -1397.3 -18.47 1108 1 2
0.25003 -0.030068 0.967771 0 -0.00934941 0.999396 0.0334661 0 -0.968193 -0.0174156 0.249598 0 -1397.3 -18.47 1108 1 2
0.25003 -0.030068 0.967771 0 -0.00934941 0.999396 0.0334661 0 -0.968193 -0.0174156 0.249598 0 -1397.3 -18.47 1108 1 2
0.25003 -0.030068 0.967771 0 -0.00934941 0.999396 0.0334661 0 -0.968193 -0.0174156 0.249598 0 -1397.3 -18.47 1108 1 2
0.25003 -0.030068 0.967771 0 -0.00934941 0.999396 0.0334661 0 -0.968193 -0.0174156 0.249598 0 -1397.3 -18.47 1108 1 2
0.25003 -0.030068 0.967771 0 -0.00934941 0.999396 0.0334661 0 -0.968193 -0.0174156 0.249598 0 -1397.3 -18.47 1108 1 2
0.25003 -0.030068 0.967771 0 -0.00934941 0.999396 0.0334661 0 -0.968193 -0.0174156 0.249598 0 -1397.3 -18.47 1108 1 2
0.25003 -0.030068 0.967771 0 -0.00934941 0.999396 0.0334661 0 -0.968193 -0.0174156 0.249598 0 -1397.3 -18.47 1108 1 2
0.25003 -0.030068 0.967771 0 -0.00934941 0.999396 0.0334661 0 -0.968193 -0.0174156 0.249598 0 -1397.3 -18.47 1108 1 2
0.25003 -0.030068 0.967771 0 -0.00934941 0.999396 0.0334661 0 -0.968193 -0.0174156 0.249598 0 -1397.3 -18.47 1108 1 2
0.25003 -0.030068 0.967771 0 -0.00934941 0.999396 0.0334661 0 -0.968193 -0.0174156 0.249598 0 -1397.3 -18.47 1108 1 2
0.25003 -0.030068 0.967771 0 -0.00934941 0.999396 0.0334661 0 -0.968193 -0.0174156 0.249598 0 -1397.3 -18.47 1108 1 2
0.25003 -0.030068 0.967771 0 -0.00934941 0.999396 0.0334661 0 -0.968193 -0.0174156 0.249598 0 -1397.3 -18.47 1108 1 2
0.25003 -0.030068 0.967771 0 -0.00934941 0.999396 0.0334661 0 -0.968193 -0.0174156 0.249598 0 -1397.3 -18.47 1108 1 2
0.25003 -0.030068 0.967771 0 -0.00934941 0.999396 0.0334661 0 -0.968193 -0.0174156 0.249598 0 -1397.3 -18.47 1108 1 2
0.25003 -0.030068 0.967771 0 -0.00934941 0.999396 0.0334661 0 -0.968193 -0.0174156 0.249598 0 -1397.3 -18.47 1108 1 2
0.25003 -0.030068 0.967771 0 -0.00934941 0.999396 0.0334661 0 -0.968193 -0.0174156 0.249598 0 -1397.3 -18.47 1108 1 2
0.25003 -0.030068 0.967771 0 -0.00934941 0.999396 0.0334661 0 -0.968193 -0.0174156 0.249598 0 -1397.3 -18.47 1108 1 2
0.25003 -0.030068 0.967771 0 -0.00934941 0.999396 0.0334661 0 -0.968193 -0.0174156 0.249598 0 -1397.3 -18.47 1108 1 2
0.25003 -0.030068 0.967771 0 -0.00934941 0.999396 0.0334661 0 -0.968193 -0.0174156 0.249598 0 -1397.3 -18.47 1108 1 2
0.25003 -0.030068 0.967771 0 -0.00934941 0.999396 0.0334661 0 -0.968193 -0.0174156 0.249598 0 -1397.3 -18.47 1108 1 2
0.25003 -0.030068 0.967771 0 -0.00934941 0.999396 0.0334661 0 -0.968193 -0.0174156 0.249598 0 -1397.3 -18.47 1108 1 2
0.25003 -0.030068 0.967771 0 -0.00934941 0.999396 0.0334661 0 -0.968193 -0.0174156 0.249598 0 -1397.3 -18.47 1108 1 2
0.25003 -0.030068 0.967771 0 -0.00934941 0.999396 0.0334661 0 -0.968193 -0.0174156 0.249598 0 -1397.3 -18.47 1108 1 2
0.25003 -0.030068 0.967771 0 -0.00934941 0.999396 0.0334661 0 -0.968193 -0.0174156 0.249598 0 -1397.3 -18.47 1108 1 2
0.25003 -0.030068 0.967771 0 -0.00934941 0.999396 0.0334661 0 -0.968193 -0.0174156 0.249598 0 -1397.3 -18.47 1108 1 2
0.25003 -0.030068 0.967771 0 -0.00934941 0.999396 0.0334661 0 -0.968193 -0.0174156 0.249598 0 -1397.3 -18.47 1108 1 2
0.25003 -0.030068 0.967771 0 -0.00934941 0.999396 0.0334661 0 -0.968193 -0.0174156 0.249598 0 -1397.3 -18.47 1108 1 2
0.25003 -0.030068 0.967771 0 -0.00934941 0.999396 0.0334661 0 -0.968193 -0.0174156 0.249598 0 -1397.3 -18.47 1108 1 2
0.25003 -0.030068 0.967771 0 -0.00934941 0.999396 0.0334661 0 -0.968193 -0.0174156 0.249598 0 -1397.3 -18.47 1108 1 2
0.25003 -0.030068 0.967771 0 -0.00934941 0.999396 0.0334661 0 -0.968193 -0.0174156 0.249598 0 -1397.3 -18.47 1108 1 2
0.25003 -0.030068 0.967771 0 -0.00934941 0.999396 0.0334661 0 -0.968193 -0.0174156 0.249598 0 -1397.3 -18.47 1108 1 2
0.25003 -0.030068 0.967771 0 -0.00934941 0.999396 0.0334661 0 -0.968193 -0.0174156 0.249598 0 -1397.3 -18.47 1108 1 2
0.25003 -0.030068 0.967771 0 -0.00934941 0.999396 0.0334661 0 -0.968193 -0.0174156 0.249598 0 -1397.3 -18.47 1108 1 2
0.25003 -0.030068 0.967771 0 -0.00934941 0.999396 0.0334661 0 -0.968193 -0.0174156 0.249598 0 -1397.3 -18.47 1108 1 2
0.25003 -0.030068 0.967771 0 -0.00934941 0.999396 0.0334661 0 -0.968193 -0.0174156 0.249598 0 -1397.3 -18.47 1108 1 2
0.25003 -0.030068 0.967771 0 -0.00934941 0.999396 0.0334661 0 -0.968193 -0.0174156 0.249598 0 -1397.3 -18.47 1108 1 2
0.25003 -0.030068 0.967771 0 -0.00934941 0.999396 0.0334661 0 -0.968193 -0.0174156 0.249598 0 -1397.3 -18.47 1108 1 2
0.25003 -0.030068 0.967771 0 -0.00934941 0.999396 0.0334661 0 -0.968193 -0.0174156 0.249598 0 -1397.3 -18.47 1108 1 2
0.25003 -0.030068 0.967771 0 -0.00934941 0.999396 0.0334661 0 -0.968193 -0.0174156 0.249598 0 -1397.3 -18.47 1108 1 2
0.25003 -0.030068 0.967771 0 -0.00934941 0.999396 0.0334661 0 -0.968193 -0.0174156 0.249598 0 -1397.3 -18.47 1108 1 2
0.25003 -0.030068 0.967771 0 -0.00934941 0.999396 0.0334661 0 -0.968193 -0.0174156 0.249598 0 -1397.3 -18.47 1108 1 2
0.25003 -0.030068 0.967771 0 -0.00934941 0.999396 0.0334661 0 -0.968193 -0.0174156 0.249598 0 -1397.3 -18.47 1108 1 2
0.25003 -0.030068 0.967771 0 -0.00934941 0.999396 0.0334661 0 -0.968193 -0.0174156 0.249598 0 -1397.3 -18.47 1108 1 2
0.25003 -0.030068 0.967771 0 -0.00934941 0.999396 0.0334661 0 -0.968193 -0.0174156 0.249598 0 -1397.3 -18.47 1108 1 2
0.25003 -0.030068 0.967771 0 -0.00934941 0.999396 0.0334661 0 -0.968193 -0.0174156 0.249598 0 -1397.3 -18.47 1108 1 2
0.25003 -0.030068 0.967771 0 -0.00934941 0.999396 0.0334661 0 -0.968193 -0.0174156 0.249598 0 -1397.3 -18.47 1108 1 2
0.25003 -0.030068 0.967771 0 -0.00934941 0.999396 0.0334661 0 -0.968193 -0.0174156 0.249598 0 -1397.3 -18.47 1108 1 2
0.25003 -0.030068 0.967771 0 -0.00934941 0.999396 0.0334661 0 -0.968193 -0.0174156 0.249598 0 -1397.3 -18.47 1108 1 2
0.25003 -0.030068 0.967771 0 -0.00934941 0.999396 0.0334661 0 -0.968193 -0.0174156 0.249598 0 -1397.3 -18.47 1108 1 2
0.25003 -0.030068 0.967771 0 -0.00934941 0.999396 0.0334661 0 -0.968193 -0.0174156 0.249598 0 -1397.3 -18.47 1108 1 2
0.25003 -0.030068 0.967771 0 -0.00934941 0.999396 0.0334661 0 -0.968193 -0.0174156 0.249598 0 -1397.3 -18.47 1108 1 2
0.25003 -0.030068 0.967771 0 -0.00934941 0.999396 0.0334661 0 -0.968193 -0.0174156 0.249598 0 -1397.3 -18.47 1108 1 2
0.25003 -0.030068 0.967771 0 -0.00934941 0.999396 0.0334661 0 -0.968193 -0.0174156 0.249598 0 -1397.3 -18.47 1108 1 2
0.25003 -0.030068 0.967771 0 -0.00934941 0.999396 0.0334661 0 -0.968193 -0.0174156 0.249598 0 -1397.3 -18.47 1108 1 2
0.25003 -0.030068 0.967771 0 -0.00934941 0.999396 0.0334661 0 -0.968193 -0.0174156 0.249598 0 -1397.3 -18.47 1108 1 2
0.25003 -0.030068 0.967771 0 -0.00934941 0.999396 0.0334661 0 -0.968193 -0.0174156 0.249598 0 -1397.3 -18.47 1108 1 2
0.25003 -0.030068 0.967771 0 -0.00934941 0.999396 0.0334661 0 -0.968193 -0.0174156 0.249598 0 -1397.3 -18.47 1108 1 2
0.25003 -0.030068 0.967771 0 -0.00934941 0.999396 0.0334661 0 -0.968193 -0.0174156 0.249598 0 -1397.3 -18.47 1108 1 2
0.25003 -0.030068 0.967771 0 -0.00934941 0.999396 0.0334661 0 -0.968193 -0.0174156 0.249598 0 -1397.3 -18.47 1108 1 2
0.25003 -0.030068 0.967771 0 -0.00934941 0.999396 0.0334661 0 -0.968193 -0.0174156 0.249598 0 -1397.3 -18.47 1108 1 2
0.25003 -0.030068 0.967771 0 -0.00934941 0.999396 0.0334661 0 -0.968193 -0.0174156 0.249598 0 -1397.3 -18.47 1108 1 2
0.25003 -0.030068 0.967771 0 -0.00934941 0.999396 0.0334661 0 -0.968193 -0.0174156 0.249598 0 -1397.3 -18.47 1108 1 2
0.25003 -0.030068 0.967771 0 -0.00934941 0.999396 0.0334661 0 -0.968193 -0.0174156 0.249598 0 -1397.3 -18.47 1108 1 2
0.25003 -0.030068 0.967771 0 -0.00934941 0.999396 0.0334661 0 -0.968193 -0.0174156 0.249598 0 -1397.3 -18.47 1108 1 2
0.25003 -0.030068 0.967771 0 -0.00934941 0.999396 0.0334661 0 -0.968193 -0.0174156 0.249598 0 -1397.3 -18.47 1108 1 2
0.25003 -0.030068 0.967771 0 -0.00934941 0.999396 0.0334661 0 -0.968193 -0.0174156 0.249598 0 -1397.3 -18.47 1108 1 2
0.25003 -0.030068 0.967771 0 -0.00934941 0.999396 0.0334661 0 -0.968193 -0.0174156 0.249598 0 -1397.3 -18.47 1108 1 2
0.25003 -0.030068 0.967771 0 -0.00934941 0.999396 0.0334661 0 -0.968193 -0.0174156 0.249598 0 -1397.3 -18.47 1108 1 2
0.25003 -0.030068 0.967771 0 -0.00934941 0.999396 0.0334661 0 -0.968193 -0.0174156 0.249598 0 -1397.3 -18.47 1108 1 2
0.25003 -0.030068 0.967771 0 -0.00934941 0.999396 0.0334661 0 -0.968193 -0.0174156 0.249598 0 -1397.3 -18.47 1108 1 2
0.25003 -0.030068 0.967771 0 -0.00934941 0.999396 0.0334661 0 -0.968193 -0.0174156 0.249598 0 -1397.3 -18.47 1108 1 2
0.25003 -0.030068 0.967771 0 -0.00934941 0.999396 0.0334661 0 -0.968193 -0.0174156 0.249598 0 -1397.3 -18.47 1108 1 2
0.25003 -0.030068 0.967771 0 -0.00934941 0.999396 0.0334661 0 -0.968193 -0.0174156 0.249598 0 -1397.3 -18.47 1108 1 2
0.25003 -0.030068 0.967771 0 -0.00934941 0.999396 0.0334661 0 -0.968193 -0.0174156 0.249598 0 -1397.3 -18.47 1108 1 2
0.25003 -0.030068 0.967771 0 -0.00934941 0.999396 0.0334661 0 -0.968193 -0.0174156 0.249598 0 -1397.3 -18.47 1108 1 2
0.25003 -0.030068 0.967771 0 -0.00934941 0.999396 0.0334661 0 -0.968193 -0.0174156 0.249598 0 -1397.3 -18.47 1108 1 2
0.252283 -0.031881 0.967128 0 -0.00950947 0.999327 0.035423 0 -0.967607 -0.0181335 0.25181 0 -1398.37 -24.4137 1108.75 1 3
0.253164 -0.0327909 0.966868 0 -0.010816 0.999267 0.0367218 0 -0.967363 -0.0197542 0.252623 0 -1398.9 -27.9517 1108.81 1 3
0.253556 -0.0329739 0.966759 0 -0.0129457 0.999214 0.0374762 0 -0.967234 -0.0220176 0.252929 0 -1398.88 -31.339 1108.59 1 3
0.254265 -0.0327155 0.966581 0 -0.0167346 0.999129 0.0382193 0 -0.96699 -0.0258932 0.253496 0 -1399.49 -36.1054 1109.43 1 3
0.254662 -0.0322236 0.966493 0 -0.0205729 0.999038 0.0387294 0 -0.966811 -0.0297464 0.253754 0 -1399.81 -40.5608 1109.87 1 3
0.255099 -0.0311854 0.966412 0 -0.0245424 0.998949 0.0387136 0 -0.966604 -0.0335939 0.254065 0 -1399.47 -44.7173 1110.42 1 3
0.255614 -0.0295164 0.966328 0 -0.028766 0.998859 0.0381193 0 -0.966351 -0.0375412 0.254473 0 -1398.72 -48.8954 1111.18 1 3
0.256048 -0.0275817 0.96627 0 -0.0330921 0.998757 0.037278 0 -0.966097 -0.0415209 0.254817 0 -1397.7 -53.0558 1111.84 1 3
0.256484 -0.0256224 0.966209 0 -0.0374481 0.998635 0.036423 0 -0.965823 -0.0455246 0.255174 0 -1396.56 -57.4108 1112.79 1 3
0.256828 -0.0236444 0.966168 0 -0.0419076 0.998488 0.0355753 0 -0.965548 -0.0496265 0.255449 0 -1395.39 -61.807 1113.41 1 3
0.25728 -0.0212463 0.966103 0 -0.0463419 0.998337 0.0342964 0 -0.965225 -0.0535948 0.255867 0 -1394.11 -65.9428 1114.2 1 3
0.257848 -0.0188005 0.966003 0 -0.0510736 0.998148 0.0330588 0 -0.964835 -0.0578614 0.25641 0 -1392.41 -70.6077 1115.23 1 3
0.25864 -0.0159621 0.965842 0 -0.05623 0.997919 0.0315499 0 -0.964336 -0.0624693 0.257204 0 -1390.37 -75.5143 1116.73 1 3
0.259605 -0.0130292 0.965627 0 -0.0616403 0.997646 0.030033 0 -0.963746 -0.0673182 0.258191 0 -1388.04 -80.6768 1118.41 1 3
0.260676 -0.0103439 0.965371 0 -0.0660157 0.997411 0.0285132 0 -0.963167 -0.0711624 0.259318 0 -1385.81 -85.0018 1120.14 1 3
0.261792 -0.00809285 0.96509 0 -0.0693638 0.997221 0.027178 0 -0.962629 -0.0740573 0.260503 0 -1383.87 -88.3121 1121.91 1 3
0.263069 -0.00656126 0.964755 0 -0.0716081 0.997086 0.0263072 0 -0.962116 -0.0760049 0.261832 0 -1381.92 -90.5592 1123.34 1 3
0.264392 -0.00503429 0.964402 0 -0.0726498 0.997041 0.0251217 0 -0.961675 -0.0767056 0.263244 0 -1380.43 -91.35 1124.84 1 3
0.265908 -0.00338176 0.963993 0 -0.0726484 0.99708 0.0235372 0 -0.961257 -0.0762913 0.264886 0 -1379.25 -90.9568 1126.71 1 3
0.267689 -0.00209041 0.963503 0 -0.0708817 0.997245 0.0218566 0 -0.960895 -0.0741455 0.266803 0 -1378.47 -88.7727 1129 1 3
0.269712 -0.000445495 0.962941 0 -0.0669166 0.997574 0.0192043 0 -0.960613 -0.0696164 0.269028 0 -1378.53 -84.0329 1131.81 1 3
0.271943 0.000649439 0.962313 0 -0.0618306 0.997945 0.0167994 0 -0.960325 -0.0640689 0.271425 0 -1379.01 -78.8482 1135 1 3
0.274164 0.001114 0.961682 0 -0.0563411 0.9983 0.0149058 0 -0.960031 -0.0582689 0.273761 0 -1379.51 -73.374 1137.85 1 3
0.276473 0.00132732 0.961021 0 -0.0510019 0.99861 0.0132934 0 -0.959667 -0.0526892 0.276157 0 -1379.98 -67.9609 1140.63 1 3
0.278579 0.00141404 0.960412 0 -0.046402 0.998851 0.0119888 0 -0.959292 -0.0479049 0.278325 0 -1380.26 -63.2063 1143.09 1 3
0.280286 0.0013335 0.959916 0 -0.0425699 0.999032 0.0110422 0 -0.958972 -0.0439585 0.280072 0 -1380.89 -59.3857 1144.82 1 3
0.281681 0.00106669 0.959507 0 -0.0392937 0.999173 0.0104246 0 -0.958703 -0.040639 0.28149 0 -1381.61 -55.934 1146.34 1 3
0.282873 0.000736114 0.959157 0 -0.0364784 0.999284 0.00999123 0 -0.958464 -0.0378147 0.282697 0 -1382.47 -53.4229 1147.35 1 3
0.284064 8.69926e-05 0.958805 0 -0.034119 0.999368 0.0100177 0 -0.958198 -0.0355592 0.283887 0 -1383.07 -51.6948 1148.3 1 3
0.284885 -0.000549926 0.958562 0 -0.0323327 0.999425 0.0101827 0 -0.958016 -0.0338938 0.284703 0 -1383.85 -50.4365 1148.85 1 3
0.285474 -0.00103989 0.958386 0 -0.0308771 0.99947 0.0102818 0 -0.957889 -0.0325273 0.285291 0 -1384.51 -49.4004 1149.14 1 3
0.286003 -0.00144706 0.958228 0 -0.0297148 0.999505 0.0103784 0 -0.957768 -0.0314418 0.285818 0 -1385.08 -48.6496 1149.27 1 3
0.286484 -0.00181169 0.958083 0 -0.0287872 0.99953 0.010498 0 -0.957652 -0.030588 0.286298 0 -1385.53 -48.1854 1149.38 1 3
0.286983 -0.00214458 0.957933 0 -0.0281485 0.999547 0.0106706 0 -0.957522 -0.0300267 0.286793 0 -1385.83 -47.9917 1149.39 1 3
0.287386 -0.00245137 0.957812 0 -0.0275382 0.999562 0.0108209 0 -0.957419 -0.0294862 0.287193 0 -1386.02 -47.6722 1149.42 1 3
0.28772 -0.00235701 0.957712 0 -0.0271468 0.999575 0.0106156 0 -0.95733 -0.0290532 0.287534 0 -1386.22 -47.1423 1150.09 1 3
0.287983 -0.00230899 0.957633 0 -0.0269028 0.999583 0.0105004 0 -0.957258 -0.0287869 0.287801 0 -1386.42 -46.884 1150.57 1 3
0.288249 -0.00232451 0.957553 0 -0.0266913 0.999589 0.0104614 0 -0.957183 -0.0285739 0.288069 0 -1386.5 -46.6306 1150.95 1 3
0.288551 -0.00228196 0.957462 0 -0.0265531 0.999593 0.0103847 0 -0.957096 -0.0284201 0.288373 0 -1386.61 -46.4279 1151.31 1 3
0.28875 -0.00232338 0.957402 0 -0.0263595 0.999599 0.0103757 0 -0.957042 -0.0282326 0.288573 0 -1386.77 -46.2138 1151.58 1 3
0.28879 -0.00239359 0.957389 0 -0.0262452 0.999601 0.0104158 0 -0.957033 -0.0281349 0.288612 0 -1386.91 -46.1134 1151.66 1 3
0.289062 -0.00269821 0.957307 0 -0.026405 0.999593 0.0107905 0 -0.956946 -0.0283968 0.288873 0 -1387.04 -46.5678 1151.77 1 3
0.288535 -0.00306968 0.957464 0 -0.0262928 0.999592 0.0111282 0 -0.957108 -0.0283853 0.288337 0 -1387.81 -46.6846 1151.05 1 3
0.288226 -0.00338717 0.957556 0 -0.0261049 0.999594 0.0113935 0 -0.957206 -0.0282808 0.288021 0 -1388.38 -46.7453 1150.53 1 3
0.287968 -0.00370846 0.957633 0 -0.0258939 0.999597 0.0116575 0 -0.95729 -0.0281538 0.287756 0 -1388.86 -46.7785 1150.08 1 3
0.287825 -0.00388008 0.957675 0 -0.0257644 0.999598 0.0117933 0 -0.957337 -0.0280683 0.287609 0 -1389.16 -46.7953 1149.77 1 3
0.287734 -0.00413057 0.957701 0 -0.0255551 0.999602 0.0119891 0 -0.957369 -0.0279238 0.287514 0 -1389.4 -46.7504 1149.55 1 3
0.287729 -0.00430405 0.957702 0 -0.0253888 0.999604 0.0121201 0 -0.957375 -0.0278022 0.287505 0 -1389.55 -46.6879 1149.46 1 3
0.287737 -0.0043992 0.9577 0 -0.0252519 0.999607 0.0121785 0 -0.957377 -0.0276879 0.287512 0 -1389.66 -46.5853 1149.39 1 3
0.287733 -0.00459009 0.9577 0 -0.0250597 0.99961 0.0123199 0 -0.957383 -0.0275445 0.287506 0 -1389.81 -46.5094 1149.31 1 3
