0.490235 0 -0.871591 0 0 1 0 0 0.871591 0 0.490235 0 -799.344 0 -656.171 1 0
0.490235 0 -0.871591 0 0 1 0 0 0.871591 0 0.490235 0 -799.344 0 -656.171 1 0
0.490235 0 -0.871591 0 0 1 0 0 0.871591 0 0.490235 0 -799.344 0 -656.171 1 0
0.490235 0 -0.871591 0 0 1 0 0 0.871591 0 0.490235 0 -799.344 0 -656.171 1 0
0.490235 0 -0.871591 0 0 1 0 0 0.871591 0 0.490235 0 -799.344 0 -656.171 1 0
0.490235 0 -0.871591 0 0 1 0 0 0.871591 0 0.490235 0 -799.344 0 -656.171 1 0
0.490235 0 -0.871591 0 0 1 0 0 0.871591 0 0.490235 0 -799.344 0 -656.171 1 0
0.490235 0 -0.871591 0 0 1 0 0 0.871591 0 0.490235 0 -799.344 0 -656.171 1 0
0.490235 0 -0.871591 0 0 1 0 0 0.871591 0 0.490235 0 -799.344 0 -656.171 1 0
0.490235 0 -0.871591 0 0 1 0 0 0.871591 0 0.490235 0 -799.344 0 -656.171 1 0
0.490235 0 -0.871591 0 0 1 0 0 0.871591 0 0.490235 0 -799.344 0 -656.171 1 0
0.490235 0 -0.871591 0 0 1 0 0 0.871591 0 0.490235 0 -799.344 0 -656.171 1 0
0.490235 0 -0.871591 0 0 1 0 0 0.871591 0 0.490235 0 -799.344 0 -656.171 1 0
0.490235 0 -0.871591 0 0 1 0 0 0.871591 0 0.490235 0 -799.344 0 -656.171 1 0
0.490235 0 -0.871591 0 0 1 0 0 0.871591 0 0.490235 0 -799.344 0 -656.171 1 0
0.490235 0 -0.871591 0 0 1 0 0 0.871591 0 0.490235 0 -799.344 0 -656.171 1 0
0.490235 0 -0.871591 0 0 1 0 0 0.871591 0 0.490235 0 -799.344 0 -656.171 1 0
0.490235 0 -0.871591 0 0 1 0 0 0.871591 0 0.490235 0 -799.344 0 -656.171 1 0
0.490235 0 -0.871591 0 0 1 0 0 0.871591 0 0.490235 0 -799.344 0 -656.171 1 0
0.490235 0 -0.871591 0 0 1 0 0 0.871591 0 0.490235 0 -799.344 0 -656.171 1 0
0.490235 0 -0.871591 0 0 1 0 0 0.871591 0 0.490235 0 -799.344 0 -656.171 1 0
0.490235 0 -0.871591 0 0 1 0 0 0.871591 0 0.490235 0 -799.344 0 -656.171 1 0
0.490235 0 -0.871591 0 0 1 0 0 0.871591 0 0.490235 0 -799.344 0 -656.171 1 0
0.490235 0 -0.871591 0 0 1 0 0 0.871591 0 0.490235 0 -799.344 0 -656.171 1 0
0.490235 0 -0.871591 0 0 1 0 0 0.871591 0 0.490235 0 -799.344 0 -656.171 1 0
0.490235 0 -0.871591 0 0 1 0 0 0.871591 0 0.490235 0 -799.344 0 -656.171 1 0
0.490235 0 -0.871591 0 0 1 0 0 0.871591 0 0.490235 0 -799.344 0 -656.171 1 0
0.490235 0 -0.871591 0 0 1 0 0 0.871591 0 0.490235 0 -799.344 0 -656.171 1 0
0.490235 0 -0.871591 0 0 1 0 0 0.871591 0 0.490235 0 -799.344 0 -656.171 1 0
0.490235 0 -0.871591 0 0 1 0 0 0.871591 0 0.490235 0 -799.344 0 -656.171 1 0
0.490235 0 -0.871591 0 0 1 0 0 0.871591 0 0.490235 0 -799.344 0 -656.171 1 0
0.490235 0 -0.871591 0 0 1 0 0 0.871591 0 0.490235 0 -799.344 0 -656.171 1 0
0.490235 0 -0.871591 0 0 1 0 0 0.871591 0 0.490235 0 -799.344 0 -656.171 1 0
0.490235 0 -0.871591 0 0 1 0 0 0.871591 0 0.490235 0 -799.344 0 -656.171 1 0
0.490235 0 -0.871591 0 0 1 0 0 0.871591 0 0.490235 0 -799.344 0 -656.171 1 0
0.490235 0 -0.871591 0 0 1 0 0 0.871591 0 0.490235 0 -799.344 0 -656.171 1 0
0.490235 0 -0.871591 0 0 1 0 0 0.871591 0 0.490235 0 -799.344 0 -656.171 1 0
0.490235 0 -0.871591 0 0 1 0 0 0.871591 0 0.490235 0 -799.344 0 -656.171 1 0
0.490235 0 -0.871591 0 0 1 0 0 0.871591 0 0.490235 0 -799.344 0 -656.171 1 0
0.490235 0 -0.871591 0 0 1 0 0 0.871591 0 0.490235 0 -799.344 0 -656.171 1 0
0.490235 0 -0.871591 0 0 1 0 0 0.871591 0 0.490235 0 -799.344 0 -656.171 1 0
0.490235 0 -0.871591 0 0 1 0 0 0.871591 0 0.490235 0 -799.344 0 -656.171 1 0
0.490235 0 -0.871591 0 0 1 0 0 0.871591 0 0.490235 0 -799.344 0 -656.171 1 0
0.490235 0 -0.871591 0 0 1 0 0 0.871591 0 0.490235 0 -799.344 0 -656.171 1 0
0.490235 0 -0.871591 0 0 1 0 0 0.871591 0 0.490235 0 -799.344 0 -656.171 1 0
0.490235 0 -0.871591 0 0 1 0 0 0.871591 0 0.490235 0 -799.344 0 -656.171 1 0
0.490235 0 -0.871591 0 0 1 0 0 0.871591 0 0.490235 0 -799.344 0 -656.171 1 0
0.490235 0 -0.871591 0 0 1 0 0 0.871591 0 0.490235 0 -799.344 0 -656.171 1 0
0.490235 0 -0.871591 0 0 1 0 0 0.871591 0 0.490235 0 -799.344 0 -656.171 1 0
0.490235 0 -0.871591 0 0 1 0 0 0.871591 0 0.490235 0 -799.344 0 -656.171 1 0
0.490235 0 -0.871591 0 0 1 0 0 0.871591 0 0.490235 0 -799.344 0 -656.171 1 0
0.490235 0 -0.871591 0 0 1 0 0 0.871591 0 0.490235 0 -799.344 0 -656.171 1 0
0.490235 0 -0.871591 0 0 1 0 0 0.871591 0 0.490235 0 -799.344 0 -656.171 1 0
0.490235 0 -0.871591 0 0 1 0 0 0.871591 0 0.490235 0 -799.344 0 -656.171 1 0
0.490235 0 -0.871591 0 0 1 0 0 0.871591 0 0.490235 0 -799.344 0 -656.171 1 0
0.490235 0 -0.871591 0 0 1 0 0 0.871591 0 0.490235 0 -799.344 0 -656.171 1 0
0.490235 0 -0.871591 0 0 1 0 0 0.871591 0 0.490235 0 -799.344 0 -656.171 1 0
0.490235 0 -0.871591 0 0 1 0 0 0.871591 0 0.490235 0 -799.344 0 -656.171 1 0
0.490235 0 -0.871591 0 0 1 0 0 0.871591 0 0.490235 0 -799.344 0 -656.171 1 0
0.490235 0 -0.871591 0 0 1 0 0 0.871591 0 0.490235 0 -799.344 0 -656.171 1 0
0.490235 0 -0.871591 0 0 1 0 0 0.871591 0 0.490235 0 -799.344 0 -656.171 1 0
0.490235 0 -0.871591 0 0 1 0 0 0.871591 0 0.490235 0 -799.344 0 -656.171 1 0
0.490235 0 -0.871591 0 0 1 0 0 0.871591 0 0.490235 0 -799.344 0 -656.171 1 0
0.490235 0 -0.871591 0 0 1 0 0 0.871591 0 0.490235 0 -799.344 0 -656.171 1 0
0.490235 0 -0.871591 0 0 1 0 0 0.871591 0 0.490235 0 -799.344 0 -656.171 1 0
0.490235 0 -0.871591 0 0 1 0 0 0.871591 0 0.490235 0 -799.344 0 -656.171 1 0
0.490235 0 -0.871591 0 0 1 0 0 0.871591 0 0.490235 0 -799.344 0 -656.171 1 0
0.490235 0 -0.871591 0 0 1 0 0 0.871591 0 0.490235 0 -799.344 0 -656.171 1 0
0.490235 0 -0.871591 0 0 1 0 0 0.871591 0 0.490235 0 -799.344 0 -656.171 1 0
0.490235 0 -0.871591 0 0 1 0 0 0.871591 0 0.490235 0 -799.344 0 -656.171 1 0
0.490235 0 -0.871591 0 0 1 0 0 0.871591 0 0.490235 0 -799.344 0 -656.171 1 0
0.490235 0 -0.871591 0 0 1 0 0 0.871591 0 0.490235 0 -799.344 0 -656.171 1 0
0.490235 0 -0.871591 0 0 1 0 0 0.871591 0 0.490235 0 -799.344 0 -656.171 1 0
0.490235 0 -0.871591 0 0 1 0 0 0.871591 0 0.490235 0 -799.344 0 -656.171 1 0
0.490235 0 -0.871591 0 0 1 0 0 0.871591 0 0.490235 0 -799.344 0 -656.171 1 0
0.490235 0 -0.871591 0 0 1 0 0 0.871591 0 0.490235 0 -799.344 0 -656.171 1 0
0.490235 0 -0.871591 0 0 1 0 0 0.871591 0 0.490235 0 -799.344 0 -656.171 1 0
0.490235 0 -0.871591 0 0 1 0 0 0.871591 0 0.490235 0 -799.344 0 -656.171 1 0
0.490235 0 -0.871591 0 0 1 0 0 0.871591 0 0.490235 0 -799.344 0 -656.171 1 0
0.490235 0 -0.871591 0 0 1 0 0 0.871591 0 0.490235 0 -799.344 0 -656.171 1 0
0.490235 0 -0.871591 0 0 1 0 0 0.871591 0 0.490235 0 -799.344 0 -656.171 1 0
0.490235 0 -0.871591 0 0 1 0 0 0.871591 0 0.490235 0 -799.344 0 -656.171 1 0
0.490235 0 -0.871591 0 0 1 0 0 0.871591 0 0.490235 0 -799.344 0 -656.171 1 0
0.490235 0 -0.871591 0 0 1 0 0 0.871591 0 0.490235 0 -799.344 0 -656.171 1 0
0.490235 0 -0.871591 0 0 1 0 0 0.871591 0 0.490235 0 -799.344 0 -656.171 1 0
0.490235 0 -0.871591 0 0 1 0 0 0.871591 0 0.490235 0 -799.344 0 -656.171 1 0
0.490235 0 -0.871591 0 0 1 0 0 0.871591 0 0.490235 0 -799.344 0 -656.171 1 0
0.490235 0 -0.871591 0 0 1 0 0 0.871591 0 0.490235 0 -799.344 0 -656.171 1 0
0.490235 0 -0.871591 0 0 1 0 0 0.871591 0 0.490235 0 -799.344 0 -656.171 1 0
0.490235 0 -0.871591 0 0 1 0 0 0.871591 0 0.490235 0 -799.344 0 -656.171 1 0
0.490235 0 -0.871591 0 0 1 0 0 0.871591 0 0.490235 0 -799.344 0 -656.171 1 0
0.490235 0 -0.871591 0 0 1 0 0 0.871591 0 0.490235 0 -799.344 0 -656.171 1 0
0.490235 0 -0.871591 0 0 1 0 0 0.871591 0 0.490235 0 -799.344 0 -656.171 1 0
0.490235 0 -0.871591 0 0 1 0 0 0.871591 0 0.490235 0 -799.344 0 -656.171 1 0
0.490235 0 -0.871591 0 0 1 0 0 0.871591 0 0.490235 0 -799.344 0 -656.171 1 0
0.490235 0 -0.871591 0 0 1 0 0 0.871591 0 0.490235 0 -799.344 0 -656.171 1 0
0.490235 0 -0.871591 0 0 1 0 0 0.871591 0 0.490235 0 -799.344 0 -656.171 1 0
0.490235 0 -0.871591 0 0 1 0 0 0.871591 0 0.490235 0 -799.344 0 -656.171 1 0
0.490235 0 -0.871591 0 0 1 0 0 0.871591 0 0.490235 0 -799.344 0 -656.171 1 0
0.490235 0 -0.871591 0 0 1 0 0 0.871591 0 0.490235 0 -799.344 0 -656.171 1 0
0.490235 0 -0.871591 0 0 1 0 0 0.871591 0 0.490235 0 -799.344 0 -656.171 1 0
0.490235 0 -0.871591 0 0 1 0 0 0.871591 0 0.490235 0 -799.344 0 -656.171 1 0
0.490235 0 -0.871591 0 0 1 0 0 0.871591 0 0.490235 0 -799.344 0 -656.171 1 0
0.490235 0 -0.871591 0 0 1 0 0 0.871591 0 0.490235 0 -799.344 0 -656.171 1 0
0.490235 0 -0.871591 0 0 1 0 0 0.871591 0 0.490235 0 -799.344 0 -656.171 1 0
0.490235 0 -0.871591 0 0 1 0 0 0.871591 0 0.490235 0 -799.344 0 -656.171 1 0
0.490235 0 -0.871591 0 0 1 0 0 0.871591 0 0.490235 0 -799.344 0 -656.171 1 0
0.490235 0 -0.871591 0 0 1 0 0 0.871591 0 0.490235 0 -799.344 0 -656.171 1 0
0.490235 0 -0.871591 0 0 1 0 0 0.871591 0 0.490235 0 -799.344 0 -656.171 1 0
0.490235 0 -0.871591 0 0 1 0 0 0.871591 0 0.490235 0 -799.344 0 -656.171 1 0
0.490235 0 -0.871591 0 0 1 0 0 0.871591 0 0.490235 0 -799.344 0 -656.171 1 0
0.490235 0 -0.871591 0 0 1 0 0 0.871591 0 0.490235 0 -799.344 0 -656.171 1 0
0.490235 0 -0.871591 0 0 1 0 0 0.871591 0 0.490235 0 -799.344 0 -656.171 1 0
0.490235 0 -0.871591 0 0 1 0 0 0.871591 0 0.490235 0 -799.344 0 -656.171 1 0
0.490235 0 -0.871591 0 0 1 0 0 0.871591 0 0.490235 0 -799.344 0 -656.171 1 0
0.490235 0 -0.871591 0 0 1 0 0 0.871591 0 0.490235 0 -799.344 0 -656.171 1 0
0.292256 0.0895889 -0.952134 0 -0.0211272 0.995964 0.0872281 0 0.956107 -0.00537706 0.29297 0 -1100.75 311.601 -751.531 1 1
0.286908 0.079195 -0.954679 0 -0.0188743 0.996851 0.0770211 0 0.957772 -0.00407901 0.287499 0 -1062.21 317.879 -818.198 1 1
0.286908 0.079195 -0.954679 0 -0.0188743 0.996851 0.0770211 0 0.957772 -0.00407901 0.287499 0 -1062.21 317.879 -818.198 1 2
0.286908 0.079195 -0.954679 0 -0.0188743 0.996851 0.0770211 0 0.957772 -0.00407901 0.287499 0 -1062.21 317.879 -818.198 1 2
0.286908 0.079195 -0.954679 0 -0.0188743 0.996851 0.0770211 0 0.957772 -0.00407901 0.287499 0 -1062.21 317.879 -818.198 1 2
0.286908 0.079195 -0.954679 0 -0.0188743 0.996851 0.0770211 0 0.957772 -0.00407901 0.287499 0 -1062.21 317.879 -818.198 1 2
0.286908 0.079195 -0.954679 0 -0.0188743 0.996851 0.0770211 0 0.957772 -0.00407901 0.287499 0 -1062.21 317.879 -818.198 1 2
0.286908 0.079195 -0.954679 0 -0.0188743 0.996851 0.0770211 0 0.957772 -0.00407901 0.287499 0 -1062.21 317.879 -818.198 1 2
0.286908 0.079195 -0.954679 0 -0.0188743 0.996851 0.0770211 0 0.957772 -0.00407901 0.287499 0 -1062.21 317.879 -818.198 1 2
0.286908 0.079195 -0.954679 0 -0.0188743 0.996851 0.0770211 0 0.957772 -0.00407901 0.287499 0 -1062.21 317.879 -818.198 1 2
0.286908 0.079195 -0.954679 0 -0.0188743 0.996851 0.0770211 0 0.957772 -0.00407901 0.287499 0 -1062.21 317.879 -818.198 1 2
0.286908 0.079195 -0.954679 0 -0.0188743 0.996851 0.0770211 0 0.957772 -0.00407901 0.287499 0 -1062.21 317.879 -818.198 1 2
0.285695 0.0912699 -0.953964 0 -0.0215436 0.995815 0.0888219 0 0.958078 -0.00482417 0.286465 0 -1059.77 318.684 -840.277 1 3
0.284385 0.103695 -0.953086 0 -0.0235527 0.994589 0.101183 0 0.958421 -0.00632721 0.285288 0 -1059.34 317.433 -860.042 1 3
0.28322 0.116865 -0.951908 0 -0.0257211 0.993117 0.114271 0 0.95871 -0.00787989 0.284276 0 -1059.58 313.819 -877.405 1 3
0.281528 0.130868 -0.950587 0 -0.0283241 0.991358 0.128092 0 0.959135 -0.00913707 0.282802 0 -1059.54 306.824 -892.51 1 3
0.279663 0.143393 -0.94933 0 -0.0306727 0.989614 0.140441 0 0.959608 -0.0101577 0.281156 0 -1059.99 297.623 -905.041 1 3
0.277701 0.15289 -0.948423 0 -0.0336223 0.988196 0.149457 0 0.960079 -0.00961624 0.279564 0 -1061.1 286.735 -914.954 1 3
0.27574 0.159991 -0.947824 0 -0.0376526 0.987092 0.155666 0 0.960495 -0.00723519 0.278204 0 -1062.46 273.628 -922.896 1 3
0.273918 0.165489 -0.947408 0 -0.0423534 0.986205 0.160021 0 0.96082 -0.00370668 0.277149 0 -1063.91 259.696 -929.273 1 3
0.272198 0.169021 -0.94728 0 -0.0470893 0.985612 0.162329 0 0.961088 0.000421024 0.276241 0 -1065.35 244.996 -934.442 1 3
0.27056 0.171926 -0.947227 0 -0.0520701 0.985097 0.163926 0 0.961294 0.0049704 0.27548 0 -1066.86 230.265 -938.488 1 3
0.268976 0.173729 -0.947349 0 -0.0570269 0.984745 0.164395 0 0.961457 0.00980599 0.27478 0 -1068.75 214.83 -941.422 1 3
0.267304 0.175031 -0.947583 0 -0.062168 0.984449 0.164304 0 0.961605 0.0149903 0.274029 0 -1070.68 197.962 -943.338 1 3
0.265384 0.175417 -0.948051 0 -0.0674315 0.984279 0.163245 0 0.961782 0.0206059 0.273041 0 -1072.83 178.454 -943.933 1 3
0.263277 0.175079 -0.9487 0 -0.07282 0.984195 0.161421 0 0.961968 0.026586 0.271866 0 -1075.31 156.741 -943.493 1 3
0.261249 0.173877 -0.949482 0 -0.077281 0.984252 0.15898 0 0.962173 0.0318434 0.270573 0 -1078.04 135.955 -942.463 1 3
0.259154 0.171884 -0.950418 0 -0.0804639 0.984458 0.1561 0 0.962478 0.0360203 0.268957 0 -1081.02 117.013 -941.077 1 3
0.257202 0.169194 -0.951431 0 -0.0819576 0.984825 0.152977 0 0.962876 0.0386312 0.267165 0 -1084.91 100.33 -939.201 1 3
0.255413 0.164162 -0.952793 0 -0.0815144 0.985627 0.147968 0 0.96339 0.0398733 0.265124 0 -1089.12 84.0912 -937.015 1 3
0.253481 0.155687 -0.95473 0 -0.0794531 0.98698 0.139852 0 0.964072 0.0404066 0.26255 0 -1093.83 66.5272 -934.119 1 3
0.25151 0.142048 -0.957374 0 -0.074675 0.989071 0.127133 0 0.96497 0.0395167 0.259369 0 -1099.51 47.3908 -930.16 1 3
0.249386 0.122639 -0.960607 0 -0.0666275 0.991771 0.109321 0 0.966109 0.0367398 0.255505 0 -1106.12 27.7614 -925.339 1 3
0.246545 0.102562 -0.963689 0 -0.0581494 0.994158 0.0909279 0 0.967385 0.0336202 0.251068 0 -1113.44 14.6001 -919.807 1 3
0.243296 0.0831149 -0.966385 0 -0.0500012 0.996072 0.07308 0 0.968663 0.0305403 0.246496 0 -1120.75 6.91662 -914.163 1 3
0.239607 0.0658161 -0.968637 0 -0.0425613 0.997452 0.0572459 0 0.969937 0.02751 0.241797 0 -1127.9 3.36525 -909.151 1 3
0.235803 0.0512386 -0.970449 0 -0.0360651 0.998383 0.0439502 0 0.971131 0.0246357 0.23727 0 -1134.71 2.42465 -904.906 1 3
0.232365 0.0397409 -0.971817 0 -0.0307882 0.998965 0.0334896 0 0.972141 0.0221387 0.233348 0 -1140.87 2.93518 -901.742 1 3
0.229208 0.0309286 -0.972886 0 -0.0264372 0.999324 0.0255406 0 0.973018 0.0198663 0.229871 0 -1146.47 4.28562 -899.345 1 3
0.226327 0.0241083 -0.973753 0 -0.0228389 0.99955 0.0194386 0 0.973784 0.0178399 0.226776 0 -1151.5 6.07599 -897.809 1 3
0.223634 0.0190496 -0.974487 0 -0.019753 0.999692 0.0150092 0 0.974473 0.0158925 0.223941 0 -1156.12 8.04302 -896.75 1 3
0.221285 0.0151808 -0.975091 0 -0.0171433 0.999785 0.0116748 0 0.975058 0.0141328 0.221498 0 -1160.3 9.76536 -896.049 1 3
0.219276 0.0121853 -0.975587 0 -0.0150121 0.999846 0.0091141 0 0.975547 0.0126471 0.219425 0 -1164.08 11.2555 -895.759 1 3
0.217457 0.00985162 -0.97602 0 -0.0132107 0.999887 0.00714917 0 0.97598 0.0113393 0.217563 0 -1167.55 12.521 -895.725 1 3
0.215778 0.00815285 -0.976408 0 -0.01165 0.999915 0.00577457 0 0.976373 0.0101292 0.215855 0 -1170.67 13.6074 -895.958 1 3
0.214266 0.00684742 -0.976751 0 -0.0105068 0.999934 0.0047051 0 0.976719 0.00925441 0.214323 0 -1173.51 14.4272 -896.446 1 3
0.21281 0.00578213 -0.977077 0 -0.00947049 0.999948 0.00385478 0 0.977048 0.00843306 0.212854 0 -1176.04 15.1842 -897.041 1 3
0.211256 0.00511564 -0.977417 0 -0.00899552 0.999954 0.00328933 0 0.977389 0.00809749 0.211292 0 -1178.38 15.4645 -897.757 1 3
0.209898 0.00468103 -0.977712 0 -0.0085881 0.999959 0.00294383 0 0.977686 0.00777878 0.20993 0 -1180.44 15.685 -898.579 1 3
0.208621 0.00430543 -0.977987 0 -0.00817542 0.999963 0.00265822 0 0.977962 0.0074409 0.208649 0 -1182.42 15.8925 -899.445 1 3
0.207472 0.00403269 -0.978233 0 -0.00788999 0.999966 0.00244891 0 0.978209 0.00721016 0.207497 0 -1184.34 16.0408 -900.478 1 3
0.206502 0.00380076 -0.978439 0 -0.00748617 0.999969 0.00230442 0 0.978417 0.00684889 0.206524 0 -1186.12 16.3211 -901.588 1 3
0.205696 0.00371597 -0.978609 0 -0.0071298 0.999972 0.00229846 0 0.97859 0.0065045 0.205716 0 -1187.76 16.5502 -902.966 1 3
0.204691 0.00435954 -0.978817 0 -0.00713246 0.99997 0.0029622 0 0.978801 0.00637504 0.204716 0 -1190.19 16.9622 -904.305 1 3
0.204861 0.00545701 -0.978776 0 -0.00680443 0.999968 0.00415097 0 0.978767 0.00580964 0.204892 0 -1193.07 18.0271 -907.458 1 3
0.204773 0.0060735 -0.978791 0 -0.00642649 0.999968 0.00486042 0 0.978788 0.00529491 0.204805 0 -1195.69 18.8573 -910.088 1 3
0.204551 0.00649271 -0.978834 0 -0.00598929 0.999968 0.00538128 0 0.978837 0.00476178 0.204584 0 -1197.94 19.4967 -912.359 1 3
0.20416 0.00676188 -0.978914 0 -0.00564453 0.999968 0.0057301 0 0.978921 0.00435565 0.204192 0 -1200.03 19.916 -914.339 1 3
0.203694 0.00703488 -0.979009 0 -0.00519902 0.999968 0.00610377 0 0.979021 0.00384659 0.203724 0 -1202.01 20.4978 -916.055 1 3
0.203169 0.00720432 -0.979117 0 -0.00483944 0.999968 0.00635354 0 0.979132 0.00344754 0.203198 0 -1203.74 21.0091 -917.505 1 3
0.202714 0.00734683 -0.97921 0 -0.00453471 0.999968 0.00656381 0 0.979227 0.00310986 0.202741 0 -1205.22 21.3863 -918.824 1 3
0.202296 0.0074123 -0.979296 0 -0.00418375 0.999969 0.00670452 0 0.979316 0.00274084 0.20232 0 -1206.45 21.7966 -920.07 1 3
