-0.993516 0 0.113689 0 0 1 0 0 -0.113689 0 -0.993516 0 -4990.48 0 -2025.28 1 0
-0.993516 0 0.113689 0 0 1 0 0 -0.113689 0 -0.993516 0 -4990.48 0 -2025.28 1 0
-0.993516 0 0.113689 0 0 1 0 0 -0.113689 0 -0.993516 0 -4990.48 0 -2025.28 1 0
-0.993516 0 0.113689 0 0 1 0 0 -0.113689 0 -0.993516 0 -4990.48 0 -2025.28 1 0
-0.993516 0 0.113689 0 0 1 0 0 -0.113689 0 -0.993516 0 -4990.48 0 -2025.28 1 0
-0.993516 0 0.113689 0 0 1 0 0 -0.113689 0 -0.993516 0 -4990.48 0 -2025.28 1 0
-0.993516 0 0.113689 0 0 1 0 0 -0.113689 0 -0.993516 0 -4990.48 0 -2025.28 1 0
-0.993516 0 0.113689 0 0 1 0 0 -0.113689 0 -0.993516 0 -4990.48 0 -2025.28 1 0
-0.993516 0 0.113689 0 0 1 0 0 -0.113689 0 -0.993516 0 -4990.48 0 -2025.28 1 0
-0.993516 0 0.113689 0 0 1 0 0 -0.113689 0 -0.993516 0 -4990.48 0 -2025.28 1 0
-0.993516 0 0.113689 0 0 1 0 0 -0.113689 0 -0.993516 0 -4990.48 0 -2025.28 1 0
-0.993516 0 0.113689 0 0 1 0 0 -0.113689 0 -0.993516 0 -4990.48 0 -2025.28 1 0
-0.993516 0 0.113689 0 0 1 0 0 -0.113689 0 -0.993516 0 -4990.48 0 -2025.28 1 0
-0.993516 0 0.113689 0 0 1 0 0 -0.113689 0 -0.993516 0 -4990.48 0 -2025.28 1 0
-0.993516 0 0.113689 0 0 1 0 0 -0.113689 0 -0.993516 0 -4990.48 0 -2025.28 1 0
-0.993516 0 0.113689 0 0 1 0 0 -0.113689 0 -0.993516 0 -4990.48 0 -2025.28 1 0
-0.993516 0 0.113689 0 0 1 0 0 -0.113689 0 -0.993516 0 -4990.48 0 -2025.28 1 0
-0.993516 0 0.113689 0 0 1 0 0 -0.113689 0 -0.993516 0 -4990.48 0 -2025.28 1 0
-0.993516 0 0.113689 0 0 1 0 0 -0.113689 0 -0.993516 0 -4990.48 0 -2025.28 1 0
-0.993516 0 0.113689 0 0 1 0 0 -0.113689 0 -0.993516 0 -4990.48 0 -2025.28 1 0
-0.993516 0 0.113689 0 0 1 0 0 -0.113689 0 -0.993516 0 -4990.48 0 -2025.28 1 0
-0.993516 0 0.113689 0 0 1 0 0 -0.113689 0 -0.993516 0 -4990.48 0 -2025.28 1 0
-0.993516 0 0.113689 0 0 1 0 0 -0.113689 0 -0.993516 0 -4990.48 0 -2025.28 1 0
-0.993516 0 0.113689 0 0 1 0 0 -0.113689 0 -0.993516 0 -4990.48 0 -2025.28 1 0
-0.993516 0 0.113689 0 0 1 0 0 -0.113689 0 -0.993516 0 -4990.48 0 -2025.28 1 0
-0.993516 0 0.113689 0 0 1 0 0 -0.113689 0 -0.993516 0 -4990.48 0 -2025.28 1 0
-0.993516 0 0.113689 0 0 1 0 0 -0.113689 0 -0.993516 0 -4990.48 0 -2025.28 1 0
-0.993516 0 0.113689 0 0 1 0 0 -0.113689 0 -0.993516 0 -4990.48 0 -2025.28 1 0
-0.993516 0 0.113689 0 0 1 0 0 -0.113689 0 -0.993516 0 -4990.48 0 -2025.28 1 0
-0.993516 0 0.113689 0 0 1 0 0 -0.113689 0 -0.993516 0 -4990.48 0 -2025.28 1 0
-0.993516 0 0.113689 0 0 1 0 0 -0.113689 0 -0.993516 0 -4990.48 0 -2025.28 1 0
-0.993516 0 0.113689 0 0 1 0 0 -0.113689 0 -0.993516 0 -4990.48 0 -2025.28 1 0
-0.993516 0 0.113689 0 0 1 0 0 -0.113689 0 -0.993516 0 -4990.48 0 -2025.28 1 0
-0.993516 0 0.113689 0 0 1 0 0 -0.113689 0 -0.993516 0 -4990.48 0 -2025.28 1 0
-0.993516 0 0.113689 0 0 1 0 0 -0.113689 0 -0.993516 0 -4990.48 0 -2025.28 1 0
-0.993516 0 0.113689 0 0 1 0 0 -0.113689 0 -0.993516 0 -4990.48 0 -2025.28 1 0
-0.993516 0 0.113689 0 0 1 0 0 -0.113689 0 -0.993516 0 -4990.48 0 -2025.28 1 0
-0.993516 0 0.113689 0 0 1 0 0 -0.113689 0 -0.993516 0 -4990.48 0 -2025.28 1 0
-0.993516 0 0.113689 0 0 1 0 0 -0.113689 0 -0.993516 0 -4990.48 0 -2025.28 1 0
-0.993516 0 0.113689 0 0 1 0 0 -0.113689 0 -0.993516 0 -4990.48 0 -2025.28 1 0
-0.993516 0 0.113689 0 0 1 0 0 -0.113689 0 -0.993516 0 -4990.48 0 -2025.28 1 0
-0.993516 0 0.113689 0 0 1 0 0 -0.113689 0 -0.993516 0 -4990.48 0 -2025.28 1 0
-0.993516 0 0.113689 0 0 1 0 0 -0.113689 0 -0.993516 0 -4990.48 0 -2025.28 1 0
-0.993516 0 0.113689 0 0 1 0 0 -0.113689 0 -0.993516 0 -4990.48 0 -2025.28 1 0
-0.993516 0 0.113689 0 0 1 0 0 -0.113689 0 -0.993516 0 -4990.48 0 -2025.28 1 0
-0.993516 0 0.113689 0 0 1 0 0 -0.113689 0 -0.993516 0 -4990.48 0 -2025.28 1 0
-0.993516 0 0.113689 0 0 1 0 0 -0.113689 0 -0.993516 0 -4990.48 0 -2025.28 1 0
-0.993516 0 0.113689 0 0 1 0 0 -0.113689 0 -0.993516 0 -4990.48 0 -2025.28 1 0
-0.993516 0 0.113689 0 0 1 0 0 -0.113689 0 -0.993516 0 -4990.48 0 -2025.28 1 0
-0.993516 0 0.113689 0 0 1 0 0 -0.113689 0 -0.993516 0 -4990.48 0 -2025.28 1 0
-0.993516 0 0.113689 0 0 1 0 0 -0.113689 0 -0.993516 0 -4990.48 0 -2025.28 1 0
-0.993516 0 0.113689 0 0 1 0 0 -0.113689 0 -0.993516 0 -4990.48 0 -2025.28 1 0
-0.993516 0 0.113689 0 0 1 0 0 -0.113689 0 -0.993516 0 -4990.48 0 -2025.28 1 0
-0.993516 0 0.113689 0 0 1 0 0 -0.113689 0 -0.993516 0 -4990.48 0 -2025.28 1 0
-0.993516 0 0.113689 0 0 1 0 0 -0.113689 0 -0.993516 0 -4990.48 0 -2025.28 1 0
-0.993516 0 0.113689 0 0 1 0 0 -0.113689 0 -0.993516 0 -4990.48 0 -2025.28 1 0
-0.993516 0 0.113689 0 0 1 0 0 -0.113689 0 -0.993516 0 -4990.48 0 -2025.28 1 0
-0.993516 0 0.113689 0 0 1 0 0 -0.113689 0 -0.993516 0 -4990.48 0 -2025.28 1 0
-0.993516 0 0.113689 0 0 1 0 0 -0.113689 0 -0.993516 0 -4990.48 0 -2025.28 1 0
-0.993516 0 0.113689 0 0 1 0 0 -0.113689 0 -0.993516 0 -4990.48 0 -2025.28 1 0
-0.993516 0 0.113689 0 0 1 0 0 -0.113689 0 -0.993516 0 -4990.48 0 -2025.28 1 0
-0.993516 0 0.113689 0 0 1 0 0 -0.113689 0 -0.993516 0 -4990.48 0 -2025.28 1 0
-0.993516 0 0.113689 0 0 1 0 0 -0.113689 0 -0.993516 0 -4990.48 0 -2025.28 1 0
-0.993516 0 0.113689 0 0 1 0 0 -0.113689 0 -0.993516 0 -4990.48 0 -2025.28 1 0
-0.993516 0 0.113689 0 0 1 0 0 -0.113689 0 -0.993516 0 -4990.48 0 -2025.28 1 0
-0.993516 0 0.113689 0 0 1 0 0 -0.113689 0 -0.993516 0 -4990.48 0 -2025.28 1 0
-0.993516 0 0.113689 0 0 1 0 0 -0.113689 0 -0.993516 0 -4990.48 0 -2025.28 1 0
-0.993516 0 0.113689 0 0 1 0 0 -0.113689 0 -0.993516 0 -4990.48 0 -2025.28 1 0
-0.993516 0 0.113689 0 0 1 0 0 -0.113689 0 -0.993516 0 -4990.48 0 -2025.28 1 0
-0.993516 0 0.113689 0 0 1 0 0 -0.113689 0 -0.993516 0 -4990.48 0 -2025.28 1 0
-0.983115 -0.0222522 0.181633 0 0.00198094 0.991227 0.132159 0 -0.18298 0.130287 -0.974445 0 -5445.4 161.968 53.9344 1 1
-0.980732 -0.0207985 0.194248 0 0.00459305 0.991587 0.129361 0 -0.195304 0.12776 -0.972386 0 -5527.3 161.776 49.7453 1 1
-0.980732 -0.0207985 0.194248 0 0.00459305 0.991587 0.129361 0 -0.195304 0.12776 -0.972386 0 -5527.3 161.776 49.7453 1 2
-0.980732 -0.0207985 0.194248 0 0.00459305 0.991587 0.129361 0 -0.195304 0.12776 -0.972386 0 -5527.3 161.776 49.7453 1 2
-0.980732 -0.0207985 0.194248 0 0.00459305 0.991587 0.129361 0 -0.195304 0.12776 -0.972386 0 -5527.3 161.776 49.7453 1 2
-0.980732 -0.0207985 0.194248 0 0.00459305 0.991587 0.129361 0 -0.195304 0.12776 -0.972386 0 -5527.3 161.776 49.7453 1 2
-0.980732 -0.0207985 0.194248 0 0.00459305 0.991587 0.129361 0 -0.195304 0.12776 -0.972386 0 -5527.3 161.776 49.7453 1 2
-0.980732 -0.0207985 0.194248 0 0.00459305 0.991587 0.129361 0 -0.195304 0.12776 -0.972386 0 -5527.3 161.776 49.7453 1 2
-0.980732 -0.0207985 0.194248 0 0.00459305 0.991587 0.129361 0 -0.195304 0.12776 -0.972386 0 -5527.3 161.776 49.7453 1 2
-0.980732 -0.0207985 0.194248 0 0.00459305 0.991587 0.129361 0 -0.195304 0.12776 -0.972386 0 -5527.3 161.776 49.7453 1 2
-0.980732 -0.0207985 0.194248 0 0.00459305 0.991587 0.129361 0 -0.195304 0.12776 -0.972386 0 -5527.3 161.776 49.7453 1 2
-0.980732 -0.0207985 0.194248 0 0.00459305 0.991587 0.129361 0 -0.195304 0.12776 -0.972386 0 -5527.3 161.776 49.7453 1 2
-0.980732 -0.0207985 0.194248 0 0.00459305 0.991587 0.129361 0 -0.195304 0.12776 -0.972386 0 -5527.3 161.776 49.7453 1 2
-0.980732 -0.0207985 0.194248 0 0.00459305 0.991587 0.129361 0 -0.195304 0.12776 -0.972386 0 -5527.3 161.776 49.7453 1 2
-0.980732 -0.0207985 0.194248 0 0.00459305 0.991587 0.129361 0 -0.195304 0.12776 -0.972386 0 -5527.3 161.776 49.7453 1 2
-0.980732 -0.0207985 0.194248 0 0.00459305 0.991587 0.129361 0 -0.195304 0.12776 -0.972386 0 -5527.3 161.776 49.7453 1 2
-0.980732 -0.0207985 0.194248 0 0.00459305 0.991587 0.129361 0 -0.195304 0.12776 -0.972386 0 -5527.3 161.776 49.7453 1 2
-0.980732 -0.0207985 0.194248 0 0.00459305 0.991587 0.129361 0 -0.195304 0.12776 -0.972386 0 -5527.3 161.776 49.7453 1 2
-0.980732 -0.0207985 0.194248 0 0.00459305 0.991587 0.129361 0 -0.195304 0.12776 -0.972386 0 -5527.3 161.776 49.7453 1 2
-0.980732 -0.0207985 0.194248 0 0.00459305 0.991587 0.129361 0 -0.195304 0.12776 -0.972386 0 -5527.3 161.776 49.7453 1 2
-0.980732 -0.0207985 0.194248 0 0.00459305 0.991587 0.129361 0 -0.195304 0.12776 -0.972386 0 -5527.3 161.776 49.7453 1 2
-0.980732 -0.0207985 0.194248 0 0.00459305 0.991587 0.129361 0 -0.195304 0.12776 -0.972386 0 -5527.3 161.776 49.7453 1 2
-0.980732 -0.0207985 0.194248 0 0.00459305 0.991587 0.129361 0 -0.195304 0.12776 -0.972386 0 -5527.3 161.776 49.7453 1 2
-0.980732 -0.0207985 0.194248 0 0.00459305 0.991587 0.129361 0 -0.195304 0.12776 -0.972386 0 -5527.3 161.776 49.7453 1 2
-0.980732 -0.0207985 0.194248 0 0.00459305 0.991587 0.129361 0 -0.195304 0.12776 -0.972386 0 -5527.3 161.776 49.7453 1 2
-0.980732 -0.0207985 0.194248 0 0.00459305 0.991587 0.129361 0 -0.195304 0.12776 -0.972386 0 -5527.3 161.776 49.7453 1 2
-0.980732 -0.0207985 0.194248 0 0.00459305 0.991587 0.129361 0 -0.195304 0.12776 -0.972386 0 -5527.3 161.776 49.7453 1 2
-0.980732 -0.0207985 0.194248 0 0.00459305 0.991587 0.129361 0 -0.195304 0.12776 -0.972386 0 -5527.3 161.776 49.7453 1 2
-0.980732 -0.0207985 0.194248 0 0.00459305 0.991587 0.129361 0 -0.195304 0.12776 -0.972386 0 -5527.3 161.776 49.7453 1 2
-0.980732 -0.0207985 0.194248 0 0.00459305 0.991587 0.129361 0 -0.195304 0.12776 -0.972386 0 -5527.3 161.776 49.7453 1 2
-0.980732 -0.0207985 0.194248 0 0.00459305 0.991587 0.129361 0 -0.195304 0.12776 -0.972386 0 -5527.3 161.776 49.7453 1 2
-0.980732 -0.0207985 0.194248 0 0.00459305 0.991587 0.129361 0 -0.195304 0.12776 -0.972386 0 -5527.3 161.776 49.7453 1 2
-0.980732 -0.0207985 0.194248 0 0.00459305 0.991587 0.129361 0 -0.195304 0.12776 -0.972386 0 -5527.3 161.776 49.7453 1 2
-0.980732 -0.0207985 0.194248 0 0.00459305 0.991587 0.129361 0 -0.195304 0.12776 -0.972386 0 -5527.3 161.776 49.7453 1 2
-0.980732 -0.0207985 0.194248 0 0.00459305 0.991587 0.129361 0 -0.195304 0.12776 -0.972386 0 -5527.3 161.776 49.7453 1 2
-0.980732 -0.0207985 0.194248 0 0.00459305 0.991587 0.129361 0 -0.195304 0.12776 -0.972386 0 -5527.3 161.776 49.7453 1 2
-0.980732 -0.0207985 0.194248 0 0.00459305 0.991587 0.129361 0 -0.195304 0.12776 -0.972386 0 -5527.3 161.776 49.7453 1 2
-0.980732 -0.0207985 0.194248 0 0.00459305 0.991587 0.129361 0 -0.195304 0.12776 -0.972386 0 -5527.3 161.776 49.7453 1 2
-0.980732 -0.0207985 0.194248 0 0.00459305 0.991587 0.129361 0 -0.195304 0.12776 -0.972386 0 -5527.3 161.776 49.7453 1 2
-0.980732 -0.0207985 0.194248 0 0.00459305 0.991587 0.129361 0 -0.195304 0.12776 -0.972386 0 -5527.3 161.776 49.7453 1 2
-0.980732 -0.0207985 0.194248 0 0.00459305 0.991587 0.129361 0 -0.195304 0.12776 -0.972386 0 -5527.3 161.776 49.7453 1 2
-0.980732 -0.0207985 0.194248 0 0.00459305 0.991587 0.129361 0 -0.195304 0.12776 -0.972386 0 -5527.3 161.776 49.7453 1 2
-0.980732 -0.0207985 0.194248 0 0.00459305 0.991587 0.129361 0 -0.195304 0.12776 -0.972386 0 -5527.3 161.776 49.7453 1 2
-0.980732 -0.0207985 0.194248 0 0.00459305 0.991587 0.129361 0 -0.195304 0.12776 -0.972386 0 -5527.3 161.776 49.7453 1 2
-0.980732 -0.0207985 0.194248 0 0.00459305 0.991587 0.129361 0 -0.195304 0.12776 -0.972386 0 -5527.3 161.776 49.7453 1 2
-0.980732 -0.0207985 0.194248 0 0.00459305 0.991587 0.129361 0 -0.195304 0.12776 -0.972386 0 -5527.3 161.776 49.7453 1 2
-0.980732 -0.0207985 0.194248 0 0.00459305 0.991587 0.129361 0 -0.195304 0.12776 -0.972386 0 -5527.3 161.776 49.7453 1 2
-0.980732 -0.0207985 0.194248 0 0.00459305 0.991587 0.129361 0 -0.195304 0.12776 -0.972386 0 -5527.3 161.776 49.7453 1 2
-0.980732 -0.0207985 0.194248 0 0.00459305 0.991587 0.129361 0 -0.195304 0.12776 -0.972386 0 -5527.3 161.776 49.7453 1 2
-0.980732 -0.0207985 0.194248 0 0.00459305 0.991587 0.129361 0 -0.195304 0.12776 -0.972386 0 -5527.3 161.776 49.7453 1 2
-0.980732 -0.0207985 0.194248 0 0.00459305 0.991587 0.129361 0 -0.195304 0.12776 -0.972386 0 -5527.3 161.776 49.7453 1 2
-0.980732 -0.0207985 0.194248 0 0.00459305 0.991587 0.129361 0 -0.195304 0.12776 -0.972386 0 -5527.3 161.776 49.7453 1 2
-0.980732 -0.0207985 0.194248 0 0.00459305 0.991587 0.129361 0 -0.195304 0.12776 -0.972386 0 -5527.3 161.776 49.7453 1 2
-0.980732 -0.0207985 0.194248 0 0.00459305 0.991587 0.129361 0 -0.195304 0.12776 -0.972386 0 -5527.3 161.776 49.7453 1 2
-0.980732 -0.0207985 0.194248 0 0.00459305 0.991587 0.129361 0 -0.195304 0.12776 -0.972386 0 -5527.3 161.776 49.7453 1 2
-0.980732 -0.0207985 0.194248 0 0.00459305 0.991587 0.129361 0 -0.195304 0.12776 -0.972386 0 -5527.3 161.776 49.7453 1 2
-0.980732 -0.0207985 0.194248 0 0.00459305 0.991587 0.129361 0 -0.195304 0.12776 -0.972386 0 -5527.3 161.776 49.7453 1 2
-0.980732 -0.0207985 0.194248 0 0.00459305 0.991587 0.129361 0 -0.195304 0.12776 -0.972386 0 -5527.3 161.776 49.7453 1 2
-0.981008 -0.0330504 0.19113 0 -0.00563363 0.989816 0.142244 0 -0.193885 0.138466 -0.971203 0 -5526.89 144.173 42.4746 1 3
-0.981088 -0.0414865 0.189063 0 -0.0127942 0.988524 0.150522 0 -0.193138 0.145256 -0.97036 0 -5527.44 129.386 34.145 1 3
-0.981009 -0.0479999 0.187928 0 -0.018289 0.98747 0.156745 0 -0.193097 0.150332 -0.969595 0 -5528.23 114.52 26.9501 1 3
-0.980893 -0.0544477 0.186774 0 -0.0238169 0.986425 0.162478 0 -0.193085 0.154925 -0.968874 0 -5529.12 94.4559 21.7992 1 3
-0.980739 -0.0597365 0.185964 0 -0.0284522 0.985621 0.166556 0 -0.193239 0.158057 -0.968337 0 -5530.04 73.8227 17.9531 1 3
-0.980464 -0.0645963 0.185792 0 -0.0329684 0.985144 0.168535 0 -0.193918 0.159117 -0.968028 0 -5530.92 51.0266 16.339 1 3
-0.98008 -0.069274 0.18613 0 -0.0376028 0.984969 0.168586 0 -0.195011 0.158229 -0.967954 0 -5531.54 24.2701 16.4165 1 3
-0.979623 -0.0739121 0.186748 0 -0.0423992 0.984973 0.167424 0 -0.196317 0.156095 -0.968036 0 -5531.94 -4.66949 17.3877 1 3
-0.979131 -0.0783517 0.187518 0 -0.0471373 0.985087 0.165476 0 -0.197687 0.153183 -0.968222 0 -5532.07 -34.3678 19.0538 1 3
-0.978627 -0.0828167 0.188228 0 -0.0519412 0.985189 0.163414 0 -0.198974 0.150144 -0.968435 0 -5532.04 -64.6582 20.9905 1 3
-0.978082 -0.0870494 0.189149 0 -0.056596 0.985359 0.160822 0 -0.200379 0.146592 -0.968689 0 -5531.98 -94.824 23.9739 1 3
-0.977468 -0.0913325 0.190302 0 -0.0613473 0.985549 0.157894 0 -0.201972 0.142662 -0.968945 0 -5531.59 -126.524 28.2468 1 3
-0.976763 -0.0957579 0.19174 0 -0.0663613 0.985798 0.154265 0 -0.203789 0.137956 -0.969246 0 -5531.07 -161.15 34.5287 1 3
-0.97594 -0.100499 0.193499 0 -0.0718042 0.986076 0.149992 0 -0.205879 0.132489 -0.969567 0 -5530.32 -198.69 42.3485 1 3
-0.975145 -0.104278 0.195493 0 -0.0762976 0.986401 0.145574 0 -0.208015 0.12704 -0.969841 0 -5529.69 -231.368 51.1113 1 3
-0.974414 -0.107114 0.197593 0 -0.0798016 0.986735 0.14137 0 -0.210115 0.121984 -0.970037 0 -5529.52 -258.386 60.8807 1 3
-0.973751 -0.108675 0.199999 0 -0.0818336 0.987057 0.137917 0 -0.212398 0.11793 -0.970041 0 -5530.1 -277.611 71.6279 1 3
-0.973261 -0.108406 0.202513 0 -0.0820786 0.987552 0.134178 0 -0.214538 0.113968 -0.970044 0 -5531.57 -289.023 82.7553 1 3
-0.972891 -0.106417 0.205325 0 -0.0808269 0.988313 0.129247 0 -0.21668 0.109147 -0.970122 0 -5533.94 -294.798 95.7153 1 3
-0.972671 -0.101922 0.20862 0 -0.0772609 0.989377 0.123142 0 -0.218955 0.103659 -0.970213 0 -5537.55 -291.035 110.93 1 3
-0.972685 -0.0942237 0.212144 0 -0.0707953 0.990786 0.115459 0 -0.221069 0.0972867 -0.970394 0 -5542.74 -274.65 128.069 1 3
-0.972682 -0.0854939 0.215825 0 -0.0631527 0.992102 0.10838 0 -0.223386 0.0917896 -0.970398 0 -5548.77 -251.093 146.7 1 3
-0.972614 -0.0768153 0.219367 0 -0.0554266 0.993234 0.102052 0 -0.225722 0.0870984 -0.97029 0 -5554.69 -224.046 164.856 1 3
-0.972422 -0.0688564 0.222832 0 -0.0481084 0.994098 0.0972403 0 -0.228212 0.0838385 -0.969995 0 -5560.19 -196.404 183.105 1 3
-0.972155 -0.0617051 0.226068 0 -0.0414029 0.99476 0.0934749 0 -0.230652 0.0815122 -0.969616 0 -5565.13 -170.348 199.5 1 3
-0.971881 -0.0557299 0.228783 0 -0.0357456 0.995247 0.0905858 0 -0.232744 0.0798606 -0.969254 0 -5569.64 -148.06 212.887 1 3
-0.971594 -0.0508672 0.231122 0 -0.0310635 0.995589 0.0885323 0 -0.234606 0.0788381 -0.968888 0 -5573.7 -129.031 223.971 1 3
-0.971325 -0.0469293 0.233079 0 -0.0272252 0.995832 0.087049 0 -0.236192 0.0782073 -0.968554 0 -5577.37 -113.112 233.253 1 3
-0.971027 -0.0438209 0.234919 0 -0.0240355 0.995968 0.0864345 0 -0.237759 0.0782838 -0.968164 0 -5580.5 -99.6564 241.938 1 3
-0.970778 -0.0414269 0.236377 0 -0.0214914 0.996037 0.0863003 0 -0.239015 0.0786984 -0.967821 0 -5583.34 -89.0223 248.503 1 3
-0.970558 -0.0394496 0.237616 0 -0.0193807 0.996088 0.0862114 0 -0.240087 0.079068 -0.967526 0 -5585.81 -80.1157 253.653 1 3
-0.970374 -0.0377797 0.238635 0 -0.0175718 0.996119 0.0862486 0 -0.240967 0.0795002 -0.967272 0 -5587.97 -72.6989 258 1 3
-0.970197 -0.0364801 0.239557 0 -0.0161002 0.996123 0.086486 0 -0.241783 0.0800516 -0.967023 0 -5589.85 -66.5741 262.054 1 3
-0.970023 -0.0355488 0.240398 0 -0.0150151 0.99612 0.0867137 0 -0.242548 0.0805047 -0.966793 0 -5591.47 -62.2562 265.614 1 3
-0.969874 -0.0346287 0.241133 0 -0.013944 0.996114 0.0869654 0 -0.243207 0.0809831 -0.966588 0 -5592.89 -57.9667 268.756 1 3
-0.969704 -0.0340758 0.241894 0 -0.0133193 0.996125 0.0869306 0 -0.243919 0.0810751 -0.966401 0 -5594.23 -55.432 272.375 1 3
-0.96957 -0.0335939 0.2425 0 -0.0127676 0.996131 0.086948 0 -0.244482 0.081206 -0.966247 0 -5595.45 -53.4566 275.37 1 3
-0.969429 -0.0331759 0.243118 0 -0.012278 0.996135 0.0869744 0 -0.245064 0.0813306 -0.96609 0 -5596.54 -51.6853 278.254 1 3
-0.969293 -0.0329809 0.243688 0 -0.0120244 0.996137 0.0869895 0 -0.245616 0.0813881 -0.965945 0 -5597.58 -50.5815 280.827 1 3
-0.969178 -0.0326936 0.244184 0 -0.0116539 0.99613 0.0871159 0 -0.246087 0.0815851 -0.965808 0 -5598.56 -48.9683 282.896 1 3
-0.969084 -0.0324665 0.244587 0 -0.0113376 0.996117 0.0873037 0 -0.246472 0.0818315 -0.965689 0 -5599.47 -47.7739 284.309 1 3
-0.968891 -0.0326484 0.245323 0 -0.0113188 0.996069 0.087857 0 -0.247227 0.0823471 -0.965452 0 -5600.73 -48.1093 286.912 1 3
-0.968827 -0.0326239 0.24558 0 -0.0110847 0.996007 0.0885838 0 -0.247489 0.0831002 -0.96532 0 -5602.61 -46.6739 284.81 1 3
-0.968765 -0.0324273 0.245853 0 -0.0107216 0.995963 0.0891172 0 -0.24775 0.0836977 -0.965202 0 -5604.26 -44.9035 283.573 1 3
-0.968713 -0.0322274 0.246082 0 -0.0103751 0.995925 0.0895861 0 -0.247967 0.0842301 -0.9651 0 -5605.68 -43.0386 282.749 1 3
-0.968643 -0.0320925 0.246377 0 -0.0101219 0.995897 0.0899289 0 -0.248252 0.0846152 -0.964993 0 -5606.93 -41.8008 282.625 1 3
-0.968568 -0.0318963 0.246696 0 -0.00978217 0.995862 0.0903526 0 -0.248557 0.0850994 -0.964872 0 -5608.12 -40.0653 282.899 1 3
-0.96849 -0.0317896 0.247014 0 -0.00955653 0.995833 0.0906899 0 -0.248868 0.0854717 -0.964759 0 -5609.14 -38.7527 283.501 1 3
-0.968421 -0.0316999 0.247297 0 -0.00937875 0.995814 0.0909215 0 -0.249144 0.085731 -0.964664 0 -5610 -37.6691 284.032 1 3
-0.968377 -0.0314796 0.247496 0 -0.00907186 0.995795 0.0911621 0 -0.249325 0.086034 -0.964591 0 -5610.77 -36.2232 284.334 1 3
