-0.542427 0 -0.840103 0 0 1 0 0 0.840103 0 -0.542427 0 -4028.95 0 -3007.31 1 0
-0.542427 0 -0.840103 0 0 1 0 0 0.840103 0 -0.542427 0 -4028.95 0 -3007.31 1 0
-0.542427 0 -0.840103 0 0 1 0 0 0.840103 0 -0.542427 0 -4028.95 0 -3007.31 1 0
-0.542427 0 -0.840103 0 0 1 0 0 0.840103 0 -0.542427 0 -4028.95 0 -3007.31 1 0
-0.542427 0 -0.840103 0 0 1 0 0 0.840103 0 -0.542427 0 -4028.95 0 -3007.31 1 0
-0.542427 0 -0.840103 0 0 1 0 0 0.840103 0 -0.542427 0 -4028.95 0 -3007.31 1 0
-0.542427 0 -0.840103 0 0 1 0 0 0.840103 0 -0.542427 0 -4028.95 0 -3007.31 1 0
-0.542427 0 -0.840103 0 0 1 0 0 0.840103 0 -0.542427 0 -4028.95 0 -3007.31 1 0
-0.542427 0 -0.840103 0 0 1 0 0 0.840103 0 -0.542427 0 -4028.95 0 -3007.31 1 0
-0.542427 0 -0.840103 0 0 1 0 0 0.840103 0 -0.542427 0 -4028.95 0 -3007.31 1 0
-0.542427 0 -0.840103 0 0 1 0 0 0.840103 0 -0.542427 0 -4028.95 0 -3007.31 1 0
-0.542427 0 -0.840103 0 0 1 0 0 0.840103 0 -0.542427 0 -4028.95 0 -3007.31 1 0
-0.542427 0 -0.840103 0 0 1 0 0 0.840103 0 -0.542427 0 -4028.95 0 -3007.31 1 0
-0.542427 0 -0.840103 0 0 1 0 0 0.840103 0 -0.542427 0 -4028.95 0 -3007.31 1 0
-0.542427 0 -0.840103 0 0 1 0 0 0.840103 0 -0.542427 0 -4028.95 0 -3007.31 1 0
-0.542427 0 -0.840103 0 0 1 0 0 0.840103 0 -0.542427 0 -4028.95 0 -3007.31 1 0
-0.542427 0 -0.840103 0 0 1 0 0 0.840103 0 -0.542427 0 -4028.95 0 -3007.31 1 0
-0.542427 0 -0.840103 0 0 1 0 0 0.840103 0 -0.542427 0 -4028.95 0 -3007.31 1 0
-0.542427 0 -0.840103 0 0 1 0 0 0.840103 0 -0.542427 0 -4028.95 0 -3007.31 1 0
-0.542427 0 -0.840103 0 0 1 0 0 0.840103 0 -0.542427 0 -4028.95 0 -3007.31 1 0
-0.542427 0 -0.840103 0 0 1 0 0 0.840103 0 -0.542427 0 -4028.95 0 -3007.31 1 0
-0.542427 0 -0.840103 0 0 1 0 0 0.840103 0 -0.542427 0 -4028.95 0 -3007.31 1 0
-0.542427 0 -0.840103 0 0 1 0 0 0.840103 0 -0.542427 0 -4028.95 0 -3007.31 1 0
-0.542427 0 -0.840103 0 0 1 0 0 0.840103 0 -0.542427 0 -4028.95 0 -3007.31 1 0
-0.542427 0 -0.840103 0 0 1 0 0 0.840103 0 -0.542427 0 -4028.95 0 -3007.31 1 0
-0.542427 0 -0.840103 0 0 1 0 0 0.840103 0 -0.542427 0 -4028.95 0 -3007.31 1 0
-0.542427 0 -0.840103 0 0 1 0 0 0.840103 0 -0.542427 0 -4028.95 0 -3007.31 1 0
-0.542427 0 -0.840103 0 0 1 0 0 0.840103 0 -0.542427 0 -4028.95 0 -3007.31 1 0
-0.542427 0 -0.840103 0 0 1 0 0 0.840103 0 -0.542427 0 -4028.95 0 -3007.31 1 0
-0.542427 0 -0.840103 0 0 1 0 0 0.840103 0 -0.542427 0 -4028.95 0 -3007.31 1 0
-0.542427 0 -0.840103 0 0 1 0 0 0.840103 0 -0.542427 0 -4028.95 0 -3007.31 1 0
-0.542427 0 -0.840103 0 0 1 0 0 0.840103 0 -0.542427 0 -4028.95 0 -3007.31 1 0
-0.542427 0 -0.840103 0 0 1 0 0 0.840103 0 -0.542427 0 -4028.95 0 -3007.31 1 0
-0.542427 0 -0.840103 0 0 1 0 0 0.840103 0 -0.542427 0 -4028.95 0 -3007.31 1 0
-0.542427 0 -0.840103 0 0 1 0 0 0.840103 0 -0.542427 0 -4028.95 0 -3007.31 1 0
-0.542427 0 -0.840103 0 0 1 0 0 0.840103 0 -0.542427 0 -4028.95 0 -3007.31 1 0
-0.542427 0 -0.840103 0 0 1 0 0 0.840103 0 -0.542427 0 -4028.95 0 -3007.31 1 0
-0.542427 0 -0.840103 0 0 1 0 0 0.840103 0 -0.542427 0 -4028.95 0 -3007.31 1 0
-0.542427 0 -0.840103 0 0 1 0 0 0.840103 0 -0.542427 0 -4028.95 0 -3007.31 1 0
-0.542427 0 -0.840103 0 0 1 0 0 0.840103 0 -0.542427 0 -4028.95 0 -3007.31 1 0
-0.542427 0 -0.840103 0 0 1 0 0 0.840103 0 -0.542427 0 -4028.95 0 -3007.31 1 0
-0.542427 0 -0.840103 0 0 1 0 0 0.840103 0 -0.542427 0 -4028.95 0 -3007.31 1 0
-0.542427 0 -0.840103 0 0 1 0 0 0.840103 0 -0.542427 0 -4028.95 0 -3007.31 1 0
-0.542427 0 -0.840103 0 0 1 0 0 0.840103 0 -0.542427 0 -4028.95 0 -3007.31 1 0
-0.542427 0 -0.840103 0 0 1 0 0 0.840103 0 -0.542427 0 -4028.95 0 -3007.31 1 0
-0.542427 0 -0.840103 0 0 1 0 0 0.840103 0 -0.542427 0 -4028.95 0 -3007.31 1 0
-0.542427 0 -0.840103 0 0 1 0 0 0.840103 0 -0.542427 0 -4028.95 0 -3007.31 1 0
-0.542427 0 -0.840103 0 0 1 0 0 0.840103 0 -0.542427 0 -4028.95 0 -3007.31 1 0
-0.542427 0 -0.840103 0 0 1 0 0 0.840103 0 -0.542427 0 -4028.95 0 -3007.31 1 0
-0.542427 0 -0.840103 0 0 1 0 0 0.840103 0 -0.542427 0 -4028.95 0 -3007.31 1 0
-0.542427 0 -0.840103 0 0 1 0 0 0.840103 0 -0.542427 0 -4028.95 0 -3007.31 1 0
-0.542427 0 -0.840103 0 0 1 0 0 0.840103 0 -0.542427 0 -4028.95 0 -3007.31 1 0
-0.542427 0 -0.840103 0 0 1 0 0 0.840103 0 -0.542427 0 -4028.95 0 -3007.31 1 0
-0.542427 0 -0.840103 0 0 1 0 0 0.840103 0 -0.542427 0 -4028.95 0 -3007.31 1 0
-0.542427 0 -0.840103 0 0 1 0 0 0.840103 0 -0.542427 0 -4028.95 0 -3007.31 1 0
-0.542427 0 -0.840103 0 0 1 0 0 0.840103 0 -0.542427 0 -4028.95 0 -3007.31 1 0
-0.542427 0 -0.840103 0 0 1 0 0 0.840103 0 -0.542427 0 -4028.95 0 -3007.31 1 0
-0.542427 0 -0.840103 0 0 1 0 0 0.840103 0 -0.542427 0 -4028.95 0 -3007.31 1 0
-0.542427 0 -0.840103 0 0 1 0 0 0.840103 0 -0.542427 0 -4028.95 0 -3007.31 1 0
-0.542427 0 -0.840103 0 0 1 0 0 0.840103 0 -0.542427 0 -4028.95 0 -3007.31 1 0
-0.542427 0 -0.840103 0 0 1 0 0 0.840103 0 -0.542427 0 -4028.95 0 -3007.31 1 0
-0.542427 0 -0.840103 0 0 1 0 0 0.840103 0 -0.542427 0 -4028.95 0 -3007.31 1 0
-0.542427 0 -0.840103 0 0 1 0 0 0.840103 0 -0.542427 0 -4028.95 0 -3007.31 1 0
-0.542427 0 -0.840103 0 0 1 0 0 0.840103 0 -0.542427 0 -4028.95 0 -3007.31 1 0
-0.542427 0 -0.840103 0 0 1 0 0 0.840103 0 -0.542427 0 -4028.95 0 -3007.31 1 0
-0.542427 0 -0.840103 0 0 1 0 0 0.840103 0 -0.542427 0 -4028.95 0 -3007.31 1 0
-0.542427 0 -0.840103 0 0 1 0 0 0.840103 0 -0.542427 0 -4028.95 0 -3007.31 1 0
-0.542427 0 -0.840103 0 0 1 0 0 0.840103 0 -0.542427 0 -4028.95 0 -3007.31 1 0
-0.542427 0 -0.840103 0 0 1 0 0 0.840103 0 -0.542427 0 -4028.95 0 -3007.31 1 0
-0.542427 0 -0.840103 0 0 1 0 0 0.840103 0 -0.542427 0 -4028.95 0 -3007.31 1 0
-0.542427 0 -0.840103 0 0 1 0 0 0.840103 0 -0.542427 0 -4028.95 0 -3007.31 1 0
-0.542427 0 -0.840103 0 0 1 0 0 0.840103 0 -0.542427 0 -4028.95 0 -3007.31 1 0
-0.542427 0 -0.840103 0 0 1 0 0 0.840103 0 -0.542427 0 -4028.95 0 -3007.31 1 0
-0.542427 0 -0.840103 0 0 1 0 0 0.840103 0 -0.542427 0 -4028.95 0 -3007.31 1 0
-0.542427 0 -0.840103 0 0 1 0 0 0.840103 0 -0.542427 0 -4028.95 0 -3007.31 1 0
-0.542427 0 -0.840103 0 0 1 0 0 0.840103 0 -0.542427 0 -4028.95 0 -3007.31 1 0
-0.542427 0 -0.840103 0 0 1 0 0 0.840103 0 -0.542427 0 -4028.95 0 -3007.31 1 0
-0.542427 0 -0.840103 0 0 1 0 0 0.840103 0 -0.542427 0 -4028.95 0 -3007.31 1 0
-0.542427 0 -0.840103 0 0 1 0 0 0.840103 0 -0.542427 0 -4028.95 0 -3007.31 1 0
-0.542427 0 -0.840103 0 0 1 0 0 0.840103 0 -0.542427 0 -4028.95 0 -3007.31 1 0
-0.542427 0 -0.840103 0 0 1 0 0 0.840103 0 -0.542427 0 -4028.95 0 -3007.31 1 0
-0.542427 0 -0.840103 0 0 1 0 0 0.840103 0 -0.542427 0 -4028.95 0 -3007.31 1 0
-0.631339 0.0905827 -0.770199 0 -0.0256011 0.990179 0.13744 0 0.775085 0.106489 -0.622819 0 -5049.77 318.651 -1208.83 1 1
-0.626244 0.0986086 -0.773366 0 -0.0220523 0.989332 0.144003 0 0.779315 0.107235 -0.617389 0 -5089.81 326.94 -1281.52 1 1
-0.626244 0.0986086 -0.773366 0 -0.0220523 0.989332 0.144003 0 0.779315 0.107235 -0.617389 0 -5089.81 326.94 -1281.52 1 2
-0.626244 0.0986086 -0.773366 0 -0.0220523 0.989332 0.144003 0 0.779315 0.107235 -0.617389 0 -5089.81 326.94 -1281.52 1 2
-0.626244 0.0986086 -0.773366 0 -0.0220523 0.989332 0.144003 0 0.779315 0.107235 -0.617389 0 -5089.81 326.94 -1281.52 1 2
-0.626244 0.0986086 -0.773366 0 -0.0220523 0.989332 0.144003 0 0.779315 0.107235 -0.617389 0 -5089.81 326.94 -1281.52 1 2
-0.626244 0.0986086 -0.773366 0 -0.0220523 0.989332 0.144003 0 0.779315 0.107235 -0.617389 0 -5089.81 326.94 -1281.52 1 2
-0.626244 0.0986086 -0.773366 0 -0.0220523 0.989332 0.144003 0 0.779315 0.107235 -0.617389 0 -5089.81 326.94 -1281.52 1 2
-0.626244 0.0986086 -0.773366 0 -0.0220523 0.989332 0.144003 0 0.779315 0.107235 -0.617389 0 -5089.81 326.94 -1281.52 1 2
-0.626244 0.0986086 -0.773366 0 -0.0220523 0.989332 0.144003 0 0.779315 0.107235 -0.617389 0 -5089.81 326.94 -1281.52 1 2
-0.626244 0.0986086 -0.773366 0 -0.0220523 0.989332 0.144003 0 0.779315 0.107235 -0.617389 0 -5089.81 326.94 -1281.52 1 2
-0.626244 0.0986086 -0.773366 0 -0.0220523 0.989332 0.144003 0 0.779315 0.107235 -0.617389 0 -5089.81 326.94 -1281.52 1 2
-0.626244 0.0986086 -0.773366 0 -0.0220523 0.989332 0.144003 0 0.779315 0.107235 -0.617389 0 -5089.81 326.94 -1281.52 1 2
-0.626244 0.0986086 -0.773366 0 -0.0220523 0.989332 0.144003 0 0.779315 0.107235 -0.617389 0 -5089.81 326.94 -1281.52 1 2
-0.626244 0.0986086 -0.773366 0 -0.0220523 0.989332 0.144003 0 0.779315 0.107235 -0.617389 0 -5089.81 326.94 -1281.52 1 2
-0.626244 0.0986086 -0.773366 0 -0.0220523 0.989332 0.144003 0 0.779315 0.107235 -0.617389 0 -5089.81 326.94 -1281.52 1 2
-0.626244 0.0986086 -0.773366 0 -0.0220523 0.989332 0.144003 0 0.779315 0.107235 -0.617389 0 -5089.81 326.94 -1281.52 1 2
-0.626244 0.0986086 -0.773366 0 -0.0220523 0.989332 0.144003 0 0.779315 0.107235 -0.617389 0 -5089.81 326.94 -1281.52 1 2
-0.626244 0.0986086 -0.773366 0 -0.0220523 0.989332 0.144003 0 0.779315 0.107235 -0.617389 0 -5089.81 326.94 -1281.52 1 2
-0.626244 0.0986086 -0.773366 0 -0.0220523 0.989332 0.144003 0 0.779315 0.107235 -0.617389 0 -5089.81 326.94 -1281.52 1 2
-0.626244 0.0986086 -0.773366 0 -0.0220523 0.989332 0.144003 0 0.779315 0.107235 -0.617389 0 -5089.81 326.94 -1281.52 1 2
-0.626244 0.0986086 -0.773366 0 -0.0220523 0.989332 0.144003 0 0.779315 0.107235 -0.617389 0 -5089.81 326.94 -1281.52 1 2
-0.626244 0.0986086 -0.773366 0 -0.0220523 0.989332 0.144003 0 0.779315 0.107235 -0.617389 0 -5089.81 326.94 -1281.52 1 2
-0.626244 0.0986086 -0.773366 0 -0.0220523 0.989332 0.144003 0 0.779315 0.107235 -0.617389 0 -5089.81 326.94 -1281.52 1 2
-0.626244 0.0986086 -0.773366 0 -0.0220523 0.989332 0.144003 0 0.779315 0.107235 -0.617389 0 -5089.81 326.94 -1281.52 1 2
-0.626244 0.0986086 -0.773366 0 -0.0220523 0.989332 0.144003 0 0.779315 0.107235 -0.617389 0 -5089.81 326.94 -1281.52 1 2
-0.626244 0.0986086 -0.773366 0 -0.0220523 0.989332 0.144003 0 0.779315 0.107235 -0.617389 0 -5089.81 326.94 -1281.52 1 2
-0.626244 0.0986086 -0.773366 0 -0.0220523 0.989332 0.144003 0 0.779315 0.107235 -0.617389 0 -5089.81 326.94 -1281.52 1 2
-0.626244 0.0986086 -0.773366 0 -0.0220523 0.989332 0.144003 0 0.779315 0.107235 -0.617389 0 -5089.81 326.94 -1281.52 1 2
-0.626244 0.0986086 -0.773366 0 -0.0220523 0.989332 0.144003 0 0.779315 0.107235 -0.617389 0 -5089.81 326.94 -1281.52 1 2
-0.626244 0.0986086 -0.773366 0 -0.0220523 0.989332 0.144003 0 0.779315 0.107235 -0.617389 0 -5089.81 326.94 -1281.52 1 2
-0.626244 0.0986086 -0.773366 0 -0.0220523 0.989332 0.144003 0 0.779315 0.107235 -0.617389 0 -5089.81 326.94 -1281.52 1 2
-0.626244 0.0986086 -0.773366 0 -0.0220523 0.989332 0.144003 0 0.779315 0.107235 -0.617389 0 -5089.81 326.94 -1281.52 1 2
-0.626244 0.0986086 -0.773366 0 -0.0220523 0.989332 0.144003 0 0.779315 0.107235 -0.617389 0 -5089.81 326.94 -1281.52 1 2
-0.626244 0.0986086 -0.773366 0 -0.0220523 0.989332 0.144003 0 0.779315 0.107235 -0.617389 0 -5089.81 326.94 -1281.52 1 2
-0.626244 0.0986086 -0.773366 0 -0.0220523 0.989332 0.144003 0 0.779315 0.107235 -0.617389 0 -5089.81 326.94 -1281.52 1 2
-0.626244 0.0986086 -0.773366 0 -0.0220523 0.989332 0.144003 0 0.779315 0.107235 -0.617389 0 -5089.81 326.94 -1281.52 1 2
-0.626244 0.0986086 -0.773366 0 -0.0220523 0.989332 0.144003 0 0.779315 0.107235 -0.617389 0 -5089.81 326.94 -1281.52 1 2
-0.626244 0.0986086 -0.773366 0 -0.0220523 0.989332 0.144003 0 0.779315 0.107235 -0.617389 0 -5089.81 326.94 -1281.52 1 2
-0.626244 0.0986086 -0.773366 0 -0.0220523 0.989332 0.144003 0 0.779315 0.107235 -0.617389 0 -5089.81 326.94 -1281.52 1 2
-0.626244 0.0986086 -0.773366 0 -0.0220523 0.989332 0.144003 0 0.779315 0.107235 -0.617389 0 -5089.81 326.94 -1281.52 1 2
-0.626244 0.0986086 -0.773366 0 -0.0220523 0.989332 0.144003 0 0.779315 0.107235 -0.617389 0 -5089.81 326.94 -1281.52 1 2
-0.626244 0.0986086 -0.773366 0 -0.0220523 0.989332 0.144003 0 0.779315 0.107235 -0.617389 0 -5089.81 326.94 -1281.52 1 2
-0.626244 0.0986086 -0.773366 0 -0.0220523 0.989332 0.144003 0 0.779315 0.107235 -0.617389 0 -5089.81 326.94 -1281.52 1 2
-0.626244 0.0986086 -0.773366 0 -0.0220523 0.989332 0.144003 0 0.779315 0.107235 -0.617389 0 -5089.81 326.94 -1281.52 1 2
-0.626244 0.0986086 -0.773366 0 -0.0220523 0.989332 0.144003 0 0.779315 0.107235 -0.617389 0 -5089.81 326.94 -1281.52 1 2
-0.628173 0.102972 -0.77123 0 -0.0280575 0.987562 0.154709 0 0.777568 0.118823 -0.61747 0 -5091.15 327.439 -1290.19 1 3
-0.629592 0.106296 -0.76962 0 -0.0323704 0.986147 0.162682 0 0.776251 0.127336 -0.61743 0 -5093.36 325.693 -1299.67 1 3
-0.630791 0.109503 -0.768187 0 -0.0356429 0.984858 0.169657 0 0.775134 0.134399 -0.617337 0 -5096.1 321.093 -1307.99 1 3
-0.631805 0.113003 -0.766846 0 -0.03907 0.983416 0.177107 0 0.774142 0.141858 -0.616912 0 -5098.36 311.379 -1313.82 1 3
-0.632486 0.115728 -0.765878 0 -0.0420637 0.982184 0.183151 0 0.773429 0.148056 -0.61635 0 -5100.63 298.903 -1318.29 1 3
-0.633269 0.116447 -0.765121 0 -0.0452765 0.981348 0.186829 0 0.772606 0.152955 -0.616186 0 -5103.25 281.19 -1320.84 1 3
-0.634273 0.115255 -0.764469 0 -0.0488366 0.980877 0.188401 0 0.771565 0.156832 -0.616516 0 -5106.02 256.822 -1322.08 1 3
-0.635316 0.112745 -0.763978 0 -0.052673 0.980655 0.188524 0 0.770454 0.160013 -0.617087 0 -5108.77 228.51 -1322.59 1 3
-0.636358 0.109385 -0.763599 0 -0.056486 0.98063 0.187548 0 0.769323 0.16248 -0.617853 0 -5111.37 198.305 -1322.41 1 3
-0.637335 0.105754 -0.763296 0 -0.0603859 0.980638 0.186288 0 0.768217 0.16482 -0.618609 0 -5113.69 167.272 -1321.85 1 3
-0.638378 0.101686 -0.762976 0 -0.0641201 0.980765 0.184361 0 0.767047 0.166614 -0.619579 0 -5116.12 135.535 -1320.38 1 3
-0.639479 0.0971735 -0.762643 0 -0.0680744 0.980927 0.182067 0 0.765789 0.168345 -0.620667 0 -5118.49 101.801 -1317.74 1 3
-0.640643 0.0918659 -0.762323 0 -0.0721813 0.981215 0.178904 0 0.764438 0.169639 -0.621978 0 -5120.98 64.1388 -1313.21 1 3
-0.641995 0.0857644 -0.761897 0 -0.0766779 0.98156 0.175102 0 0.762865 0.170835 -0.623581 0 -5123.59 22.7567 -1307.27 1 3
-0.643366 0.0800424 -0.761363 0 -0.0803226 0.981972 0.171109 0 0.761334 0.17124 -0.625338 0 -5126.35 -14.3583 -1300.41 1 3
-0.644713 0.0749011 -0.760746 0 -0.0831167 0.982419 0.167166 0 0.759892 0.171005 -0.627153 0 -5129.45 -46.0023 -1292.42 1 3
-0.646204 0.0710574 -0.75985 0 -0.0845244 0.982867 0.163795 0 0.75847 0.170071 -0.629126 0 -5133.51 -69.4927 -1283.32 1 3
-0.647625 0.0678005 -0.758937 0 -0.0843039 0.983542 0.159805 0 0.757281 0.167475 -0.631251 0 -5138.14 -86.3567 -1273.83 1 3
-0.649071 0.064279 -0.758007 0 -0.0826597 0.984565 0.154272 0 0.756223 0.16279 -0.63374 0 -5143.51 -99.9175 -1262.65 1 3
-0.650684 0.0607871 -0.756912 0 -0.0788014 0.986003 0.146927 0 0.755249 0.155249 -0.636786 0 -5150.23 -106.681 -1249.42 1 3
-0.652328 0.0574658 -0.755755 0 -0.0722053 0.987875 0.137439 0 0.75449 0.144225 -0.640269 0 -5158.22 -104.214 -1234.36 1 3
-0.654036 0.0550424 -0.754458 0 -0.0647308 0.989619 0.128314 0 0.753689 0.132758 -0.643684 0 -5167.15 -94.1731 -1217.54 1 3
-0.655838 0.0531592 -0.753027 0 -0.0573857 0.99112 0.119946 0 0.752717 0.121878 -0.646964 0 -5176 -79.563 -1200.92 1 3
-0.657936 0.052185 -0.751264 0 -0.0504311 0.992304 0.113095 0 0.751384 0.112296 -0.65024 0 -5184.74 -62.0214 -1183.87 1 3
-0.660006 0.0516779 -0.749481 0 -0.0443338 0.993213 0.107525 0 0.749951 0.104194 -0.653236 0 -5192.9 -44.2346 -1168.41 1 3
-0.661762 0.0516059 -0.747935 0 -0.0391536 0.993888 0.103219 0 0.74869 0.0975905 -0.655697 0 -5200.17 -28.4919 -1155.64 1 3
-0.66335 0.0518019 -0.746514 0 -0.0348732 0.994377 0.0999897 0 0.747496 0.0923615 -0.657814 0 -5206.72 -14.3586 -1145.01 1 3
-0.6647 0.0522133 -0.745284 0 -0.0314004 0.994721 0.0976937 0 0.746451 0.0883391 -0.659551 0 -5212.54 -2.15252 -1136.09 1 3
-0.666048 0.0529302 -0.744029 0 -0.0285376 0.994941 0.0963267 0 0.745363 0.085391 -0.661167 0 -5217.81 9.11377 -1127.65 1 3
-0.667065 0.0537542 -0.743058 0 -0.0262338 0.99508 0.0955368 0 0.744538 0.0832225 -0.662373 0 -5222.3 18.4389 -1121.09 1 3
-0.667885 0.0545352 -0.742263 0 -0.0243388 0.995178 0.0950172 0 0.743866 0.0815263 -0.663338 0 -5226.19 26.2987 -1115.89 1 3
-0.668567 0.0552517 -0.741596 0 -0.0227987 0.995244 0.094703 0 0.743302 0.0802227 -0.664128 0 -5229.54 33.0264 -1111.47 1 3
-0.669218 0.0560358 -0.74095 0 -0.0214858 0.995276 0.0946754 0 0.742756 0.0792784 -0.664853 0 -5232.56 38.879 -1107.39 1 3
-0.669796 0.0565317 -0.74039 0 -0.0205604 0.995303 0.0945954 0 0.74226 0.0785824 -0.665488 0 -5235.23 42.9914 -1103.79 1 3
-0.670302 0.0571578 -0.739884 0 -0.0195712 0.995321 0.0946216 0 0.74183 0.0779055 -0.666047 0 -5237.6 47.1354 -1100.58 1 3
-0.670846 0.0574583 -0.739367 0 -0.0189606 0.995339 0.094554 0 0.741354 0.07745 -0.66663 0 -5239.93 49.368 -1097 1 3
-0.671293 0.0577462 -0.738939 0 -0.0184392 0.995351 0.0945353 0 0.740963 0.0770864 -0.667107 0 -5241.94 51.1542 -1094.04 1 3
-0.671768 0.0580021 -0.738487 0 -0.0179889 0.995358 0.0945409 0 0.740543 0.0767941 -0.667606 0 -5243.87 52.7935 -1091.26 1 3
-0.67219 0.0581186 -0.738094 0 -0.0177744 0.99536 0.0945636 0 0.740165 0.0766839 -0.668038 0 -5245.71 53.8523 -1088.79 1 3
-0.672557 0.0583924 -0.737738 0 -0.0174228 0.995357 0.0946665 0 0.739841 0.0765221 -0.668416 0 -5247.37 55.5217 -1086.78 1 3
-0.672885 0.0586898 -0.737415 0 -0.0171186 0.995345 0.0948387 0 0.739549 0.0764391 -0.668749 0 -5248.87 56.8911 -1085.42 1 3
-0.673441 0.0590732 -0.736877 0 -0.0171056 0.99529 0.0954224 0 0.739043 0.0768661 -0.669258 0 -5251.25 57.3264 -1082.95 1 3
-0.673651 0.0598378 -0.736623 0 -0.0168296 0.995216 0.0962348 0 0.738858 0.0772258 -0.669421 0 -5253.68 59.7164 -1085.1 1 3
-0.673883 0.0604895 -0.736358 0 -0.0164524 0.995167 0.0968064 0 0.738655 0.077351 -0.669631 0 -5255.86 62.121 -1086.43 1 3
-0.674078 0.0610712 -0.736131 0 -0.0160786 0.995127 0.0972814 0 0.738485 0.0774113 -0.669812 0 -5257.72 64.5056 -1087.33 1 3
-0.674318 0.0614697 -0.735878 0 -0.0158419 0.995096 0.0976393 0 0.738271 0.0774977 -0.670037 0 -5259.47 66.1543 -1087.55 1 3
-0.674586 0.0620089 -0.735588 0 -0.015471 0.995059 0.0980699 0 0.738034 0.0775368 -0.670293 0 -5261.16 68.3652 -1087.36 1 3
-0.674856 0.0623887 -0.735307 0 -0.0152273 0.99503 0.0984009 0 0.737792 0.0776032 -0.670553 0 -5262.68 70.0683 -1086.84 1 3
-0.675094 0.0626564 -0.735067 0 -0.0150393 0.995011 0.098626 0 0.737579 0.0776367 -0.670783 0 -5263.99 71.4157 -1086.39 1 3
-0.675237 0.0630289 -0.734903 0 -0.0147095 0.994994 0.0988508 0 0.737454 0.0775578 -0.670929 0 -5265.04 73.0807 -1086.12 1 3
