0.0871975 0 0.996191 0 0 1 0 0 -0.996191 0 0.0871975 0 -2355.35 0 365.246 1 0
0.0871975 0 0.996191 0 0 1 0 0 -0.996191 0 0.0871975 0 -2355.35 0 365.246 1 0
0.0871975 0 0.996191 0 0 1 0 0 -0.996191 0 0.0871975 0 -2355.35 0 365.246 1 0
0.0871975 0 0.996191 0 0 1 0 0 -0.996191 0 0.0871975 0 -2355.35 0 365.246 1 0
0.0871975 0 0.996191 0 0 1 0 0 -0.996191 0 0.0871975 0 -2355.35 0 365.246 1 0
0.0871975 0 0.996191 0 0 1 0 0 -0.996191 0 0.0871975 0 -2355.35 0 365.246 1 0
0.0871975 0 0.996191 0 0 1 0 0 -0.996191 0 0.0871975 0 -2355.35 0 365.246 1 0
0.0871975 0 0.996191 0 0 1 0 0 -0.996191 0 0.0871975 0 -2355.35 0 365.246 1 0
0.0871975 0 0.996191 0 0 1 0 0 -0.996191 0 0.0871975 0 -2355.35 0 365.246 1 0
0.0871975 0 0.996191 0 0 1 0 0 -0.996191 0 0.0871975 0 -2355.35 0 365.246 1 0
0.0871975 0 0.996191 0 0 1 0 0 -0.996191 0 0.0871975 0 -2355.35 0 365.246 1 0
0.0871975 0 0.996191 0 0 1 0 0 -0.996191 0 0.0871975 0 -2355.35 0 365.246 1 0
0.0871975 0 0.996191 0 0 1 0 0 -0.996191 0 0.0871975 0 -2355.35 0 365.246 1 0
0.0871975 0 0.996191 0 0 1 0 0 -0.996191 0 0.0871975 0 -2355.35 0 365.246 1 0
0.0871975 0 0.996191 0 0 1 0 0 -0.996191 0 0.0871975 0 -2355.35 0 365.246 1 0
0.0871975 0 0.996191 0 0 1 0 0 -0.996191 0 0.0871975 0 -2355.35 0 365.246 1 0
0.0871975 0 0.996191 0 0 1 0 0 -0.996191 0 0.0871975 0 -2355.35 0 365.246 1 0
0.0871975 0 0.996191 0 0 1 0 0 -0.996191 0 0.0871975 0 -2355.35 0 365.246 1 0
0.0871975 0 0.996191 0 0 1 0 0 -0.996191 0 0.0871975 0 -2355.35 0 365.246 1 0
0.0871975 0 0.996191 0 0 1 0 0 -0.996191 0 0.0871975 0 -2355.35 0 365.246 1 0
0.0871975 0 0.996191 0 0 1 0 0 -0.996191 0 0.0871975 0 -2355.35 0 365.246 1 0
0.0871975 0 0.996191 0 0 1 0 0 -0.996191 0 0.0871975 0 -2355.35 0 365.246 1 0
0.0871975 0 0.996191 0 0 1 0 0 -0.996191 0 0.0871975 0 -2355.35 0 365.246 1 0
0.0871975 0 0.996191 0 0 1 0 0 -0.996191 0 0.0871975 0 -2355.35 0 365.246 1 0
0.0871975 0 0.996191 0 0 1 0 0 -0.996191 0 0.0871975 0 -2355.35 0 365.246 1 0
0.0871975 0 0.996191 0 0 1 0 0 -0.996191 0 0.0871975 0 -2355.35 0 365.246 1 0
0.0871975 0 0.996191 0 0 1 0 0 -0.996191 0 0.0871975 0 -2355.35 0 365.246 1 0
0.0871975 0 0.996191 0 0 1 0 0 -0.996191 0 0.0871975 0 -2355.35 0 365.246 1 0
0.0871975 0 0.996191 0 0 1 0 0 -0.996191 0 0.0871975 0 -2355.35 0 365.246 1 0
0.0871975 0 0.996191 0 0 1 0 0 -0.996191 0 0.0871975 0 -2355.35 0 365.246 1 0
0.0871975 0 0.996191 0 0 1 0 0 -0.996191 0 0.0871975 0 -2355.35 0 365.246 1 0
0.0871975 0 0.996191 0 0 1 0 0 -0.996191 0 0.0871975 0 -2355.35 0 365.246 1 0
0.0871975 0 0.996191 0 0 1 0 0 -0.996191 0 0.0871975 0 -2355.35 0 365.246 1 0
0.0871975 0 0.996191 0 0 1 0 0 -0.996191 0 0.0871975 0 -2355.35 0 365.246 1 0
0.109986 -0.0750827 0.991093 0 -0.0030657 0.997112 0.0758789 0 -0.993928 -0.011384 0.109438 0 -2072.2 -26.2628 1157.06 1 1
0.116095 -0.0599558 0.991427 0 -0.00927017 0.998068 0.0614429 0 -0.993195 -0.0163239 0.115315 0 -2082.13 -30.093 1230.9 1 1
0.116095 -0.0599558 0.991427 0 -0.00927017 0.998068 0.0614429 0 -0.993195 -0.0163239 0.115315 0 -2082.13 -30.093 1230.9 1 2
0.116095 -0.0599558 0.991427 0 -0.00927017 0.998068 0.0614429 0 -0.993195 -0.0163239 0.115315 0 -2082.13 -30.093 1230.9 1 2
0.116095 -0.0599558 0.991427 0 -0.00927017 0.998068 0.0614429 0 -0.993195 -0.0163239 0.115315 0 -2082.13 -30.093 1230.9 1 2
0.116095 -0.0599558 0.991427 0 -0.00927017 0.998068 0.0614429 0 -0.993195 -0.0163239 0.115315 0 -2082.13 -30.093 1230.9 1 2
0.116095 -0.0599558 0.991427 0 -0.00927017 0.998068 0.0614429 0 -0.993195 -0.0163239 0.115315 0 -2082.13 -30.093 1230.9 1 2
0.116095 -0.0599558 0.991427 0 -0.00927017 0.998068 0.0614429 0 -0.993195 -0.0163239 0.115315 0 -2082.13 -30.093 1230.9 1 2
0.116095 -0.0599558 0.991427 0 -0.00927017 0.998068 0.0614429 0 -0.993195 -0.0163239 0.115315 0 -2082.13 -30.093 1230.9 1 2
0.116095 -0.0599558 0.991427 0 -0.00927017 0.998068 0.0614429 0 -0.993195 -0.0163239 0.115315 0 -2082.13 -30.093 1230.9 1 2
0.116095 -0.0599558 0.991427 0 -0.00927017 0.998068 0.0614429 0 -0.993195 -0.0163239 0.115315 0 -2082.13 -30.093 1230.9 1 2
0.116095 -0.0599558 0.991427 0 -0.00927017 0.998068 0.0614429 0 -0.993195 -0.0163239 0.115315 0 -2082.13 -30.093 1230.9 1 2
0.116095 -0.0599558 0.991427 0 -0.00927017 0.998068 0.0614429 0 -0.993195 -0.0163239 0.115315 0 -2082.13 -30.093 1230.9 1 2
0.116095 -0.0599558 0.991427 0 -0.00927017 0.998068 0.0614429 0 -0.993195 -0.0163239 0.115315 0 -2082.13 -30.093 1230.9 1 2
0.116095 -0.0599558 0.991427 0 -0.00927017 0.998068 0.0614429 0 -0.993195 -0.0163239 0.115315 0 -2082.13 -30.093 1230.9 1 2
0.116095 -0.0599558 0.991427 0 -0.00927017 0.998068 0.0614429 0 -0.993195 -0.0163239 0.115315 0 -2082.13 -30.093 1230.9 1 2
0.116095 -0.0599558 0.991427 0 -0.00927017 0.998068 0.0614429 0 -0.993195 -0.0163239 0.115315 0 -2082.13 -30.093 1230.9 1 2
0.116095 -0.0599558 0.991427 0 -0.00927017 0.998068 0.0614429 0 -0.993195 -0.0163239 0.115315 0 -2082.13 -30.093 1230.9 1 2
0.116095 -0.0599558 0.991427 0 -0.00927017 0.998068 0.0614429 0 -0.993195 -0.0163239 0.115315 0 -2082.13 -30.093 1230.9 1 2
0.116095 -0.0599558 0.991427 0 -0.00927017 0.998068 0.0614429 0 -0.993195 -0.0163239 0.115315 0 -2082.13 -30.093 1230.9 1 2
0.116095 -0.0599558 0.991427 0 -0.00927017 0.998068 0.0614429 0 -0.993195 -0.0163239 0.115315 0 -2082.13 -30.093 1230.9 1 2
0.116095 -0.0599558 0.991427 0 -0.00927017 0.998068 0.0614429 0 -0.993195 -0.0163239 0.115315 0 -2082.13 -30.093 1230.9 1 2
0.116095 -0.0599558 0.991427 0 -0.00927017 0.998068 0.0614429 0 -0.993195 -0.0163239 0.115315 0 -2082.13 -30.093 1230.9 1 2
0.116095 -0.0599558 0.991427 0 -0.00927017 0.998068 0.0614429 0 -0.993195 -0.0163239 0.115315 0 -2082.13 -30.093 1230.9 1 2
0.116095 -0.0599558 0.991427 0 -0.00927017 0.998068 0.0614429 0 -0.993195 -0.0163239 0.115315 0 -2082.13 -30.093 1230.9 1 2
0.116095 -0.0599558 0.991427 0 -0.00927017 0.998068 0.0614429 0 -0.993195 -0.0163239 0.115315 0 -2082.13 -30.093 1230.9 1 2
0.116095 -0.0599558 0.991427 0 -0.00927017 0.998068 0.0614429 0 -0.993195 -0.0163239 0.115315 0 -2082.13 -30.093 1230.9 1 2
0.116095 -0.0599558 0.991427 0 -0.00927017 0.998068 0.0614429 0 -0.993195 -0.0163239 0.115315 0 -2082.13 -30.093 1230.9 1 2
0.116095 -0.0599558 0.991427 0 -0.00927017 0.998068 0.0614429 0 -0.993195 -0.0163239 0.115315 0 -2082.13 -30.093 1230.9 1 2
0.116095 -0.0599558 0.991427 0 -0.00927017 0.998068 0.0614429 0 -0.993195 -0.0163239 0.115315 0 -2082.13 -30.093 1230.9 1 2
0.116095 -0.0599558 0.991427 0 -0.00927017 0.998068 0.0614429 0 -0.993195 -0.0163239 0.115315 0 -2082.13 -30.093 1230.9 1 2
0.116095 -0.0599558 0.991427 0 -0.00927017 0.998068 0.0614429 0 -0.993195 -0.0163239 0.115315 0 -2082.13 -30.093 1230.9 1 2
0.116095 -0.0599558 0.991427 0 -0.00927017 0.998068 0.0614429 0 -0.993195 -0.0163239 0.115315 0 -2082.13 -30.093 1230.9 1 2
0.116095 -0.0599558 0.991427 0 -0.00927017 0.998068 0.0614429 0 -0.993195 -0.0163239 0.115315 0 -2082.13 -30.093 1230.9 1 2
0.116095 -0.0599558 0.991427 0 -0.00927017 0.998068 0.0614429 0 -0.993195 -0.0163239 0.115315 0 -2082.13 -30.093 1230.9 1 2
0.116095 -0.0599558 0.991427 0 -0.00927017 0.998068 0.0614429 0 -0.993195 -0.0163239 0.115315 0 -2082.13 -30.093 1230.9 1 2
0.116095 -0.0599558 0.991427 0 -0.00927017 0.998068 0.0614429 0 -0.993195 -0.0163239 0.115315 0 -2082.13 -30.093 1230.9 1 2
0.116095 -0.0599558 0.991427 0 -0.00927017 0.998068 0.0614429 0 -0.993195 -0.0163239 0.115315 0 -2082.13 -30.093 1230.9 1 2
0.116095 -0.0599558 0.991427 0 -0.00927017 0.998068 0.0614429 0 -0.993195 -0.0163239 0.115315 0 -2082.13 -30.093 1230.9 1 2
0.116095 -0.0599558 0.991427 0 -0.00927017 0.998068 0.0614429 0 -0.993195 -0.0163239 0.115315 0 -2082.13 -30.093 1230.9 1 2
0.116095 -0.0599558 0.991427 0 -0.00927017 0.998068 0.0614429 0 -0.993195 -0.0163239 0.115315 0 -2082.13 -30.093 1230.9 1 2
0.116095 -0.0599558 0.991427 0 -0.00927017 0.998068 0.0614429 0 -0.993195 -0.0163239 0.115315 0 -2082.13 -30.093 1230.9 1 2
0.116095 -0.0599558 0.991427 0 -0.00927017 0.998068 0.0614429 0 -0.993195 -0.0163239 0.115315 0 -2082.13 -30.093 1230.9 1 2
0.116095 -0.0599558 0.991427 0 -0.00927017 0.998068 0.0614429 0 -0.993195 -0.0163239 0.115315 0 -2082.13 -30.093 1230.9 1 2
0.116095 -0.0599558 0.991427 0 -0.00927017 0.998068 0.0614429 0 -0.993195 -0.0163239 0.115315 0 -2082.13 -30.093 1230.9 1 2
0.116095 -0.0599558 0.991427 0 -0.00927017 0.998068 0.0614429 0 -0.993195 -0.0163239 0.115315 0 -2082.13 -30.093 1230.9 1 2
0.116095 -0.0599558 0.991427 0 -0.00927017 0.998068 0.0614429 0 -0.993195 -0.0163239 0.115315 0 -2082.13 -30.093 1230.9 1 2
0.116095 -0.0599558 0.991427 0 -0.00927017 0.998068 0.0614429 0 -0.993195 -0.0163239 0.115315 0 -2082.13 -30.093 1230.9 1 2
0.116095 -0.0599558 0.991427 0 -0.00927017 0.998068 0.0614429 0 -0.993195 -0.0163239 0.115315 0 -2082.13 -30.093 1230.9 1 2
0.116095 -0.0599558 0.991427 0 -0.00927017 0.998068 0.0614429 0 -0.993195 -0.0163239 0.115315 0 -2082.13 -30.093 1230.9 1 2
0.116095 -0.0599558 0.991427 0 -0.00927017 0.998068 0.0614429 0 -0.993195 -0.0163239 0.115315 0 -2082.13 -30.093 1230.9 1 2
0.116095 -0.0599558 0.991427 0 -0.00927017 0.998068 0.0614429 0 -0.993195 -0.0163239 0.115315 0 -2082.13 -30.093 1230.9 1 2
0.116095 -0.0599558 0.991427 0 -0.00927017 0.998068 0.0614429 0 -0.993195 -0.0163239 0.115315 0 -2082.13 -30.093 1230.9 1 2
0.116095 -0.0599558 0.991427 0 -0.00927017 0.998068 0.0614429 0 -0.993195 -0.0163239 0.115315 0 -2082.13 -30.093 1230.9 1 2
0.116095 -0.0599558 0.991427 0 -0.00927017 0.998068 0.0614429 0 -0.993195 -0.0163239 0.115315 0 -2082.13 -30.093 1230.9 1 2
0.116095 -0.0599558 0.991427 0 -0.00927017 0.998068 0.0614429 0 -0.993195 -0.0163239 0.115315 0 -2082.13 -30.093 1230.9 1 2
0.116095 -0.0599558 0.991427 0 -0.00927017 0.998068 0.0614429 0 -0.993195 -0.0163239 0.115315 0 -2082.13 -30.093 1230.9 1 2
0.116095 -0.0599558 0.991427 0 -0.00927017 0.998068 0.0614429 0 -0.993195 -0.0163239 0.115315 0 -2082.13 -30.093 1230.9 1 2
0.116095 -0.0599558 0.991427 0 -0.00927017 0.998068 0.0614429 0 -0.993195 -0.0163239 0.115315 0 -2082.13 -30.093 1230.9 1 2
0.116095 -0.0599558 0.991427 0 -0.00927017 0.998068 0.0614429 0 -0.993195 -0.0163239 0.115315 0 -2082.13 -30.093 1230.9 1 2
0.116095 -0.0599558 0.991427 0 -0.00927017 0.998068 0.0614429 0 -0.993195 -0.0163239 0.115315 0 -2082.13 -30.093 1230.9 1 2
0.116095 -0.0599558 0.991427 0 -0.00927017 0.998068 0.0614429 0 -0.993195 -0.0163239 0.115315 0 -2082.13 -30.093 1230.9 1 2
0.116095 -0.0599558 0.991427 0 -0.00927017 0.998068 0.0614429 0 -0.993195 -0.0163239 0.115315 0 -2082.13 -30.093 1230.9 1 2
0.116095 -0.0599558 0.991427 0 -0.00927017 0.998068 0.0614429 0 -0.993195 -0.0163239 0.115315 0 -2082.13 -30.093 1230.9 1 2
0.116095 -0.0599558 0.991427 0 -0.00927017 0.998068 0.0614429 0 -0.993195 -0.0163239 0.115315 0 -2082.13 -30.093 1230.9 1 2
0.116095 -0.0599558 0.991427 0 -0.00927017 0.998068 0.0614429 0 -0.993195 -0.0163239 0.115315 0 -2082.13 -30.093 1230.9 1 2
0.116095 -0.0599558 0.991427 0 -0.00927017 0.998068 0.0614429 0 -0.993195 -0.0163239 0.115315 0 -2082.13 -30.093 1230.9 1 2
0.116095 -0.0599558 0.991427 0 -0.00927017 0.998068 0.0614429 0 -0.993195 -0.0163239 0.115315 0 -2082.13 -30.093 1230.9 1 2
0.116095 -0.0599558 0.991427 0 -0.00927017 0.998068 0.0614429 0 -0.993195 -0.0163239 0.115315 0 -2082.13 -30.093 1230.9 1 2
0.116095 -0.0599558 0.991427 0 -0.00927017 0.998068 0.0614429 0 -0.993195 -0.0163239 0.115315 0 -2082.13 -30.093 1230.9 1 2
0.116095 -0.0599558 0.991427 0 -0.00927017 0.998068 0.0614429 0 -0.993195 -0.0163239 0.115315 0 -2082.13 -30.093 1230.9 1 2
0.116095 -0.0599558 0.991427 0 -0.00927017 0.998068 0.0614429 0 -0.993195 -0.0163239 0.115315 0 -2082.13 -30.093 1230.9 1 2
0.116095 -0.0599558 0.991427 0 -0.00927017 0.998068 0.0614429 0 -0.993195 -0.0163239 0.115315 0 -2082.13 -30.093 1230.9 1 2
0.116095 -0.0599558 0.991427 0 -0.00927017 0.998068 0.0614429 0 -0.993195 -0.0163239 0.115315 0 -2082.13 -30.093 1230.9 1 2
0.116095 -0.0599558 0.991427 0 -0.00927017 0.998068 0.0614429 0 -0.993195 -0.0163239 0.115315 0 -2082.13 -30.093 1230.9 1 2
0.116095 -0.0599558 0.991427 0 -0.00927017 0.998068 0.0614429 0 -0.993195 -0.0163239 0.115315 0 -2082.13 -30.093 1230.9 1 2
0.116095 -0.0599558 0.991427 0 -0.00927017 0.998068 0.0614429 0 -0.993195 -0.0163239 0.115315 0 -2082.13 -30.093 1230.9 1 2
0.116095 -0.0599558 0.991427 0 -0.00927017 0.998068 0.0614429 0 -0.993195 -0.0163239 0.115315 0 -2082.13 -30.093 1230.9 1 2
0.116095 -0.0599558 0.991427 0 -0.00927017 0.998068 0.0614429 0 -0.993195 -0.0163239 0.115315 0 -2082.13 -30.093 1230.9 1 2
0.116095 -0.0599558 0.991427 0 -0.00927017 0.998068 0.0614429 0 -0.993195 -0.0163239 0.115315 0 -2082.13 -30.093 1230.9 1 2
0.116095 -0.0599558 0.991427 0 -0.00927017 0.998068 0.0614429 0 -0.993195 -0.0163239 0.115315 0 -2082.13 -30.093 1230.9 1 2
0.116095 -0.0599558 0.991427 0 -0.00927017 0.998068 0.0614429 0 -0.993195 -0.0163239 0.115315 0 -2082.13 -30.093 1230.9 1 2
0.116095 -0.0599558 0.991427 0 -0.00927017 0.998068 0.0614429 0 -0.993195 -0.0163239 0.115315 0 -2082.13 -30.093 1230.9 1 2
0.116095 -0.0599558 0.991427 0 -0.00927017 0.998068 0.0614429 0 -0.993195 -0.0163239 0.115315 0 -2082.13 -30.093 1230.9 1 2
0.116095 -0.0599558 0.991427 0 -0.00927017 0.998068 0.0614429 0 -0.993195 -0.0163239 0.115315 0 -2082.13 -30.093 1230.9 1 2
0.116095 -0.0599558 0.991427 0 -0.00927017 0.998068 0.0614429 0 -0.993195 -0.0163239 0.115315 0 -2082.13 -30.093 1230.9 1 2
0.116095 -0.0599558 0.991427 0 -0.00927017 0.998068 0.0614429 0 -0.993195 -0.0163239 0.115315 0 -2082.13 -30.093 1230.9 1 2
0.116095 -0.0599558 0.991427 0 -0.00927017 0.998068 0.0614429 0 -0.993195 -0.0163239 0.115315 0 -2082.13 -30.093 1230.9 1 2
0.116095 -0.0599558 0.991427 0 -0.00927017 0.998068 0.0614429 0 -0.993195 -0.0163239 0.115315 0 -2082.13 -30.093 1230.9 1 2
0.116095 -0.0599558 0.991427 0 -0.00927017 0.998068 0.0614429 0 -0.993195 -0.0163239 0.115315 0 -2082.13 -30.093 1230.9 1 2
0.116095 -0.0599558 0.991427 0 -0.00927017 0.998068 0.0614429 0 -0.993195 -0.0163239 0.115315 0 -2082.13 -30.093 1230.9 1 2
0.116095 -0.0599558 0.991427 0 -0.00927017 0.998068 0.0614429 0 -0.993195 -0.0163239 0.115315 0 -2082.13 -30.093 1230.9 1 2
0.116095 -0.0599558 0.991427 0 -0.00927017 0.998068 0.0614429 0 -0.993195 -0.0163239 0.115315 0 -2082.13 -30.093 1230.9 1 2
0.116095 -0.0599558 0.991427 0 -0.00927017 0.998068 0.0614429 0 -0.993195 -0.0163239 0.115315 0 -2082.13 -30.093 1230.9 1 2
0.117679 -0.0627 0.99107 0 -0.00958702 0.997887 0.0642696 0 -0.993005 -0.0170646 0.116829 0 -2082.79 -37.4696 1232.78 1 3
0.11801 -0.0644728 0.990917 0 -0.011094 0.997742 0.0662381 0 -0.99295 -0.01881 0.117028 0 -2083.16 -42.6487 1233.04 1 3
0.117981 -0.0653813 0.990861 0 -0.0134547 0.997633 0.0674302 0 -0.992925 -0.0212872 0.116822 0 -2083.02 -47.8903 1232.76 1 3
0.118191 -0.0660529 0.990792 0 -0.0174279 0.997493 0.0685787 0 -0.992838 -0.0253729 0.116744 0 -2083.43 -55.5275 1233.72 1 3
0.118405 -0.0663937 0.990743 0 -0.0215633 0.997355 0.0694139 0 -0.992731 -0.0295827 0.11666 0 -2083.56 -62.8218 1234.16 1 3
0.118805 -0.0660029 0.990721 0 -0.0258898 0.997243 0.0695421 0 -0.99258 -0.0339115 0.116769 0 -2082.99 -69.8368 1234.85 1 3
0.119333 -0.0649508 0.990727 0 -0.0307847 0.997136 0.069079 0 -0.992377 -0.0387426 0.116992 0 -2081.78 -77.1265 1235.81 1 3
0.11985 -0.063522 0.990758 0 -0.0357779 0.997026 0.0682519 0 -0.992147 -0.0436272 0.117221 0 -2080.29 -84.4364 1236.66 1 3
0.12024 -0.0619166 0.990812 0 -0.0407238 0.996905 0.0672394 0 -0.991909 -0.0484345 0.117346 0 -2078.68 -91.9009 1237.85 1 3
0.12064 -0.0602611 0.990866 0 -0.0458462 0.996753 0.066201 0 -0.991637 -0.0534139 0.117485 0 -2077.03 -99.509 1238.7 1 3
0.12118 -0.0581484 0.990926 0 -0.0508489 0.996608 0.0647001 0 -0.991327 -0.0582278 0.117812 0 -2075.28 -106.764 1239.86 1 3
0.121939 -0.056023 0.990955 0 -0.0560648 0.996423 0.063231 0 -0.990953 -0.0632681 0.118362 0 -2073.09 -114.718 1241.38 1 3
0.12303 -0.0534988 0.99096 0 -0.0616957 0.996202 0.0614415 0 -0.990483 -0.0686972 0.119262 0 -2070.5 -123.175 1243.56 1 3
0.12432 -0.0507591 0.990943 0 -0.0676214 0.995935 0.0594983 0 -0.989935 -0.0744058 0.120382 0 -2067.59 -132.027 1246.15 1 3
0.12577 -0.0481096 0.990892 0 -0.0724665 0.99571 0.0575414 0 -0.989409 -0.0790435 0.121745 0 -2064.79 -139.317 1248.89 1 3
0.127288 -0.0457825 0.990809 0 -0.0763093 0.995521 0.0558036 0 -0.988926 -0.082711 0.123224 0 -2062.31 -144.941 1251.76 1 3
0.12898 -0.0441184 0.990665 0 -0.0789444 0.995382 0.0546066 0 -0.9885 -0.0852506 0.124902 0 -2059.9 -148.757 1254.39 1 3
0.130665 -0.0423285 0.990523 0 -0.0802031 0.995362 0.0531154 0 -0.988177 -0.0863833 0.126664 0 -2058.12 -150.202 1257.13 1 3
0.132628 -0.0401123 0.990354 0 -0.0802076 0.99547 0.0510609 0 -0.987915 -0.0862059 0.128809 0 -2056.73 -149.633 1260.43 1 3
0.134793 -0.0378423 0.990151 0 -0.078222 0.995746 0.0487047 0 -0.987781 -0.0840167 0.131259 0 -2055.86 -146 1264.45 1 3
0.137028 -0.0349023 0.989952 0 -0.0736922 0.996251 0.0453247 0 -0.987822 -0.0791626 0.133942 0 -2056.05 -138.111 1269.24 1 3
0.139474 -0.0324064 0.989695 0 -0.0677745 0.996808 0.0421905 0 -0.987904 -0.0729606 0.136832 0 -2056.77 -128.992 1274.59 1 3
0.141921 -0.0305504 0.989406 0 -0.0614226 0.997326 0.0396054 0 -0.98797 -0.0663927 0.139665 0 -2057.53 -119.345 1279.53 1 3
0.144535 -0.0291498 0.98907 0 -0.0552683 0.997768 0.0374826 0 -0.987955 -0.0600817 0.142601 0 -2058.19 -109.92 1284.39 1 3
0.146944 -0.0281852 0.988743 0 -0.049793 0.998116 0.0358525 0 -0.987891 -0.0545008 0.145264 0 -2058.67 -101.641 1288.66 1 3
0.14901 -0.0276026 0.98845 0 -0.0451817 0.998376 0.0346909 0 -0.987803 -0.0498292 0.14752 0 -2059.46 -94.9132 1291.84 1 3
0.150633 -0.0273848 0.98821 0 -0.0413943 0.998565 0.0339815 0 -0.987723 -0.046025 0.149283 0 -2060.31 -89.0366 1294.47 1 3
0.152051 -0.027356 0.987994 0 -0.0382104 0.998707 0.0335332 0 -0.987634 -0.0428503 0.150809 0 -2061.29 -84.468 1296.42 1 3
0.153423 -0.027757 0.987771 0 -0.0355256 0.998804 0.0335849 0 -0.987522 -0.0402438 0.152253 0 -2061.95 -81.061 1298.24 1 3
0.154439 -0.0282271 0.987599 0 -0.0335534 0.998865 0.0337961 0 -0.987432 -0.0383568 0.153317 0 -2062.79 -78.5784 1299.4 1 3
0.155225 -0.0286063 0.987465 0 -0.0318904 0.998915 0.033951 0 -0.987364 -0.0367607 0.154144 0 -2063.52 -76.5223 1300.13 1 3
0.155896 -0.0289051 0.98735 0 -0.0305084 0.998954 0.0340619 0 -0.987302 -0.0354326 0.154851 0 -2064.18 -74.9621 1300.69 1 3
0.156547 -0.0292527 0.987237 0 -0.0293784 0.998981 0.0342592 0 -0.987233 -0.0343666 0.155528 0 -2064.71 -73.8601 1301.18 1 3
0.157138 -0.0295574 0.987134 0 -0.0285788 0.998997 0.034462 0 -0.987163 -0.0336264 0.156136 0 -2065.07 -73.2335 1301.57 1 3
0.157625 -0.0298391 0.987048 0 -0.0278578 0.999011 0.0346495 0 -0.987106 -0.0329586 0.156637 0 -2065.32 -72.512 1301.93 1 3
0.15807 -0.029713 0.986981 0 -0.0274274 0.999029 0.0344684 0 -0.987047 -0.0325187 0.157102 0 -2065.56 -71.6843 1302.88 1 3
0.158493 -0.0296584 0.986915 0 -0.0270783 0.999042 0.0343715 0 -0.986989 -0.0321716 0.157538 0 -2065.81 -71.1929 1303.61 1 3
0.158904 -0.029671 0.986848 0 -0.0267792 0.999051 0.0343499 0 -0.986931 -0.0318854 0.157959 0 -2065.97 -70.7563 1304.23 1 3
0.159306 -0.0296267 0.986785 0 -0.026571 0.999059 0.0342848 0 -0.986872 -0.0316816 0.158369 0 -2066.14 -70.4216 1304.85 1 3
0.159596 -0.0296734 0.986736 0 -0.0263063 0.999065 0.034299 0 -0.986832 -0.0314313 0.158666 0 -2066.38 -70.0502 1305.28 1 3
0.159754 -0.0297928 0.986707 0 -0.0261318 0.999067 0.0343969 0 -0.986811 -0.0312794 0.158827 0 -2066.62 -69.8624 1305.39 1 3
0.160218 -0.0301794 0.98662 0 -0.0262331 0.999049 0.0348196 0 -0.986733 -0.0314608 0.159274 0 -2066.77 -70.4868 1305.69 1 3
0.159743 -0.0305989 0.986684 0 -0.0260984 0.999039 0.0352074 0 -0.986814 -0.0313751 0.158791 0 -2067.73 -70.5779 1304.55 1 3
0.159463 -0.0309396 0.986719 0 -0.0258388 0.999036 0.0355016 0 -0.986866 -0.0311568 0.158509 0 -2068.49 -70.5383 1303.78 1 3
0.159252 -0.0312883 0.986742 0 -0.0255045 0.999034 0.0357943 0 -0.986909 -0.0308667 0.1583 0 -2069.15 -70.437 1303.14 1 3
0.159156 -0.0315264 0.98675 0 -0.0252496 0.999033 0.0359915 0 -0.986931 -0.0306433 0.158206 0 -2069.6 -70.3856 1302.7 1 3
0.159123 -0.031825 0.986746 0 -0.0249156 0.999032 0.0362392 0 -0.986944 -0.0303518 0.158176 0 -2069.99 -70.2108 1302.41 1 3
0.159168 -0.0320321 0.986732 0 -0.0246613 0.999033 0.0364096 0 -0.986943 -0.0301294 0.158224 0 -2070.29 -70.0515 1302.33 1 3
0.159218 -0.0321496 0.98672 0 -0.0244547 0.999035 0.0364969 0 -0.986941 -0.0299409 0.158278 0 -2070.52 -69.8504 1302.29 1 3
0.15924 -0.0323374 0.98671 0 -0.0241998 0.999035 0.0366468 0 -0.986943 -0.0297138 0.158303 0 -2070.76 -69.6634 1302.23 1 3
