0.0976142 0 0.995224 0 0 1 0 0 -0.995224 0 0.0976142 0 -3290.81 0 117.617 1 0
0.0976142 0 0.995224 0 0 1 0 0 -0.995224 0 0.0976142 0 -3290.81 0 117.617 1 0
0.0976142 0 0.995224 0 0 1 0 0 -0.995224 0 0.0976142 0 -3290.81 0 117.617 1 0
0.0976142 0 0.995224 0 0 1 0 0 -0.995224 0 0.0976142 0 -3290.81 0 117.617 1 0
0.0976142 0 0.995224 0 0 1 0 0 -0.995224 0 0.0976142 0 -3290.81 0 117.617 1 0
0.0976142 0 0.995224 0 0 1 0 0 -0.995224 0 0.0976142 0 -3290.81 0 117.617 1 0
0.0976142 0 0.995224 0 0 1 0 0 -0.995224 0 0.0976142 0 -3290.81 0 117.617 1 0
0.0976142 0 0.995224 0 0 1 0 0 -0.995224 0 0.0976142 0 -3290.81 0 117.617 1 0
0.0976142 0 0.995224 0 0 1 0 0 -0.995224 0 0.0976142 0 -3290.81 0 117.617 1 0
0.0976142 0 0.995224 0 0 1 0 0 -0.995224 0 0.0976142 0 -3290.81 0 117.617 1 0
0.0976142 0 0.995224 0 0 1 0 0 -0.995224 0 0.0976142 0 -3290.81 0 117.617 1 0
0.0976142 0 0.995224 0 0 1 0 0 -0.995224 0 0.0976142 0 -3290.81 0 117.617 1 0
0.0976142 0 0.995224 0 0 1 0 0 -0.995224 0 0.0976142 0 -3290.81 0 117.617 1 0
0.0976142 0 0.995224 0 0 1 0 0 -0.995224 0 0.0976142 0 -3290.81 0 117.617 1 0
0.0976142 0 0.995224 0 0 1 0 0 -0.995224 0 0.0976142 0 -3290.81 0 117.617 1 0
0.0976142 0 0.995224 0 0 1 0 0 -0.995224 0 0.0976142 0 -3290.81 0 117.617 1 0
0.0976142 0 0.995224 0 0 1 0 0 -0.995224 0 0.0976142 0 -3290.81 0 117.617 1 0
0.0976142 0 0.995224 0 0 1 0 0 -0.995224 0 0.0976142 0 -3290.81 0 117.617 1 0
0.0976142 0 0.995224 0 0 1 0 0 -0.995224 0 0.0976142 0 -3290.81 0 117.617 1 0
0.0976142 0 0.995224 0 0 1 0 0 -0.995224 0 0.0976142 0 -3290.81 0 117.617 1 0
0.0976142 0 0.995224 0 0 1 0 0 -0.995224 0 0.0976142 0 -3290.81 0 117.617 1 0
0.0976142 0 0.995224 0 0 1 0 0 -0.995224 0 0.0976142 0 -3290.81 0 117.617 1 0
0.0976142 0 0.995224 0 0 1 0 0 -0.995224 0 0.0976142 0 -3290.81 0 117.617 1 0
0.0976142 0 0.995224 0 0 1 0 0 -0.995224 0 0.0976142 0 -3290.81 0 117.617 1 0
0.0976142 0 0.995224 0 0 1 0 0 -0.995224 0 0.0976142 0 -3290.81 0 117.617 1 0
0.0976142 0 0.995224 0 0 1 0 0 -0.995224 0 0.0976142 0 -3290.81 0 117.617 1 0
0.0976142 0 0.995224 0 0 1 0 0 -0.995224 0 0.0976142 0 -3290.81 0 117.617 1 0
0.0976142 0 0.995224 0 0 1 0 0 -0.995224 0 0.0976142 0 -3290.81 0 117.617 1 0
0.0976142 0 0.995224 0 0 1 0 0 -0.995224 0 0.0976142 0 -3290.81 0 117.617 1 0
0.0976142 0 0.995224 0 0 1 0 0 -0.995224 0 0.0976142 0 -3290.81 0 117.617 1 0
0.0976142 0 0.995224 0 0 1 0 0 -0.995224 0 0.0976142 0 -3290.81 0 117.617 1 0
0.0976142 0 0.995224 0 0 1 0 0 -0.995224 0 0.0976142 0 -3290.81 0 117.617 1 0
0.0976142 0 0.995224 0 0 1 0 0 -0.995224 0 0.0976142 0 -3290.81 0 117.617 1 0
0.0976142 0 0.995224 0 0 1 0 0 -0.995224 0 0.0976142 0 -3290.81 0 117.617 1 0
0.0976142 0 0.995224 0 0 1 0 0 -0.995224 0 0.0976142 0 -3290.81 0 117.617 1 0
0.0976142 0 0.995224 0 0 1 0 0 -0.995224 0 0.0976142 0 -3290.81 0 117.617 1 0
0.0976142 0 0.995224 0 0 1 0 0 -0.995224 0 0.0976142 0 -3290.81 0 117.617 1 0
0.0976142 0 0.995224 0 0 1 0 0 -0.995224 0 0.0976142 0 -3290.81 0 117.617 1 0
0.0976142 0 0.995224 0 0 1 0 0 -0.995224 0 0.0976142 0 -3290.81 0 117.617 1 0
0.0976142 0 0.995224 0 0 1 0 0 -0.995224 0 0.0976142 0 -3290.81 0 117.617 1 0
0.0976142 0 0.995224 0 0 1 0 0 -0.995224 0 0.0976142 0 -3290.81 0 117.617 1 0
0.0976142 0 0.995224 0 0 1 0 0 -0.995224 0 0.0976142 0 -3290.81 0 117.617 1 0
0.121577 -0.0839072 0.989029 0 0.0312416 0.99625 0.0806794 0 -0.99209 0.0210901 0.123742 0 -3047.26 -26.0957 1273.49 1 1
0.136779 -0.0652769 0.988448 0 0.024558 0.997743 0.0624924 0 -0.990297 0.0157267 0.138073 0 -3058.17 -32.7379 1348.12 1 1
0.136779 -0.0652769 0.988448 0 0.024558 0.997743 0.0624924 0 -0.990297 0.0157267 0.138073 0 -3058.17 -32.7379 1348.12 1 2
0.136779 -0.0652769 0.988448 0 0.024558 0.997743 0.0624924 0 -0.990297 0.0157267 0.138073 0 -3058.17 -32.7379 1348.12 1 2
0.136779 -0.0652769 0.988448 0 0.024558 0.997743 0.0624924 0 -0.990297 0.0157267 0.138073 0 -3058.17 -32.7379 1348.12 1 2
0.136779 -0.0652769 0.988448 0 0.024558 0.997743 0.0624924 0 -0.990297 0.0157267 0.138073 0 -3058.17 -32.7379 1348.12 1 2
0.136779 -0.0652769 0.988448 0 0.024558 0.997743 0.0624924 0 -0.990297 0.0157267 0.138073 0 -3058.17 -32.7379 1348.12 1 2
0.136779 -0.0652769 0.988448 0 0.024558 0.997743 0.0624924 0 -0.990297 0.0157267 0.138073 0 -3058.17 -32.7379 1348.12 1 2
0.136779 -0.0652769 0.988448 0 0.024558 0.997743 0.0624924 0 -0.990297 0.0157267 0.138073 0 -3058.17 -32.7379 1348.12 1 2
0.136779 -0.0652769 0.988448 0 0.024558 0.997743 0.0624924 0 -0.990297 0.0157267 0.138073 0 -3058.17 -32.7379 1348.12 1 2
0.136779 -0.0652769 0.988448 0 0.024558 0.997743 0.0624924 0 -0.990297 0.0157267 0.138073 0 -3058.17 -32.7379 1348.12 1 2
0.136779 -0.0652769 0.988448 0 0.024558 0.997743 0.0624924 0 -0.990297 0.0157267 0.138073 0 -3058.17 -32.7379 1348.12 1 2
0.136779 -0.0652769 0.988448 0 0.024558 0.997743 0.0624924 0 -0.990297 0.0157267 0.138073 0 -3058.17 -32.7379 1348.12 1 2
0.136779 -0.0652769 0.988448 0 0.024558 0.997743 0.0624924 0 -0.990297 0.0157267 0.138073 0 -3058.17 -32.7379 1348.12 1 2
0.136779 -0.0652769 0.988448 0 0.024558 0.997743 0.0624924 0 -0.990297 0.0157267 0.138073 0 -3058.17 -32.7379 1348.12 1 2
0.136779 -0.0652769 0.988448 0 0.024558 0.997743 0.0624924 0 -0.990297 0.0157267 0.138073 0 -3058.17 -32.7379 1348.12 1 2
0.136779 -0.0652769 0.988448 0 0.024558 0.997743 0.0624924 0 -0.990297 0.0157267 0.138073 0 -3058.17 -32.7379 1348.12 1 2
0.136779 -0.0652769 0.988448 0 0.024558 0.997743 0.0624924 0 -0.990297 0.0157267 0.138073 0 -3058.17 -32.7379 1348.12 1 2
0.136779 -0.0652769 0.988448 0 0.024558 0.997743 0.0624924 0 -0.990297 0.0157267 0.138073 0 -3058.17 -32.7379 1348.12 1 2
0.136779 -0.0652769 0.988448 0 0.024558 0.997743 0.0624924 0 -0.990297 0.0157267 0.138073 0 -3058.17 -32.7379 1348.12 1 2
0.136779 -0.0652769 0.988448 0 0.024558 0.997743 0.0624924 0 -0.990297 0.0157267 0.138073 0 -3058.17 -32.7379 1348.12 1 2
0.136779 -0.0652769 0.988448 0 0.024558 0.997743 0.0624924 0 -0.990297 0.0157267 0.138073 0 -3058.17 -32.7379 1348.12 1 2
0.136779 -0.0652769 0.988448 0 0.024558 0.997743 0.0624924 0 -0.990297 0.0157267 0.138073 0 -3058.17 -32.7379 1348.12 1 2
0.136779 -0.0652769 0.988448 0 0.024558 0.997743 0.0624924 0 -0.990297 0.0157267 0.138073 0 -3058.17 -32.7379 1348.12 1 2
0.136779 -0.0652769 0.988448 0 0.024558 0.997743 0.0624924 0 -0.990297 0.0157267 0.138073 0 -3058.17 -32.7379 1348.12 1 2
0.136779 -0.0652769 0.988448 0 0.024558 0.997743 0.0624924 0 -0.990297 0.0157267 0.138073 0 -3058.17 -32.7379 1348.12 1 2
0.136779 -0.0652769 0.988448 0 0.024558 0.997743 0.0624924 0 -0.990297 0.0157267 0.138073 0 -3058.17 -32.7379 1348.12 1 2
0.136779 -0.0652769 0.988448 0 0.024558 0.997743 0.0624924 0 -0.990297 0.0157267 0.138073 0 -3058.17 -32.7379 1348.12 1 2
0.136779 -0.0652769 0.988448 0 0.024558 0.997743 0.0624924 0 -0.990297 0.0157267 0.138073 0 -3058.17 -32.7379 1348.12 1 2
0.136779 -0.0652769 0.988448 0 0.024558 0.997743 0.0624924 0 -0.990297 0.0157267 0.138073 0 -3058.17 -32.7379 1348.12 1 2
0.136779 -0.0652769 0.988448 0 0.024558 0.997743 0.0624924 0 -0.990297 0.0157267 0.138073 0 -3058.17 -32.7379 1348.12 1 2
0.136779 -0.0652769 0.988448 0 0.024558 0.997743 0.0624924 0 -0.990297 0.0157267 0.138073 0 -3058.17 -32.7379 1348.12 1 2
0.136779 -0.0652769 0.988448 0 0.024558 0.997743 0.0624924 0 -0.990297 0.0157267 0.138073 0 -3058.17 -32.7379 1348.12 1 2
0.136779 -0.0652769 0.988448 0 0.024558 0.997743 0.0624924 0 -0.990297 0.0157267 0.138073 0 -3058.17 -32.7379 1348.12 1 2
0.136779 -0.0652769 0.988448 0 0.024558 0.997743 0.0624924 0 -0.990297 0.0157267 0.138073 0 -3058.17 -32.7379 1348.12 1 2
0.136779 -0.0652769 0.988448 0 0.024558 0.997743 0.0624924 0 -0.990297 0.0157267 0.138073 0 -3058.17 -32.7379 1348.12 1 2
0.136779 -0.0652769 0.988448 0 0.024558 0.997743 0.0624924 0 -0.990297 0.0157267 0.138073 0 -3058.17 -32.7379 1348.12 1 2
0.136779 -0.0652769 0.988448 0 0.024558 0.997743 0.0624924 0 -0.990297 0.0157267 0.138073 0 -3058.17 -32.7379 1348.12 1 2
0.136779 -0.0652769 0.988448 0 0.024558 0.997743 0.0624924 0 -0.990297 0.0157267 0.138073 0 -3058.17 -32.7379 1348.12 1 2
0.136779 -0.0652769 0.988448 0 0.024558 0.997743 0.0624924 0 -0.990297 0.0157267 0.138073 0 -3058.17 -32.7379 1348.12 1 2
0.136779 -0.0652769 0.988448 0 0.024558 0.997743 0.0624924 0 -0.990297 0.0157267 0.138073 0 -3058.17 -32.7379 1348.12 1 2
0.136779 -0.0652769 0.988448 0 0.024558 0.997743 0.0624924 0 -0.990297 0.0157267 0.138073 0 -3058.17 -32.7379 1348.12 1 2
0.136779 -0.0652769 0.988448 0 0.024558 0.997743 0.0624924 0 -0.990297 0.0157267 0.138073 0 -3058.17 -32.7379 1348.12 1 2
0.136779 -0.0652769 0.988448 0 0.024558 0.997743 0.0624924 0 -0.990297 0.0157267 0.138073 0 -3058.17 -32.7379 1348.12 1 2
0.136779 -0.0652769 0.988448 0 0.024558 0.997743 0.0624924 0 -0.990297 0.0157267 0.138073 0 -3058.17 -32.7379 1348.12 1 2
0.136779 -0.0652769 0.988448 0 0.024558 0.997743 0.0624924 0 -0.990297 0.0157267 0.138073 0 -3058.17 -32.7379 1348.12 1 2
0.136779 -0.0652769 0.988448 0 0.024558 0.997743 0.0624924 0 -0.990297 0.0157267 0.138073 0 -3058.17 -32.7379 1348.12 1 2
0.136779 -0.0652769 0.988448 0 0.024558 0.997743 0.0624924 0 -0.990297 0.0157267 0.138073 0 -3058.17 -32.7379 1348.12 1 2
0.136779 -0.0652769 0.988448 0 0.024558 0.997743 0.0624924 0 -0.990297 0.0157267 0.138073 0 -3058.17 -32.7379 1348.12 1 2
0.136779 -0.0652769 0.988448 0 0.024558 0.997743 0.0624924 0 -0.990297 0.0157267 0.138073 0 -3058.17 -32.7379 1348.12 1 2
0.136779 -0.0652769 0.988448 0 0.024558 0.997743 0.0624924 0 -0.990297 0.0157267 0.138073 0 -3058.17 -32.7379 1348.12 1 2
0.136779 -0.0652769 0.988448 0 0.024558 0.997743 0.0624924 0 -0.990297 0.0157267 0.138073 0 -3058.17 -32.7379 1348.12 1 2
0.136779 -0.0652769 0.988448 0 0.024558 0.997743 0.0624924 0 -0.990297 0.0157267 0.138073 0 -3058.17 -32.7379 1348.12 1 2
0.136779 -0.0652769 0.988448 0 0.024558 0.997743 0.0624924 0 -0.990297 0.0157267 0.138073 0 -3058.17 -32.7379 1348.12 1 2
0.136779 -0.0652769 0.988448 0 0.024558 0.997743 0.0624924 0 -0.990297 0.0157267 0.138073 0 -3058.17 -32.7379 1348.12 1 2
0.136779 -0.0652769 0.988448 0 0.024558 0.997743 0.0624924 0 -0.990297 0.0157267 0.138073 0 -3058.17 -32.7379 1348.12 1 2
0.136779 -0.0652769 0.988448 0 0.024558 0.997743 0.0624924 0 -0.990297 0.0157267 0.138073 0 -3058.17 -32.7379 1348.12 1 2
0.136779 -0.0652769 0.988448 0 0.024558 0.997743 0.0624924 0 -0.990297 0.0157267 0.138073 0 -3058.17 -32.7379 1348.12 1 2
0.136779 -0.0652769 0.988448 0 0.024558 0.997743 0.0624924 0 -0.990297 0.0157267 0.138073 0 -3058.17 -32.7379 1348.12 1 2
0.136779 -0.0652769 0.988448 0 0.024558 0.997743 0.0624924 0 -0.990297 0.0157267 0.138073 0 -3058.17 -32.7379 1348.12 1 2
0.136779 -0.0652769 0.988448 0 0.024558 0.997743 0.0624924 0 -0.990297 0.0157267 0.138073 0 -3058.17 -32.7379 1348.12 1 2
0.136779 -0.0652769 0.988448 0 0.024558 0.997743 0.0624924 0 -0.990297 0.0157267 0.138073 0 -3058.17 -32.7379 1348.12 1 2
0.136779 -0.0652769 0.988448 0 0.024558 0.997743 0.0624924 0 -0.990297 0.0157267 0.138073 0 -3058.17 -32.7379 1348.12 1 2
0.136779 -0.0652769 0.988448 0 0.024558 0.997743 0.0624924 0 -0.990297 0.0157267 0.138073 0 -3058.17 -32.7379 1348.12 1 2
0.136779 -0.0652769 0.988448 0 0.024558 0.997743 0.0624924 0 -0.990297 0.0157267 0.138073 0 -3058.17 -32.7379 1348.12 1 2
0.136779 -0.0652769 0.988448 0 0.024558 0.997743 0.0624924 0 -0.990297 0.0157267 0.138073 0 -3058.17 -32.7379 1348.12 1 2
0.136779 -0.0652769 0.988448 0 0.024558 0.997743 0.0624924 0 -0.990297 0.0157267 0.138073 0 -3058.17 -32.7379 1348.12 1 2
0.136779 -0.0652769 0.988448 0 0.024558 0.997743 0.0624924 0 -0.990297 0.0157267 0.138073 0 -3058.17 -32.7379 1348.12 1 2
0.136779 -0.0652769 0.988448 0 0.024558 0.997743 0.0624924 0 -0.990297 0.0157267 0.138073 0 -3058.17 -32.7379 1348.12 1 2
0.136779 -0.0652769 0.988448 0 0.024558 0.997743 0.0624924 0 -0.990297 0.0157267 0.138073 0 -3058.17 -32.7379 1348.12 1 2
0.136779 -0.0652769 0.988448 0 0.024558 0.997743 0.0624924 0 -0.990297 0.0157267 0.138073 0 -3058.17 -32.7379 1348.12 1 2
0.136779 -0.0652769 0.988448 0 0.024558 0.997743 0.0624924 0 -0.990297 0.0157267 0.138073 0 -3058.17 -32.7379 1348.12 1 2
0.136779 -0.0652769 0.988448 0 0.024558 0.997743 0.0624924 0 -0.990297 0.0157267 0.138073 0 -3058.17 -32.7379 1348.12 1 2
0.136779 -0.0652769 0.988448 0 0.024558 0.997743 0.0624924 0 -0.990297 0.0157267 0.138073 0 -3058.17 -32.7379 1348.12 1 2
0.136779 -0.0652769 0.988448 0 0.024558 0.997743 0.0624924 0 -0.990297 0.0157267 0.138073 0 -3058.17 -32.7379 1348.12 1 2
0.136779 -0.0652769 0.988448 0 0.024558 0.997743 0.0624924 0 -0.990297 0.0157267 0.138073 0 -3058.17 -32.7379 1348.12 1 2
0.136779 -0.0652769 0.988448 0 0.024558 0.997743 0.0624924 0 -0.990297 0.0157267 0.138073 0 -3058.17 -32.7379 1348.12 1 2
0.136779 -0.0652769 0.988448 0 0.024558 0.997743 0.0624924 0 -0.990297 0.0157267 0.138073 0 -3058.17 -32.7379 1348.12 1 2
0.136779 -0.0652769 0.988448 0 0.024558 0.997743 0.0624924 0 -0.990297 0.0157267 0.138073 0 -3058.17 -32.7379 1348.12 1 2
0.136779 -0.0652769 0.988448 0 0.024558 0.997743 0.0624924 0 -0.990297 0.0157267 0.138073 0 -3058.17 -32.7379 1348.12 1 2
0.136779 -0.0652769 0.988448 0 0.024558 0.997743 0.0624924 0 -0.990297 0.0157267 0.138073 0 -3058.17 -32.7379 1348.12 1 2
0.136779 -0.0652769 0.988448 0 0.024558 0.997743 0.0624924 0 -0.990297 0.0157267 0.138073 0 -3058.17 -32.7379 1348.12 1 2
0.136779 -0.0652769 0.988448 0 0.024558 0.997743 0.0624924 0 -0.990297 0.0157267 0.138073 0 -3058.17 -32.7379 1348.12 1 2
0.136779 -0.0652769 0.988448 0 0.024558 0.997743 0.0624924 0 -0.990297 0.0157267 0.138073 0 -3058.17 -32.7379 1348.12 1 2
0.136779 -0.0652769 0.988448 0 0.024558 0.997743 0.0624924 0 -0.990297 0.0157267 0.138073 0 -3058.17 -32.7379 1348.12 1 2
0.136779 -0.0652769 0.988448 0 0.024558 0.997743 0.0624924 0 -0.990297 0.0157267 0.138073 0 -3058.17 -32.7379 1348.12 1 2
0.13583 -0.0720531 0.988109 0 0.0214618 0.997332 0.0697754 0 -0.9905 0.011729 0.137014 0 -3058.85 -43.1767 1349.27 1 3
0.134691 -0.0760029 0.987969 0 0.018018 0.997077 0.0742472 0 -0.990724 0.00780084 0.135666 0 -3059.45 -51.1649 1348.22 1 3
0.134118 -0.0786139 0.987842 0 0.0141252 0.996899 0.0774168 0 -0.990865 0.00357048 0.134812 0 -3059.5 -59.3214 1346.78 1 3
0.133775 -0.0806705 0.987723 0 0.00903655 0.996739 0.080183 0 -0.990971 -0.00180083 0.134067 0 -3059.9 -71.2477 1346.75 1 3
0.133717 -0.0819524 0.987625 0 0.00385113 0.99661 0.0821766 0 -0.991012 -0.00718497 0.13358 0 -3059.92 -82.9381 1346.37 1 3
0.134026 -0.0821345 0.987568 0 -0.00147366 0.996542 0.0830808 0 -0.990977 -0.0125904 0.133442 0 -3059.2 -94.443 1346.67 1 3
0.134585 -0.081137 0.987575 0 -0.0071358 0.996537 0.0828458 0 -0.990876 -0.0181969 0.133539 0 -3057.85 -106.712 1347.64 1 3
0.135255 -0.0795953 0.987609 0 -0.0128791 0.996543 0.0820792 0 -0.990727 -0.0238212 0.133763 0 -3056.15 -119.088 1348.67 1 3
0.135906 -0.0776885 0.987671 0 -0.0184793 0.996549 0.0809296 0 -0.990549 -0.0292503 0.134001 0 -3054.34 -131.528 1350.05 1 3
0.136662 -0.0756841 0.987722 0 -0.0241178 0.996527 0.0796957 0 -0.990324 -0.034713 0.134362 0 -3052.43 -144.226 1351.21 1 3
0.137503 -0.0732059 0.987792 0 -0.0295675 0.996517 0.0779683 0 -0.99006 -0.0399274 0.134859 0 -3050.42 -156.465 1352.87 1 3
0.138545 -0.0706431 0.987833 0 -0.0351501 0.996473 0.0761909 0 -0.989732 -0.0452783 0.135573 0 -3047.95 -169.586 1355.16 1 3
0.13989 -0.0676029 0.987857 0 -0.041114 0.99641 0.0740103 0 -0.989313 -0.0509681 0.136609 0 -3044.98 -183.599 1358.48 1 3
0.141457 -0.0640873 0.987868 0 -0.047567 0.99631 0.0714463 0 -0.988801 -0.0570965 0.137887 0 -3041.53 -198.321 1362.5 1 3
0.143162 -0.0606801 0.987837 0 -0.0529456 0.99622 0.0688682 0 -0.988282 -0.062161 0.139408 0 -3038.23 -210.508 1366.85 1 3
0.145015 -0.0575586 0.987754 0 -0.0573208 0.996141 0.0664628 0 -0.987768 -0.066257 0.141156 0 -3035.31 -220.076 1371.51 1 3
0.147082 -0.0552753 0.987579 0 -0.0602055 0.996086 0.064718 0 -0.98729 -0.0689765 0.143178 0 -3032.57 -226.579 1376.14 1 3
0.14911 -0.0530042 0.987399 0 -0.0615664 0.996127 0.06277 0 -0.986902 -0.0701503 0.145269 0 -3030.56 -229.266 1380.98 1 3
0.151338 -0.0502205 0.987206 0 -0.0614945 0.996296 0.06011 0 -0.986567 -0.0698046 0.147689 0 -3029.04 -228.544 1386.8 1 3
0.153704 -0.0472763 0.986985 0 -0.0591841 0.996621 0.0569547 0 -0.986343 -0.067168 0.150387 0 -3028.25 -222.663 1393.72 1 3
0.156098 -0.0435481 0.986781 0 -0.0541167 0.99715 0.0525663 0 -0.986258 -0.0616068 0.153296 0 -3028.75 -209.775 1401.78 1 3
0.158741 -0.0404485 0.986491 0 -0.0476247 0.997684 0.0485709 0 -0.986171 -0.0546916 0.156447 0 -3029.8 -194.335 1410.57 1 3
0.16142 -0.0380951 0.98615 0 -0.0406113 0.998152 0.0452063 0 -0.98605 -0.047346 0.159575 0 -3030.86 -177.851 1418.92 1 3
0.16432 -0.036476 0.985733 0 -0.0338197 0.99852 0.0425869 0 -0.985827 -0.0403351 0.162843 0 -3031.73 -161.886 1427.23 1 3
0.166973 -0.0353465 0.985328 0 -0.0276705 0.998796 0.0405187 0 -0.985573 -0.03403 0.165793 0 -3032.4 -147.749 1434.57 1 3
0.169232 -0.0345653 0.98497 0 -0.0224245 0.998991 0.0389102 0 -0.985321 -0.0286723 0.168286 0 -3033.35 -136.059 1440.32 1 3
0.171121 -0.034238 0.984655 0 -0.0181831 0.999116 0.0379009 0 -0.985082 -0.0243897 0.170347 0 -3034.37 -126.176 1445.01 1 3
0.172782 -0.0341647 0.984367 0 -0.0145704 0.9992 0.037237 0 -0.984852 -0.0207765 0.172146 0 -3035.52 -118.286 1448.73 1 3
0.17433 -0.0346059 0.984079 0 -0.0115838 0.999241 0.0371912 0 -0.984619 -0.0178829 0.173796 0 -3036.3 -112.16 1452.16 1 3
0.175521 -0.0351541 0.983848 0 -0.00928759 0.999259 0.0373617 0 -0.984432 -0.0156954 0.175065 0 -3037.3 -107.665 1454.52 1 3
0.176488 -0.0356072 0.983658 0 -0.00733879 0.99927 0.037489 0 -0.984275 -0.0138352 0.176098 0 -3038.22 -103.899 1456.23 1 3
0.17734 -0.0359751 0.983492 0 -0.00573679 0.999277 0.037587 0 -0.984133 -0.0123078 0.177006 0 -3039.06 -100.937 1457.62 1 3
0.178173 -0.0364071 0.983325 0 -0.00441833 0.999276 0.0377982 0 -0.983989 -0.0110793 0.177883 0 -3039.72 -98.6946 1458.91 1 3
0.178935 -0.0367606 0.983174 0 -0.00344429 0.999272 0.0379894 0 -0.983855 -0.010184 0.178678 0 -3040.21 -97.2499 1460.03 1 3
0.179601 -0.0370811 0.98304 0 -0.00252196 0.999269 0.038154 0 -0.983736 -0.00933167 0.179376 0 -3040.61 -95.7687 1461.02 1 3
0.180263 -0.0369918 0.982923 0 -0.00199383 0.999277 0.0379729 0 -0.983616 -0.00880488 0.180059 0 -3040.96 -94.4757 1462.56 1 3
0.180825 -0.0370087 0.982819 0 -0.00157803 0.99928 0.0379189 0 -0.983514 -0.00840759 0.180636 0 -3041.34 -93.6221 1463.81 1 3
0.181401 -0.0371026 0.982709 0 -0.00118994 0.999279 0.0379478 0 -0.983408 -0.00805315 0.181226 0 -3041.62 -92.8758 1464.93 1 3
0.18189 -0.0371073 0.982618 0 -0.000949386 0.999281 0.0379123 0 -0.983318 -0.00782877 0.181724 0 -3041.89 -92.334 1465.99 1 3
0.182295 -0.0371748 0.982541 0 -0.000630901 0.99928 0.0379252 0 -0.983244 -0.00753347 0.182141 0 -3042.24 -91.6942 1466.78 1 3
0.182633 -0.0373286 0.982472 0 -0.00040127 0.999276 0.0380417 0 -0.983181 -0.00734189 0.182486 0 -3042.62 -91.3501 1467.12 1 3
0.183214 -0.0377531 0.982348 0 -0.000464378 0.999259 0.0384896 0 -0.983073 -0.00750803 0.183061 0 -3042.86 -92.1596 1467.93 1 3
0.182849 -0.0382935 0.982395 0 -0.000266509 0.999239 0.0389997 0 -0.983141 -0.00739288 0.1827 0 -3044.14 -92.1724 1466.31 1 3
0.182657 -0.0386953 0.982415 0 2.30529e-05 0.999225 0.0393532 0 -0.983177 -0.0071655 0.182517 0 -3045.19 -91.9204 1465.25 1 3
0.182563 -0.0390901 0.982417 0 0.000349304 0.999212 0.0396935 0 -0.983194 -0.00690338 0.182432 0 -3046.11 -91.5407 1464.43 1 3
0.182583 -0.0393664 0.982402 0 0.000555494 0.999202 0.0399363 0 -0.98319 -0.00674597 0.182459 0 -3046.75 -91.2974 1463.93 1 3
0.182669 -0.0396899 0.982373 0 0.000837692 0.999191 0.0402136 0 -0.983174 -0.00652287 0.182555 0 -3047.31 -90.8464 1463.63 1 3
0.182827 -0.0399512 0.982333 0 0.00105889 0.999181 0.0404394 0 -0.983145 -0.00635321 0.182719 0 -3047.77 -90.4781 1463.62 1 3
0.182941 -0.0401337 0.982304 0 0.00126067 0.999175 0.0405882 0 -0.983123 -0.00618688 0.182841 0 -3048.14 -90.0914 1463.63 1 3
0.182998 -0.0403761 0.982284 0 0.00153871 0.999167 0.0407834 0 -0.983112 -0.00595183 0.182908 0 -3048.51 -89.6492 1463.58 1 3
