0.615716 0 0.787968 0 0 1 0 0 -0.787968 0 0.615716 0 -688.052 0 297.232 1 0
0.615716 0 0.787968 0 0 1 0 0 -0.787968 0 0.615716 0 -688.052 0 297.232 1 0
0.615716 0 0.787968 0 0 1 0 0 -0.787968 0 0.615716 0 -688.052 0 297.232 1 0
0.615716 0 0.787968 0 0 1 0 0 -0.787968 0 0.615716 0 -688.052 0 297.232 1 0
0.615716 0 0.787968 0 0 1 0 0 -0.787968 0 0.615716 0 -688.052 0 297.232 1 0
0.615716 0 0.787968 0 0 1 0 0 -0.787968 0 0.615716 0 -688.052 0 297.232 1 0
0.615716 0 0.787968 0 0 1 0 0 -0.787968 0 0.615716 0 -688.052 0 297.232 1 0
0.615716 0 0.787968 0 0 1 0 0 -0.787968 0 0.615716 0 -688.052 0 297.232 1 0
0.615716 0 0.787968 0 0 1 0 0 -0.787968 0 0.615716 0 -688.052 0 297.232 1 0
0.615716 0 0.787968 0 0 1 0 0 -0.787968 0 0.615716 0 -688.052 0 297.232 1 0
0.615716 0 0.787968 0 0 1 0 0 -0.787968 0 0.615716 0 -688.052 0 297.232 1 0
0.615716 0 0.787968 0 0 1 0 0 -0.787968 0 0.615716 0 -688.052 0 297.232 1 0
0.62576 -0.0188778 0.779787 0 0.0129929 0.999821 0.0137781 0 -0.779907 0.00150993 0.625893 0 -561.386 -3.27481 482.284 1 1
0.636893 -0.0162406 0.770781 0 0.013168 0.999861 0.0101867 0 -0.77084 0.0036618 0.637019 0 -547.503 -6.24301 521.219 1 1
0.636893 -0.0162406 0.770781 0 0.013168 0.999861 0.0101867 0 -0.77084 0.0036618 0.637019 0 -547.503 -6.24301 521.219 1 2
0.636893 -0.0162406 0.770781 0 0.013168 0.999861 0.0101867 0 -0.77084 0.0036618 0.637019 0 -547.503 -6.24301 521.219 1 2
0.636893 -0.0162406 0.770781 0 0.013168 0.999861 0.0101867 0 -0.77084 0.0036618 0.637019 0 -547.503 -6.24301 521.219 1 2
0.636893 -0.0162406 0.770781 0 0.013168 0.999861 0.0101867 0 -0.77084 0.0036618 0.637019 0 -547.503 -6.24301 521.219 1 2
0.636893 -0.0162406 0.770781 0 0.013168 0.999861 0.0101867 0 -0.77084 0.0036618 0.637019 0 -547.503 -6.24301 521.219 1 2
0.636893 -0.0162406 0.770781 0 0.013168 0.999861 0.0101867 0 -0.77084 0.0036618 0.637019 0 -547.503 -6.24301 521.219 1 2
0.636893 -0.0162406 0.770781 0 0.013168 0.999861 0.0101867 0 -0.77084 0.0036618 0.637019 0 -547.503 -6.24301 521.219 1 2
0.636893 -0.0162406 0.770781 0 0.013168 0.999861 0.0101867 0 -0.77084 0.0036618 0.637019 0 -547.503 -6.24301 521.219 1 2
0.636893 -0.0162406 0.770781 0 0.013168 0.999861 0.0101867 0 -0.77084 0.0036618 0.637019 0 -547.503 -6.24301 521.219 1 2
0.636893 -0.0162406 0.770781 0 0.013168 0.999861 0.0101867 0 -0.77084 0.0036618 0.637019 0 -547.503 -6.24301 521.219 1 2
0.636893 -0.0162406 0.770781 0 0.013168 0.999861 0.0101867 0 -0.77084 0.0036618 0.637019 0 -547.503 -6.24301 521.219 1 2
0.636893 -0.0162406 0.770781 0 0.013168 0.999861 0.0101867 0 -0.77084 0.0036618 0.637019 0 -547.503 -6.24301 521.219 1 2
0.636893 -0.0162406 0.770781 0 0.013168 0.999861 0.0101867 0 -0.77084 0.0036618 0.637019 0 -547.503 -6.24301 521.219 1 2
0.636893 -0.0162406 0.770781 0 0.013168 0.999861 0.0101867 0 -0.77084 0.0036618 0.637019 0 -547.503 -6.24301 521.219 1 2
0.636893 -0.0162406 0.770781 0 0.013168 0.999861 0.0101867 0 -0.77084 0.0036618 0.637019 0 -547.503 -6.24301 521.219 1 2
0.636893 -0.0162406 0.770781 0 0.013168 0.999861 0.0101867 0 -0.77084 0.0036618 0.637019 0 -547.503 -6.24301 521.219 1 2
0.636893 -0.0162406 0.770781 0 0.013168 0.999861 0.0101867 0 -0.77084 0.0036618 0.637019 0 -547.503 -6.24301 521.219 1 2
0.636893 -0.0162406 0.770781 0 0.013168 0.999861 0.0101867 0 -0.77084 0.0036618 0.637019 0 -547.503 -6.24301 521.219 1 2
0.636893 -0.0162406 0.770781 0 0.013168 0.999861 0.0101867 0 -0.77084 0.0036618 0.637019 0 -547.503 -6.24301 521.219 1 2
0.636893 -0.0162406 0.770781 0 0.013168 0.999861 0.0101867 0 -0.77084 0.0036618 0.637019 0 -547.503 -6.24301 521.219 1 2
0.636893 -0.0162406 0.770781 0 0.013168 0.999861 0.0101867 0 -0.77084 0.0036618 0.637019 0 -547.503 -6.24301 521.219 1 2
0.636893 -0.0162406 0.770781 0 0.013168 0.999861 0.0101867 0 -0.77084 0.0036618 0.637019 0 -547.503 -6.24301 521.219 1 2
0.636893 -0.0162406 0.770781 0 0.013168 0.999861 0.0101867 0 -0.77084 0.0036618 0.637019 0 -547.503 -6.24301 521.219 1 2
0.636893 -0.0162406 0.770781 0 0.013168 0.999861 0.0101867 0 -0.77084 0.0036618 0.637019 0 -547.503 -6.24301 521.219 1 2
0.636893 -0.0162406 0.770781 0 0.013168 0.999861 0.0101867 0 -0.77084 0.0036618 0.637019 0 -547.503 -6.24301 521.219 1 2
0.636893 -0.0162406 0.770781 0 0.013168 0.999861 0.0101867 0 -0.77084 0.0036618 0.637019 0 -547.503 -6.24301 521.219 1 2
0.636893 -0.0162406 0.770781 0 0.013168 0.999861 0.0101867 0 -0.77084 0.0036618 0.637019 0 -547.503 -6.24301 521.219 1 2
0.636893 -0.0162406 0.770781 0 0.013168 0.999861 0.0101867 0 -0.77084 0.0036618 0.637019 0 -547.503 -6.24301 521.219 1 2
0.636893 -0.0162406 0.770781 0 0.013168 0.999861 0.0101867 0 -0.77084 0.0036618 0.637019 0 -547.503 -6.24301 521.219 1 2
0.636893 -0.0162406 0.770781 0 0.013168 0.999861 0.0101867 0 -0.77084 0.0036618 0.637019 0 -547.503 -6.24301 521.219 1 2
0.636893 -0.0162406 0.770781 0 0.013168 0.999861 0.0101867 0 -0.77084 0.0036618 0.637019 0 -547.503 -6.24301 521.219 1 2
0.636893 -0.0162406 0.770781 0 0.013168 0.999861 0.0101867 0 -0.77084 0.0036618 0.637019 0 -547.503 -6.24301 521.219 1 2
0.636893 -0.0162406 0.770781 0 0.013168 0.999861 0.0101867 0 -0.77084 0.0036618 0.637019 0 -547.503 -6.24301 521.219 1 2
0.636893 -0.0162406 0.770781 0 0.013168 0.999861 0.0101867 0 -0.77084 0.0036618 0.637019 0 -547.503 -6.24301 521.219 1 2
0.636893 -0.0162406 0.770781 0 0.013168 0.999861 0.0101867 0 -0.77084 0.0036618 0.637019 0 -547.503 -6.24301 521.219 1 2
0.636893 -0.0162406 0.770781 0 0.013168 0.999861 0.0101867 0 -0.77084 0.0036618 0.637019 0 -547.503 -6.24301 521.219 1 2
0.636893 -0.0162406 0.770781 0 0.013168 0.999861 0.0101867 0 -0.77084 0.0036618 0.637019 0 -547.503 -6.24301 521.219 1 2
0.636893 -0.0162406 0.770781 0 0.013168 0.999861 0.0101867 0 -0.77084 0.0036618 0.637019 0 -547.503 -6.24301 521.219 1 2
0.636893 -0.0162406 0.770781 0 0.013168 0.999861 0.0101867 0 -0.77084 0.0036618 0.637019 0 -547.503 -6.24301 521.219 1 2
0.636893 -0.0162406 0.770781 0 0.013168 0.999861 0.0101867 0 -0.77084 0.0036618 0.637019 0 -547.503 -6.24301 521.219 1 2
0.636893 -0.0162406 0.770781 0 0.013168 0.999861 0.0101867 0 -0.77084 0.0036618 0.637019 0 -547.503 -6.24301 521.219 1 2
0.636893 -0.0162406 0.770781 0 0.013168 0.999861 0.0101867 0 -0.77084 0.0036618 0.637019 0 -547.503 -6.24301 521.219 1 2
0.636893 -0.0162406 0.770781 0 0.013168 0.999861 0.0101867 0 -0.77084 0.0036618 0.637019 0 -547.503 -6.24301 521.219 1 2
0.636893 -0.0162406 0.770781 0 0.013168 0.999861 0.0101867 0 -0.77084 0.0036618 0.637019 0 -547.503 -6.24301 521.219 1 2
0.636893 -0.0162406 0.770781 0 0.013168 0.999861 0.0101867 0 -0.77084 0.0036618 0.637019 0 -547.503 -6.24301 521.219 1 2
0.636893 -0.0162406 0.770781 0 0.013168 0.999861 0.0101867 0 -0.77084 0.0036618 0.637019 0 -547.503 -6.24301 521.219 1 2
0.636893 -0.0162406 0.770781 0 0.013168 0.999861 0.0101867 0 -0.77084 0.0036618 0.637019 0 -547.503 -6.24301 521.219 1 2
0.636893 -0.0162406 0.770781 0 0.013168 0.999861 0.0101867 0 -0.77084 0.0036618 0.637019 0 -547.503 -6.24301 521.219 1 2
0.636893 -0.0162406 0.770781 0 0.013168 0.999861 0.0101867 0 -0.77084 0.0036618 0.637019 0 -547.503 -6.24301 521.219 1 2
0.636893 -0.0162406 0.770781 0 0.013168 0.999861 0.0101867 0 -0.77084 0.0036618 0.637019 0 -547.503 -6.24301 521.219 1 2
0.636893 -0.0162406 0.770781 0 0.013168 0.999861 0.0101867 0 -0.77084 0.0036618 0.637019 0 -547.503 -6.24301 521.219 1 2
0.636893 -0.0162406 0.770781 0 0.013168 0.999861 0.0101867 0 -0.77084 0.0036618 0.637019 0 -547.503 -6.24301 521.219 1 2
0.636893 -0.0162406 0.770781 0 0.013168 0.999861 0.0101867 0 -0.77084 0.0036618 0.637019 0 -547.503 -6.24301 521.219 1 2
0.636893 -0.0162406 0.770781 0 0.013168 0.999861 0.0101867 0 -0.77084 0.0036618 0.637019 0 -547.503 -6.24301 521.219 1 2
0.636893 -0.0162406 0.770781 0 0.013168 0.999861 0.0101867 0 -0.77084 0.0036618 0.637019 0 -547.503 -6.24301 521.219 1 2
0.636893 -0.0162406 0.770781 0 0.013168 0.999861 0.0101867 0 -0.77084 0.0036618 0.637019 0 -547.503 -6.24301 521.219 1 2
0.636893 -0.0162406 0.770781 0 0.013168 0.999861 0.0101867 0 -0.77084 0.0036618 0.637019 0 -547.503 -6.24301 521.219 1 2
0.636893 -0.0162406 0.770781 0 0.013168 0.999861 0.0101867 0 -0.77084 0.0036618 0.637019 0 -547.503 -6.24301 521.219 1 2
0.636893 -0.0162406 0.770781 0 0.013168 0.999861 0.0101867 0 -0.77084 0.0036618 0.637019 0 -547.503 -6.24301 521.219 1 2
0.636893 -0.0162406 0.770781 0 0.013168 0.999861 0.0101867 0 -0.77084 0.0036618 0.637019 0 -547.503 -6.24301 521.219 1 2
0.636893 -0.0162406 0.770781 0 0.013168 0.999861 0.0101867 0 -0.77084 0.0036618 0.637019 0 -547.503 -6.24301 521.219 1 2
0.636893 -0.0162406 0.770781 0 0.013168 0.999861 0.0101867 0 -0.77084 0.0036618 0.637019 0 -547.503 -6.24301 521.219 1 2
0.636893 -0.0162406 0.770781 0 0.013168 0.999861 0.0101867 0 -0.77084 0.0036618 0.637019 0 -547.503 -6.24301 521.219 1 2
0.636893 -0.0162406 0.770781 0 0.013168 0.999861 0.0101867 0 -0.77084 0.0036618 0.637019 0 -547.503 -6.24301 521.219 1 2
0.636893 -0.0162406 0.770781 0 0.013168 0.999861 0.0101867 0 -0.77084 0.0036618 0.637019 0 -547.503 -6.24301 521.219 1 2
0.636893 -0.0162406 0.770781 0 0.013168 0.999861 0.0101867 0 -0.77084 0.0036618 0.637019 0 -547.503 -6.24301 521.219 1 2
0.636893 -0.0162406 0.770781 0 0.013168 0.999861 0.0101867 0 -0.77084 0.0036618 0.637019 0 -547.503 -6.24301 521.219 1 2
0.636893 -0.0162406 0.770781 0 0.013168 0.999861 0.0101867 0 -0.77084 0.0036618 0.637019 0 -547.503 -6.24301 521.219 1 2
0.636893 -0.0162406 0.770781 0 0.013168 0.999861 0.0101867 0 -0.77084 0.0036618 0.637019 0 -547.503 -6.24301 521.219 1 2
0.636893 -0.0162406 0.770781 0 0.013168 0.999861 0.0101867 0 -0.77084 0.0036618 0.637019 0 -547.503 -6.24301 521.219 1 2
0.636893 -0.0162406 0.770781 0 0.013168 0.999861 0.0101867 0 -0.77084 0.0036618 0.637019 0 -547.503 -6.24301 521.219 1 2
0.636893 -0.0162406 0.770781 0 0.013168 0.999861 0.0101867 0 -0.77084 0.0036618 0.637019 0 -547.503 -6.24301 521.219 1 2
0.636893 -0.0162406 0.770781 0 0.013168 0.999861 0.0101867 0 -0.77084 0.0036618 0.637019 0 -547.503 -6.24301 521.219 1 2
0.636893 -0.0162406 0.770781 0 0.013168 0.999861 0.0101867 0 -0.77084 0.0036618 0.637019 0 -547.503 -6.24301 521.219 1 2
0.636893 -0.0162406 0.770781 0 0.013168 0.999861 0.0101867 0 -0.77084 0.0036618 0.637019 0 -547.503 -6.24301 521.219 1 2
0.636893 -0.0162406 0.770781 0 0.013168 0.999861 0.0101867 0 -0.77084 0.0036618 0.637019 0 -547.503 -6.24301 521.219 1 2
0.636893 -0.0162406 0.770781 0 0.013168 0.999861 0.0101867 0 -0.77084 0.0036618 0.637019 0 -547.503 -6.24301 521.219 1 2
0.636893 -0.0162406 0.770781 0 0.013168 0.999861 0.0101867 0 -0.77084 0.0036618 0.637019 0 -547.503 -6.24301 521.219 1 2
0.636893 -0.0162406 0.770781 0 0.013168 0.999861 0.0101867 0 -0.77084 0.0036618 0.637019 0 -547.503 -6.24301 521.219 1 2
0.636893 -0.0162406 0.770781 0 0.013168 0.999861 0.0101867 0 -0.77084 0.0036618 0.637019 0 -547.503 -6.24301 521.219 1 2
0.636893 -0.0162406 0.770781 0 0.013168 0.999861 0.0101867 0 -0.77084 0.0036618 0.637019 0 -547.503 -6.24301 521.219 1 2
0.636893 -0.0162406 0.770781 0 0.013168 0.999861 0.0101867 0 -0.77084 0.0036618 0.637019 0 -547.503 -6.24301 521.219 1 2
0.636893 -0.0162406 0.770781 0 0.013168 0.999861 0.0101867 0 -0.77084 0.0036618 0.637019 0 -547.503 -6.24301 521.219 1 2
0.636893 -0.0162406 0.770781 0 0.013168 0.999861 0.0101867 0 -0.77084 0.0036618 0.637019 0 -547.503 -6.24301 521.219 1 2
0.636893 -0.0162406 0.770781 0 0.013168 0.999861 0.0101867 0 -0.77084 0.0036618 0.637019 0 -547.503 -6.24301 521.219 1 2
0.636893 -0.0162406 0.770781 0 0.013168 0.999861 0.0101867 0 -0.77084 0.0036618 0.637019 0 -547.503 -6.24301 521.219 1 2
0.636893 -0.0162406 0.770781 0 0.013168 0.999861 0.0101867 0 -0.77084 0.0036618 0.637019 0 -547.503 -6.24301 521.219 1 2
0.636893 -0.0162406 0.770781 0 0.013168 0.999861 0.0101867 0 -0.77084 0.0036618 0.637019 0 -547.503 -6.24301 521.219 1 2
0.636893 -0.0162406 0.770781 0 0.013168 0.999861 0.0101867 0 -0.77084 0.0036618 0.637019 0 -547.503 -6.24301 521.219 1 2
0.636893 -0.0162406 0.770781 0 0.013168 0.999861 0.0101867 0 -0.77084 0.0036618 0.637019 0 -547.503 -6.24301 521.219 1 2
0.636893 -0.0162406 0.770781 0 0.013168 0.999861 0.0101867 0 -0.77084 0.0036618 0.637019 0 -547.503 -6.24301 521.219 1 2
0.636893 -0.0162406 0.770781 0 0.013168 0.999861 0.0101867 0 -0.77084 0.0036618 0.637019 0 -547.503 -6.24301 521.219 1 2
0.636893 -0.0162406 0.770781 0 0.013168 0.999861 0.0101867 0 -0.77084 0.0036618 0.637019 0 -547.503 -6.24301 521.219 1 2
0.636893 -0.0162406 0.770781 0 0.013168 0.999861 0.0101867 0 -0.77084 0.0036618 0.637019 0 -547.503 -6.24301 521.219 1 2
0.636893 -0.0162406 0.770781 0 0.013168 0.999861 0.0101867 0 -0.77084 0.0036618 0.637019 0 -547.503 -6.24301 521.219 1 2
0.636893 -0.0162406 0.770781 0 0.013168 0.999861 0.0101867 0 -0.77084 0.0036618 0.637019 0 -547.503 -6.24301 521.219 1 2
0.636893 -0.0162406 0.770781 0 0.013168 0.999861 0.0101867 0 -0.77084 0.0036618 0.637019 0 -547.503 -6.24301 521.219 1 2
0.636893 -0.0162406 0.770781 0 0.013168 0.999861 0.0101867 0 -0.77084 0.0036618 0.637019 0 -547.503 -6.24301 521.219 1 2
0.636893 -0.0162406 0.770781 0 0.013168 0.999861 0.0101867 0 -0.77084 0.0036618 0.637019 0 -547.503 -6.24301 521.219 1 2
0.636893 -0.0162406 0.770781 0 0.013168 0.999861 0.0101867 0 -0.77084 0.0036618 0.637019 0 -547.503 -6.24301 521.219 1 2
0.636893 -0.0162406 0.770781 0 0.013168 0.999861 0.0101867 0 -0.77084 0.0036618 0.637019 0 -547.503 -6.24301 521.219 1 2
0.636893 -0.0162406 0.770781 0 0.013168 0.999861 0.0101867 0 -0.77084 0.0036618 0.637019 0 -547.503 -6.24301 521.219 1 2
0.636893 -0.0162406 0.770781 0 0.013168 0.999861 0.0101867 0 -0.77084 0.0036618 0.637019 0 -547.503 -6.24301 521.219 1 2
0.636893 -0.0162406 0.770781 0 0.013168 0.999861 0.0101867 0 -0.77084 0.0036618 0.637019 0 -547.503 -6.24301 521.219 1 2
0.636893 -0.0162406 0.770781 0 0.013168 0.999861 0.0101867 0 -0.77084 0.0036618 0.637019 0 -547.503 -6.24301 521.219 1 2
0.636893 -0.0162406 0.770781 0 0.013168 0.999861 0.0101867 0 -0.77084 0.0036618 0.637019 0 -547.503 -6.24301 521.219 1 2
0.636893 -0.0162406 0.770781 0 0.013168 0.999861 0.0101867 0 -0.77084 0.0036618 0.637019 0 -547.503 -6.24301 521.219 1 2
0.636893 -0.0162406 0.770781 0 0.013168 0.999861 0.0101867 0 -0.77084 0.0036618 0.637019 0 -547.503 -6.24301 521.219 1 2
0.636893 -0.0162406 0.770781 0 0.013168 0.999861 0.0101867 0 -0.77084 0.0036618 0.637019 0 -547.503 -6.24301 521.219 1 2
0.636893 -0.0162406 0.770781 0 0.013168 0.999861 0.0101867 0 -0.77084 0.0036618 0.637019 0 -547.503 -6.24301 521.219 1 2
0.636893 -0.0162406 0.770781 0 0.013168 0.999861 0.0101867 0 -0.77084 0.0036618 0.637019 0 -547.503 -6.24301 521.219 1 2
0.636893 -0.0162406 0.770781 0 0.013168 0.999861 0.0101867 0 -0.77084 0.0036618 0.637019 0 -547.503 -6.24301 521.219 1 2
0.636893 -0.0162406 0.770781 0 0.013168 0.999861 0.0101867 0 -0.77084 0.0036618 0.637019 0 -547.503 -6.24301 521.219 1 2
0.636893 -0.0162406 0.770781 0 0.013168 0.999861 0.0101867 0 -0.77084 0.0036618 0.637019 0 -547.503 -6.24301 521.219 1 2
0.636917 -0.0184829 0.770711 0 0.0141469 0.999824 0.0122864 0 -0.770803 0.00307778 0.637067 0 -548.132 -8.3987 520.51 1 3
0.636388 -0.0199033 0.771113 0 0.0148669 0.999798 0.0135365 0 -0.771226 0.0028496 0.636555 0 -547.738 -9.14186 520.196 1 3
0.636095 -0.0205053 0.771338 0 0.0148162 0.999787 0.0143599 0 -0.771469 0.00229407 0.636263 0 -547.186 -9.84407 519.846 1 3
0.636719 -0.0195726 0.770848 0 0.0129697 0.999808 0.0146732 0 -0.770987 0.000654975 0.63685 0 -547.974 -11.071 520.181 1 3
0.637052 -0.0186232 0.770596 0 0.011199 0.999826 0.014905 0 -0.770739 -0.00086537 0.63715 0 -548.406 -12.1462 520.216 1 3
0.637354 -0.0174001 0.770375 0 0.00929832 0.999846 0.0148902 0 -0.770515 -0.00232717 0.637418 0 -548.414 -13.0615 520.305 1 3
0.637603 -0.0160041 0.770199 0 0.00734409 0.999865 0.0146966 0 -0.77033 -0.00371418 0.637635 0 -548.119 -13.9319 520.409 1 3
0.637744 -0.0146701 0.770109 0 0.00546717 0.99988 0.0145196 0 -0.770229 -0.0050495 0.637747 0 -547.656 -14.8108 520.425 1 3
0.637986 -0.0136182 0.769927 0 0.00361392 0.999886 0.014691 0 -0.770039 -0.00659019 0.637962 0 -547.229 -15.7042 520.572 1 3
0.638106 -0.0125179 0.769847 0 0.0017202 0.999889 0.0148327 0 -0.769947 -0.00814051 0.638056 0 -546.786 -16.6164 520.517 1 3
0.638186 -0.0111755 0.769801 0 -0.000165904 0.999893 0.0146533 0 -0.769882 -0.00947927 0.638116 0 -546.301 -17.4566 520.538 1 3
0.638307 -0.00978638 0.76972 0 -0.00222769 0.999892 0.0145602 0 -0.769779 -0.0110086 0.638216 0 -545.588 -18.5237 520.65 1 3
0.638507 -0.00824107 0.769572 0 -0.00436842 0.999888 0.0143319 0 -0.769603 -0.0125128 0.6384 0 -544.816 -19.6531 520.839 1 3
0.638773 -0.00666602 0.769366 0 -0.006638 0.999878 0.0141745 0 -0.769367 -0.0141613 0.638651 0 -543.947 -20.827 521.074 1 3
0.639035 -0.00534544 0.769159 0 -0.00864645 0.999863 0.0141324 0 -0.769129 -0.0156816 0.638901 0 -543.055 -21.8486 521.308 1 3
0.639285 -0.00448638 0.768957 0 -0.0101024 0.999848 0.0142323 0 -0.768904 -0.0168668 0.639142 0 -542.284 -22.5256 521.581 1 3
0.639535 -0.00418529 0.768751 0 -0.0109053 0.999835 0.0145157 0 -0.768685 -0.0176668 0.639384 0 -541.336 -22.8675 521.54 1 3
0.639808 -0.00388887 0.768525 0 -0.0112937 0.999832 0.0144615 0 -0.768452 -0.017932 0.639656 0 -540.562 -22.8694 521.564 1 3
0.640187 -0.00367168 0.76821 0 -0.0112865 0.999836 0.0141844 0 -0.768136 -0.0177511 0.64004 0 -539.879 -22.5597 521.717 1 3
0.640748 -0.00423425 0.76774 0 -0.0104318 0.999844 0.0142207 0 -0.76768 -0.0171208 0.640604 0 -539.362 -21.6946 521.834 1 3
0.641374 -0.00463608 0.767214 0 -0.0087446 0.999873 0.0133523 0 -0.767178 -0.0152728 0.641252 0 -539.267 -20.5231 522.148 1 3
0.642033 -0.00562813 0.766656 0 -0.00668 0.999894 0.0129345 0 -0.766647 -0.0134256 0.641928 0 -539.382 -19.3491 522.545 1 3
0.642646 -0.00691306 0.766132 0 -0.00431504 0.999911 0.0126421 0 -0.766152 -0.0114303 0.642558 0 -539.464 -18.201 522.84 1 3
0.643302 -0.00792683 0.765571 0 -0.00205646 0.999925 0.0120814 0 -0.76561 -0.00934635 0.643238 0 -539.604 -17.0916 523.154 1 3
0.64397 -0.00883446 0.765 0 -9.3664e-05 0.999932 0.0116264 0 -0.765051 -0.00755869 0.643925 0 -539.622 -16.1786 523.395 1 3
0.644349 -0.00950266 0.764673 0 0.00140725 0.999936 0.0112405 0 -0.76473 -0.00616671 0.644321 0 -539.806 -15.5222 523.388 1 3
0.644598 -0.0101237 0.764455 0 0.00279517 0.999937 0.0108852 0 -0.764516 -0.00487981 0.644586 0 -540.059 -14.8542 523.495 1 3
0.644717 -0.010783 0.764345 0 0.00386381 0.999934 0.0108474 0 -0.764411 -0.00404025 0.644716 0 -540.32 -14.5171 523.401 1 3
0.644904 -0.0114362 0.764178 0 0.00470793 0.999929 0.0109911 0 -0.764249 -0.00349052 0.644911 0 -540.428 -14.409 523.363 1 3
0.644948 -0.0120309 0.764132 0 0.00545145 0.999923 0.0111422 0 -0.764207 -0.00302051 0.644964 0 -540.703 -14.4352 523.273 1 3
0.644924 -0.012383 0.764147 0 0.00600464 0.99992 0.011136 0 -0.764223 -0.00259343 0.644946 0 -540.975 -14.4155 523.129 1 3
0.644928 -0.0126339 0.764139 0 0.00631982 0.999917 0.0111983 0 -0.764217 -0.00239289 0.644955 0 -541.139 -14.4391 522.916 1 3
0.644882 -0.01278 0.764175 0 0.00646907 0.999916 0.0112633 0 -0.764255 -0.00231997 0.64491 0 -541.197 -14.5894 522.65 1 3
0.644848 -0.0128735 0.764202 0 0.00652549 0.999914 0.0113379 0 -0.764283 -0.00232442 0.644877 0 -541.182 -14.7408 522.373 1 3
0.644843 -0.0129434 0.764205 0 0.00661601 0.999914 0.011353 0 -0.764286 -0.00226489 0.644873 0 -541.074 -14.8129 522.163 1 3
0.644806 -0.0128172 0.764239 0 0.00677717 0.999916 0.0110517 0 -0.764316 -0.00194681 0.644839 0 -541.067 -14.7779 522.647 1 3
0.64476 -0.0126908 0.76428 0 0.00678129 0.999918 0.0108828 0 -0.764355 -0.00183398 0.644793 0 -541.024 -14.8092 523.021 1 3
0.644722 -0.0125835 0.764314 0 0.00679766 0.999919 0.0107285 0 -0.764387 -0.00172134 0.644755 0 -540.898 -14.8055 523.292 1 3
0.644698 -0.0124391 0.764336 0 0.00678387 0.999921 0.0105511 0 -0.764407 -0.00161712 0.644732 0 -540.854 -14.7738 523.508 1 3
0.644649 -0.0123506 0.764379 0 0.00678179 0.999923 0.0104369 0 -0.764448 -0.00154427 0.644683 0 -540.854 -14.746 523.728 1 3
0.64458 -0.0123205 0.764437 0 0.00677768 0.999923 0.0104009 0 -0.764507 -0.0015231 0.644614 0 -540.831 -14.7421 523.86 1 3
0.64465 -0.0124278 0.764377 0 0.00660428 0.999921 0.0106877 0 -0.764449 -0.00184164 0.644681 0 -540.914 -14.871 523.886 1 3
0.644361 -0.0125353 0.764619 0 0.00658436 0.99992 0.0108441 0 -0.764693 -0.00195298 0.644392 0 -541.113 -14.9353 523.776 1 3
0.64419 -0.0126537 0.764761 0 0.00657514 0.999918 0.0110061 0 -0.764837 -0.00206161 0.64422 0 -541.246 -15.0077 523.643 1 3
0.644024 -0.0127613 0.764899 0 0.00660185 0.999916 0.0111237 0 -0.764977 -0.00211418 0.644054 0 -541.337 -15.0709 523.535 1 3
0.643874 -0.0128115 0.765024 0 0.0066096 0.999916 0.0111822 0 -0.765103 -0.00214343 0.643905 0 -541.332 -15.1119 523.435 1 3
0.643759 -0.0129261 0.765119 0 0.00667122 0.999914 0.0112797 0 -0.765199 -0.00215712 0.64379 0 -541.33 -15.1391 523.369 1 3
0.643674 -0.0129787 0.76519 0 0.00670566 0.999913 0.0113192 0 -0.76527 -0.00215477 0.643705 0 -541.288 -15.1487 523.382 1 3
0.643617 -0.0129889 0.765238 0 0.00672609 0.999913 0.0113151 0 -0.765319 -0.00213553 0.643648 0 -541.236 -15.1371 523.384 1 3
0.643538 -0.0130156 0.765304 0 0.00675251 0.999913 0.0113275 0 -0.765385 -0.00212198 0.64357 0 -541.202 -15.1337 523.408 1 3
