0.667651 0 -0.744475 0 0 1 0 0 0.744475 0 0.667651 0 -3053.14 0 -2428.12 1 0
0.667651 0 -0.744475 0 0 1 0 0 0.744475 0 0.667651 0 -3053.14 0 -2428.12 1 0
0.667651 0 -0.744475 0 0 1 0 0 0.744475 0 0.667651 0 -3053.14 0 -2428.12 1 0
0.667651 0 -0.744475 0 0 1 0 0 0.744475 0 0.667651 0 -3053.14 0 -2428.12 1 0
0.667651 0 -0.744475 0 0 1 0 0 0.744475 0 0.667651 0 -3053.14 0 -2428.12 1 0
0.667651 0 -0.744475 0 0 1 0 0 0.744475 0 0.667651 0 -3053.14 0 -2428.12 1 0
0.667651 0 -0.744475 0 0 1 0 0 0.744475 0 0.667651 0 -3053.14 0 -2428.12 1 0
0.667651 0 -0.744475 0 0 1 0 0 0.744475 0 0.667651 0 -3053.14 0 -2428.12 1 0
0.667651 0 -0.744475 0 0 1 0 0 0.744475 0 0.667651 0 -3053.14 0 -2428.12 1 0
0.667651 0 -0.744475 0 0 1 0 0 0.744475 0 0.667651 0 -3053.14 0 -2428.12 1 0
0.667651 0 -0.744475 0 0 1 0 0 0.744475 0 0.667651 0 -3053.14 0 -2428.12 1 0
0.667651 0 -0.744475 0 0 1 0 0 0.744475 0 0.667651 0 -3053.14 0 -2428.12 1 0
0.667651 0 -0.744475 0 0 1 0 0 0.744475 0 0.667651 0 -3053.14 0 -2428.12 1 0
0.667651 0 -0.744475 0 0 1 0 0 0.744475 0 0.667651 0 -3053.14 0 -2428.12 1 0
0.667651 0 -0.744475 0 0 1 0 0 0.744475 0 0.667651 0 -3053.14 0 -2428.12 1 0
0.667651 0 -0.744475 0 0 1 0 0 0.744475 0 0.667651 0 -3053.14 0 -2428.12 1 0
0.667651 0 -0.744475 0 0 1 0 0 0.744475 0 0.667651 0 -3053.14 0 -2428.12 1 0
0.667651 0 -0.744475 0 0 1 0 0 0.744475 0 0.667651 0 -3053.14 0 -2428.12 1 0
0.667651 0 -0.744475 0 0 1 0 0 0.744475 0 0.667651 0 -3053.14 0 -2428.12 1 0
0.667651 0 -0.744475 0 0 1 0 0 0.744475 0 0.667651 0 -3053.14 0 -2428.12 1 0
0.667651 0 -0.744475 0 0 1 0 0 0.744475 0 0.667651 0 -3053.14 0 -2428.12 1 0
0.667651 0 -0.744475 0 0 1 0 0 0.744475 0 0.667651 0 -3053.14 0 -2428.12 1 0
0.667651 0 -0.744475 0 0 1 0 0 0.744475 0 0.667651 0 -3053.14 0 -2428.12 1 0
0.667651 0 -0.744475 0 0 1 0 0 0.744475 0 0.667651 0 -3053.14 0 -2428.12 1 0
0.667651 0 -0.744475 0 0 1 0 0 0.744475 0 0.667651 0 -3053.14 0 -2428.12 1 0
0.667651 0 -0.744475 0 0 1 0 0 0.744475 0 0.667651 0 -3053.14 0 -2428.12 1 0
0.667651 0 -0.744475 0 0 1 0 0 0.744475 0 0.667651 0 -3053.14 0 -2428.12 1 0
0.667651 0 -0.744475 0 0 1 0 0 0.744475 0 0.667651 0 -3053.14 0 -2428.12 1 0
0.667651 0 -0.744475 0 0 1 0 0 0.744475 0 0.667651 0 -3053.14 0 -2428.12 1 0
0.667651 0 -0.744475 0 0 1 0 0 0.744475 0 0.667651 0 -3053.14 0 -2428.12 1 0
0.667651 0 -0.744475 0 0 1 0 0 0.744475 0 0.667651 0 -3053.14 0 -2428.12 1 0
0.667651 0 -0.744475 0 0 1 0 0 0.744475 0 0.667651 0 -3053.14 0 -2428.12 1 0
0.667651 0 -0.744475 0 0 1 0 0 0.744475 0 0.667651 0 -3053.14 0 -2428.12 1 0
0.667651 0 -0.744475 0 0 1 0 0 0.744475 0 0.667651 0 -3053.14 0 -2428.12 1 0
0.667651 0 -0.744475 0 0 1 0 0 0.744475 0 0.667651 0 -3053.14 0 -2428.12 1 0
0.667651 0 -0.744475 0 0 1 0 0 0.744475 0 0.667651 0 -3053.14 0 -2428.12 1 0
0.667651 0 -0.744475 0 0 1 0 0 0.744475 0 0.667651 0 -3053.14 0 -2428.12 1 0
0.667651 0 -0.744475 0 0 1 0 0 0.744475 0 0.667651 0 -3053.14 0 -2428.12 1 0
0.667651 0 -0.744475 0 0 1 0 0 0.744475 0 0.667651 0 -3053.14 0 -2428.12 1 0
0.667651 0 -0.744475 0 0 1 0 0 0.744475 0 0.667651 0 -3053.14 0 -2428.12 1 0
0.667651 0 -0.744475 0 0 1 0 0 0.744475 0 0.667651 0 -3053.14 0 -2428.12 1 0
0.667651 0 -0.744475 0 0 1 0 0 0.744475 0 0.667651 0 -3053.14 0 -2428.12 1 0
0.667651 0 -0.744475 0 0 1 0 0 0.744475 0 0.667651 0 -3053.14 0 -2428.12 1 0
0.667651 0 -0.744475 0 0 1 0 0 0.744475 0 0.667651 0 -3053.14 0 -2428.12 1 0
0.667651 0 -0.744475 0 0 1 0 0 0.744475 0 0.667651 0 -3053.14 0 -2428.12 1 0
0.667651 0 -0.744475 0 0 1 0 0 0.744475 0 0.667651 0 -3053.14 0 -2428.12 1 0
0.667651 0 -0.744475 0 0 1 0 0 0.744475 0 0.667651 0 -3053.14 0 -2428.12 1 0
0.667651 0 -0.744475 0 0 1 0 0 0.744475 0 0.667651 0 -3053.14 0 -2428.12 1 0
0.667651 0 -0.744475 0 0 1 0 0 0.744475 0 0.667651 0 -3053.14 0 -2428.12 1 0
0.667651 0 -0.744475 0 0 1 0 0 0.744475 0 0.667651 0 -3053.14 0 -2428.12 1 0
0.667651 0 -0.744475 0 0 1 0 0 0.744475 0 0.667651 0 -3053.14 0 -2428.12 1 0
0.667651 0 -0.744475 0 0 1 0 0 0.744475 0 0.667651 0 -3053.14 0 -2428.12 1 0
0.667651 0 -0.744475 0 0 1 0 0 0.744475 0 0.667651 0 -3053.14 0 -2428.12 1 0
0.667651 0 -0.744475 0 0 1 0 0 0.744475 0 0.667651 0 -3053.14 0 -2428.12 1 0
0.667651 0 -0.744475 0 0 1 0 0 0.744475 0 0.667651 0 -3053.14 0 -2428.12 1 0
0.667651 0 -0.744475 0 0 1 0 0 0.744475 0 0.667651 0 -3053.14 0 -2428.12 1 0
0.667651 0 -0.744475 0 0 1 0 0 0.744475 0 0.667651 0 -3053.14 0 -2428.12 1 0
0.667651 0 -0.744475 0 0 1 0 0 0.744475 0 0.667651 0 -3053.14 0 -2428.12 1 0
0.667651 0 -0.744475 0 0 1 0 0 0.744475 0 0.667651 0 -3053.14 0 -2428.12 1 0
0.667651 0 -0.744475 0 0 1 0 0 0.744475 0 0.667651 0 -3053.14 0 -2428.12 1 0
0.667651 0 -0.744475 0 0 1 0 0 0.744475 0 0.667651 0 -3053.14 0 -2428.12 1 0
0.667651 0 -0.744475 0 0 1 0 0 0.744475 0 0.667651 0 -3053.14 0 -2428.12 1 0
0.667651 0 -0.744475 0 0 1 0 0 0.744475 0 0.667651 0 -3053.14 0 -2428.12 1 0
0.667651 0 -0.744475 0 0 1 0 0 0.744475 0 0.667651 0 -3053.14 0 -2428.12 1 0
0.667651 0 -0.744475 0 0 1 0 0 0.744475 0 0.667651 0 -3053.14 0 -2428.12 1 0
0.667651 0 -0.744475 0 0 1 0 0 0.744475 0 0.667651 0 -3053.14 0 -2428.12 1 0
0.667651 0 -0.744475 0 0 1 0 0 0.744475 0 0.667651 0 -3053.14 0 -2428.12 1 0
0.667651 0 -0.744475 0 0 1 0 0 0.744475 0 0.667651 0 -3053.14 0 -2428.12 1 0
0.667651 0 -0.744475 0 0 1 0 0 0.744475 0 0.667651 0 -3053.14 0 -2428.12 1 0
0.667651 0 -0.744475 0 0 1 0 0 0.744475 0 0.667651 0 -3053.14 0 -2428.12 1 0
0.667651 0 -0.744475 0 0 1 0 0 0.744475 0 0.667651 0 -3053.14 0 -2428.12 1 0
0.667651 0 -0.744475 0 0 1 0 0 0.744475 0 0.667651 0 -3053.14 0 -2428.12 1 0
0.667651 0 -0.744475 0 0 1 0 0 0.744475 0 0.667651 0 -3053.14 0 -2428.12 1 0
0.667651 0 -0.744475 0 0 1 0 0 0.744475 0 0.667651 0 -3053.14 0 -2428.12 1 0
0.667651 0 -0.744475 0 0 1 0 0 0.744475 0 0.667651 0 -3053.14 0 -2428.12 1 0
0.667651 0 -0.744475 0 0 1 0 0 0.744475 0 0.667651 0 -3053.14 0 -2428.12 1 0
0.667651 0 -0.744475 0 0 1 0 0 0.744475 0 0.667651 0 -3053.14 0 -2428.12 1 0
0.667651 0 -0.744475 0 0 1 0 0 0.744475 0 0.667651 0 -3053.14 0 -2428.12 1 0
0.667651 0 -0.744475 0 0 1 0 0 0.744475 0 0.667651 0 -3053.14 0 -2428.12 1 0
0.667651 0 -0.744475 0 0 1 0 0 0.744475 0 0.667651 0 -3053.14 0 -2428.12 1 0
0.667651 0 -0.744475 0 0 1 0 0 0.744475 0 0.667651 0 -3053.14 0 -2428.12 1 0
0.667651 0 -0.744475 0 0 1 0 0 0.744475 0 0.667651 0 -3053.14 0 -2428.12 1 0
0.667651 0 -0.744475 0 0 1 0 0 0.744475 0 0.667651 0 -3053.14 0 -2428.12 1 0
0.667651 0 -0.744475 0 0 1 0 0 0.744475 0 0.667651 0 -3053.14 0 -2428.12 1 0
0.667651 0 -0.744475 0 0 1 0 0 0.744475 0 0.667651 0 -3053.14 0 -2428.12 1 0
0.667651 0 -0.744475 0 0 1 0 0 0.744475 0 0.667651 0 -3053.14 0 -2428.12 1 0
0.667651 0 -0.744475 0 0 1 0 0 0.744475 0 0.667651 0 -3053.14 0 -2428.12 1 0
0.667651 0 -0.744475 0 0 1 0 0 0.744475 0 0.667651 0 -3053.14 0 -2428.12 1 0
0.667651 0 -0.744475 0 0 1 0 0 0.744475 0 0.667651 0 -3053.14 0 -2428.12 1 0
0.667651 0 -0.744475 0 0 1 0 0 0.744475 0 0.667651 0 -3053.14 0 -2428.12 1 0
0.667651 0 -0.744475 0 0 1 0 0 0.744475 0 0.667651 0 -3053.14 0 -2428.12 1 0
0.667651 0 -0.744475 0 0 1 0 0 0.744475 0 0.667651 0 -3053.14 0 -2428.12 1 0
0.577985 0.096003 -0.810381 0 -0.0117295 0.993931 0.109382 0 0.815963 -0.0537156 0.575603 0 -3999.83 328.41 -1148.5 1 1
0.573772 0.0973679 -0.813207 0 -0.0121743 0.993812 0.110403 0 0.818925 -0.0534456 0.571407 0 -3942.75 337.183 -1201.28 1 1
0.573772 0.0973679 -0.813207 0 -0.0121743 0.993812 0.110403 0 0.818925 -0.0534456 0.571407 0 -3942.75 337.183 -1201.28 1 2
0.573772 0.0973679 -0.813207 0 -0.0121743 0.993812 0.110403 0 0.818925 -0.0534456 0.571407 0 -3942.75 337.183 -1201.28 1 2
0.573772 0.0973679 -0.813207 0 -0.0121743 0.993812 0.110403 0 0.818925 -0.0534456 0.571407 0 -3942.75 337.183 -1201.28 1 2
0.573772 0.0973679 -0.813207 0 -0.0121743 0.993812 0.110403 0 0.818925 -0.0534456 0.571407 0 -3942.75 337.183 -1201.28 1 2
0.573772 0.0973679 -0.813207 0 -0.0121743 0.993812 0.110403 0 0.818925 -0.0534456 0.571407 0 -3942.75 337.183 -1201.28 1 2
0.573772 0.0973679 -0.813207 0 -0.0121743 0.993812 0.110403 0 0.818925 -0.0534456 0.571407 0 -3942.75 337.183 -1201.28 1 2
0.573772 0.0973679 -0.813207 0 -0.0121743 0.993812 0.110403 0 0.818925 -0.0534456 0.571407 0 -3942.75 337.183 -1201.28 1 2
0.573772 0.0973679 -0.813207 0 -0.0121743 0.993812 0.110403 0 0.818925 -0.0534456 0.571407 0 -3942.75 337.183 -1201.28 1 2
0.573772 0.0973679 -0.813207 0 -0.0121743 0.993812 0.110403 0 0.818925 -0.0534456 0.571407 0 -3942.75 337.183 -1201.28 1 2
0.573772 0.0973679 -0.813207 0 -0.0121743 0.993812 0.110403 0 0.818925 -0.0534456 0.571407 0 -3942.75 337.183 -1201.28 1 2
0.573772 0.0973679 -0.813207 0 -0.0121743 0.993812 0.110403 0 0.818925 -0.0534456 0.571407 0 -3942.75 337.183 -1201.28 1 2
0.573772 0.0973679 -0.813207 0 -0.0121743 0.993812 0.110403 0 0.818925 -0.0534456 0.571407 0 -3942.75 337.183 -1201.28 1 2
0.573772 0.0973679 -0.813207 0 -0.0121743 0.993812 0.110403 0 0.818925 -0.0534456 0.571407 0 -3942.75 337.183 -1201.28 1 2
0.573772 0.0973679 -0.813207 0 -0.0121743 0.993812 0.110403 0 0.818925 -0.0534456 0.571407 0 -3942.75 337.183 -1201.28 1 2
0.573772 0.0973679 -0.813207 0 -0.0121743 0.993812 0.110403 0 0.818925 -0.0534456 0.571407 0 -3942.75 337.183 -1201.28 1 2
0.573772 0.0973679 -0.813207 0 -0.0121743 0.993812 0.110403 0 0.818925 -0.0534456 0.571407 0 -3942.75 337.183 -1201.28 1 2
0.573772 0.0973679 -0.813207 0 -0.0121743 0.993812 0.110403 0 0.818925 -0.0534456 0.571407 0 -3942.75 337.183 -1201.28 1 2
0.573772 0.0973679 -0.813207 0 -0.0121743 0.993812 0.110403 0 0.818925 -0.0534456 0.571407 0 -3942.75 337.183 -1201.28 1 2
0.573772 0.0973679 -0.813207 0 -0.0121743 0.993812 0.110403 0 0.818925 -0.0534456 0.571407 0 -3942.75 337.183 -1201.28 1 2
0.573772 0.0973679 -0.813207 0 -0.0121743 0.993812 0.110403 0 0.818925 -0.0534456 0.571407 0 -3942.75 337.183 -1201.28 1 2
0.573772 0.0973679 -0.813207 0 -0.0121743 0.993812 0.110403 0 0.818925 -0.0534456 0.571407 0 -3942.75 337.183 -1201.28 1 2
0.573772 0.0973679 -0.813207 0 -0.0121743 0.993812 0.110403 0 0.818925 -0.0534456 0.571407 0 -3942.75 337.183 -1201.28 1 2
0.573772 0.0973679 -0.813207 0 -0.0121743 0.993812 0.110403 0 0.818925 -0.0534456 0.571407 0 -3942.75 337.183 -1201.28 1 2
0.573772 0.0973679 -0.813207 0 -0.0121743 0.993812 0.110403 0 0.818925 -0.0534456 0.571407 0 -3942.75 337.183 -1201.28 1 2
0.573772 0.0973679 -0.813207 0 -0.0121743 0.993812 0.110403 0 0.818925 -0.0534456 0.571407 0 -3942.75 337.183 -1201.28 1 2
0.573772 0.0973679 -0.813207 0 -0.0121743 0.993812 0.110403 0 0.818925 -0.0534456 0.571407 0 -3942.75 337.183 -1201.28 1 2
0.573772 0.0973679 -0.813207 0 -0.0121743 0.993812 0.110403 0 0.818925 -0.0534456 0.571407 0 -3942.75 337.183 -1201.28 1 2
0.573772 0.0973679 -0.813207 0 -0.0121743 0.993812 0.110403 0 0.818925 -0.0534456 0.571407 0 -3942.75 337.183 -1201.28 1 2
0.573772 0.0973679 -0.813207 0 -0.0121743 0.993812 0.110403 0 0.818925 -0.0534456 0.571407 0 -3942.75 337.183 -1201.28 1 2
0.573772 0.0973679 -0.813207 0 -0.0121743 0.993812 0.110403 0 0.818925 -0.0534456 0.571407 0 -3942.75 337.183 -1201.28 1 2
0.573772 0.0973679 -0.813207 0 -0.0121743 0.993812 0.110403 0 0.818925 -0.0534456 0.571407 0 -3942.75 337.183 -1201.28 1 2
0.573772 0.0973679 -0.813207 0 -0.0121743 0.993812 0.110403 0 0.818925 -0.0534456 0.571407 0 -3942.75 337.183 -1201.28 1 2
0.573772 0.0973679 -0.813207 0 -0.0121743 0.993812 0.110403 0 0.818925 -0.0534456 0.571407 0 -3942.75 337.183 -1201.28 1 2
0.573772 0.0973679 -0.813207 0 -0.0121743 0.993812 0.110403 0 0.818925 -0.0534456 0.571407 0 -3942.75 337.183 -1201.28 1 2
0.570011 0.113953 -0.813697 0 -0.0178328 0.991818 0.126405 0 0.821443 -0.0575418 0.56738 0 -3942.7 340.036 -1211.19 1 3
0.567233 0.126599 -0.813768 0 -0.0214355 0.990049 0.139081 0 0.823278 -0.061448 0.564302 0 -3944.11 340.33 -1221.58 1 3
0.564971 0.137716 -0.813537 0 -0.0240022 0.988299 0.150632 0 0.824762 -0.0655759 0.561666 0 -3946.17 337.364 -1230.82 1 3
0.562743 0.148614 -0.813163 0 -0.0263162 0.986429 0.162068 0 0.826213 -0.0698035 0.559017 0 -3948.02 329.542 -1237.69 1 3
0.561006 0.157585 -0.812674 0 -0.0282079 0.984783 0.171486 0 0.827331 -0.0732809 0.556914 0 -3950.18 318.853 -1242.84 1 3
0.559231 0.16439 -0.81255 0 -0.0306645 0.983573 0.177886 0 0.828445 -0.074563 0.555085 0 -3952.71 303.711 -1246.21 1 3
0.557461 0.169462 -0.812724 0 -0.0336958 0.982757 0.181803 0 0.829519 -0.0739628 0.553559 0 -3955.41 282.659 -1248.36 1 3
0.555783 0.173474 -0.813026 0 -0.0372071 0.982197 0.184134 0 0.830494 -0.0720884 0.552343 0 -3958.07 258.231 -1249.98 1 3
0.554204 0.176278 -0.813501 0 -0.0406779 0.981886 0.185053 0 0.831386 -0.0694659 0.551336 0 -3960.54 232.187 -1251.13 1 3
0.552691 0.178673 -0.814008 0 -0.0443737 0.981671 0.185346 0 0.832204 -0.0663184 0.550489 0 -3962.82 205.409 -1251.81 1 3
0.551178 0.18042 -0.814648 0 -0.0480305 0.981584 0.184895 0 0.833004 -0.0627821 0.549693 0 -3965.35 177.905 -1251.72 1 3
0.54966 0.181752 -0.815377 0 -0.0516998 0.981576 0.183947 0 0.833787 -0.0589534 0.548929 0 -3967.85 148.633 -1250.61 1 3
0.547955 0.182301 -0.816401 0 -0.0555301 0.981739 0.18195 0 0.834662 -0.0543655 0.548072 0 -3970.47 115.733 -1247.67 1 3
0.546161 0.182406 -0.81758 0 -0.0596936 0.981998 0.179212 0 0.835551 -0.0490742 0.547217 0 -3973.32 79.5081 -1243.44 1 3
0.544447 0.181742 -0.81887 0 -0.0630235 0.982349 0.176122 0 0.836424 -0.0442812 0.546291 0 -3976.38 46.6122 -1238.55 1 3
0.542724 0.180388 -0.820312 0 -0.0654127 0.982776 0.172836 0 0.83736 -0.0401435 0.545176 0 -3979.66 18.2228 -1232.59 1 3
0.541093 0.178456 -0.82181 0 -0.0665023 0.983245 0.169726 0 0.838329 -0.0371851 0.543894 0 -3983.86 -3.49933 -1225.69 1 3
0.539788 0.174557 -0.823504 0 -0.0660055 0.984029 0.165319 0 0.839209 -0.0348813 0.542689 0 -3988.5 -20.3036 -1218.34 1 3
0.538522 0.168021 -0.825689 0 -0.0642071 0.985251 0.158614 0 0.840162 -0.0324018 0.541367 0 -3993.77 -35.1618 -1209.43 1 3
0.537362 0.157667 -0.828483 0 -0.0602272 0.987035 0.148777 0 0.841199 -0.0300499 0.53989 0 -4000.21 -45.5682 -1198.61 1 3
0.53632 0.142917 -0.831827 0 -0.0537171 0.989341 0.135345 0 0.842304 -0.0279049 0.53828 0 -4007.73 -49.3856 -1186.02 1 3
0.534895 0.127845 -0.835191 0 -0.0469514 0.991456 0.121695 0 0.843613 -0.0258808 0.536327 0 -4015.95 -46.1798 -1171.63 1 3
0.533299 0.11345 -0.838285 0 -0.040539 0.993255 0.108633 0 0.844955 -0.0239508 0.534301 0 -4024.01 -38.2155 -1157.2 1 3
0.531156 0.100804 -0.841256 0 -0.0344887 0.994647 0.0974089 0 0.846572 -0.0227255 0.531789 0 -4032 -27.0004 -1142.7 1 3
0.528945 0.0902581 -0.843843 0 -0.029308 0.995678 0.0881274 0 0.84815 -0.0218832 0.529304 0 -4039.49 -14.7475 -1129.51 1 3
0.526897 0.0819125 -0.845973 0 -0.0250706 0.99641 0.0808641 0 0.849559 -0.021398 0.527059 0 -4046.25 -3.50356 -1118.63 1 3
0.524995 0.0754602 -0.847754 0 -0.0215381 0.996921 0.0753997 0 0.850833 -0.0213254 0.525003 0 -4052.39 6.78608 -1109.57 1 3
0.523249 0.0705993 -0.849251 0 -0.018658 0.997273 0.0714087 0 0.851976 -0.0215192 0.523139 0 -4057.86 15.785 -1101.93 1 3
0.52149 0.067036 -0.85062 0 -0.0161163 0.997505 0.0687313 0 0.853105 -0.0221338 0.521269 0 -4062.89 24.3312 -1094.97 1 3
0.519969 0.0644307 -0.851751 0 -0.0140381 0.997661 0.0668981 0 0.854069 -0.022828 0.519658 0 -4067.33 31.6202 -1089.3 1 3
0.518692 0.0622414 -0.852693 0 -0.0122356 0.997785 0.0653893 0 0.854874 -0.0234837 0.518305 0 -4071.26 37.645 -1084.67 1 3
0.517516 0.0606177 -0.853524 0 -0.0107211 0.997869 0.0643686 0 0.855607 -0.024161 0.517062 0 -4074.74 42.836 -1080.68 1 3
0.516398 0.0595896 -0.854273 0 -0.00944875 0.997912 0.0638975 0 0.856297 -0.0249247 0.515883 0 -4077.88 47.3725 -1077.11 1 3
0.515312 0.0586968 -0.85499 0 -0.00856539 0.997955 0.0633491 0 0.85696 -0.0253212 0.51476 0 -4080.69 50.5949 -1073.96 1 3
0.514237 0.0579596 -0.855687 0 -0.00767863 0.997985 0.0629836 0 0.857613 -0.025818 0.513646 0 -4083.19 53.729 -1071.13 1 3
0.513155 0.0573478 -0.856378 0 -0.0071267 0.998016 0.0625621 0 0.858267 -0.0260009 0.512545 0 -4085.59 55.2808 -1067.99 1 3
0.512184 0.0568922 -0.856989 0 -0.00669873 0.998038 0.0622523 0 0.858849 -0.0261439 0.511561 0 -4087.69 56.5122 -1065.36 1 3
0.511236 0.0565555 -0.857577 0 -0.00628859 0.998052 0.0620706 0 0.859417 -0.0263398 0.510596 0 -4089.69 57.7621 -1062.96 1 3
0.510267 0.0562855 -0.858172 0 -0.00599859 0.998065 0.061894 0 0.859995 -0.0264346 0.509617 0 -4091.66 58.6106 -1060.78 1 3
0.509451 0.0560651 -0.858671 0 -0.00561624 0.998071 0.0618348 0 0.860481 -0.0266793 0.508783 0 -4093.44 59.9414 -1059.16 1 3
0.508743 0.0559358 -0.859099 0 -0.0053284 0.998073 0.0618289 0 0.860902 -0.0268774 0.50806 0 -4095.08 60.9939 -1058.17 1 3
0.507833 0.0564175 -0.859606 0 -0.00529842 0.998039 0.062373 0 0.861439 -0.0271205 0.507136 0 -4097.56 61.4547 -1056.43 1 3
0.507524 0.0571222 -0.859742 0 -0.0050373 0.99798 0.0633332 0 0.861623 -0.0278123 0.506786 0 -4100.18 63.5109 -1058.9 1 3
0.507213 0.0574689 -0.859902 0 -0.00467786 0.997943 0.0639352 0 0.861808 -0.0284063 0.506439 0 -4102.55 65.5106 -1060.6 1 3
0.506894 0.0576801 -0.860076 0 -0.00424824 0.997914 0.0644203 0 0.861998 -0.0290005 0.506082 0 -4104.6 67.4688 -1061.83 1 3
0.506501 0.0578176 -0.860299 0 -0.00392658 0.997894 0.0647531 0 0.862231 -0.0294194 0.505661 0 -4106.53 68.8457 -1062.42 1 3
0.506098 0.0579143 -0.860529 0 -0.0035182 0.997873 0.0650885 0 0.862469 -0.0299137 0.505226 0 -4108.37 70.6575 -1062.66 1 3
0.505673 0.0579939 -0.860774 0 -0.00322442 0.997858 0.0653356 0 0.862719 -0.030263 0.504777 0 -4109.99 72.1075 -1062.58 1 3
0.505287 0.0580483 -0.860997 0 -0.00296696 0.997846 0.0655335 0 0.862946 -0.0305587 0.504371 0 -4111.4 73.2708 -1062.52 1 3
0.504914 0.058059 -0.861215 0 -0.00267685 0.997836 0.0656999 0 0.863166 -0.0308674 0.503976 0 -4112.56 74.5952 -1062.51 1 3
