0.61874 0 0.785596 0 0 1 0 0 -0.785596 0 0.61874 0 -211.673 0 142.138 1 0
0.61874 0 0.785596 0 0 1 0 0 -0.785596 0 0.61874 0 -211.673 0 142.138 1 0
0.61874 0 0.785596 0 0 1 0 0 -0.785596 0 0.61874 0 -211.673 0 142.138 1 0
0.61874 0 0.785596 0 0 1 0 0 -0.785596 0 0.61874 0 -211.673 0 142.138 1 0
0.61874 0 0.785596 0 0 1 0 0 -0.785596 0 0.61874 0 -211.673 0 142.138 1 0
0.61874 0 0.785596 0 0 1 0 0 -0.785596 0 0.61874 0 -211.673 0 142.138 1 0
0.60983 -0.0185691 0.792315 0 0.0136701 0.999823 0.0129107 0 -0.792414 0.00295765 0.609976 0 -163.82 -4.47444 172.525 1 1
0.614464 -0.024882 0.788552 0 0.014539 0.99969 0.0202151 0 -0.788811 -0.000956727 0.614635 0 -144.775 -6.6316 218.979 1 1
0.614464 -0.024882 0.788552 0 0.014539 0.99969 0.0202151 0 -0.788811 -0.000956727 0.614635 0 -144.775 -6.6316 218.979 1 2
0.614464 -0.024882 0.788552 0 0.014539 0.99969 0.0202151 0 -0.788811 -0.000956727 0.614635 0 -144.775 -6.6316 218.979 1 2
0.614464 -0.024882 0.788552 0 0.014539 0.99969 0.0202151 0 -0.788811 -0.000956727 0.614635 0 -144.775 -6.6316 218.979 1 2
0.614464 -0.024882 0.788552 0 0.014539 0.99969 0.0202151 0 -0.788811 -0.000956727 0.614635 0 -144.775 -6.6316 218.979 1 2
0.614464 -0.024882 0.788552 0 0.014539 0.99969 0.0202151 0 -0.788811 -0.000956727 0.614635 0 -144.775 -6.6316 218.979 1 2
0.614464 -0.024882 0.788552 0 0.014539 0.99969 0.0202151 0 -0.788811 -0.000956727 0.614635 0 -144.775 -6.6316 218.979 1 2
0.614464 -0.024882 0.788552 0 0.014539 0.99969 0.0202151 0 -0.788811 -0.000956727 0.614635 0 -144.775 -6.6316 218.979 1 2
0.614464 -0.024882 0.788552 0 0.014539 0.99969 0.0202151 0 -0.788811 -0.000956727 0.614635 0 -144.775 -6.6316 218.979 1 2
0.614464 -0.024882 0.788552 0 0.014539 0.99969 0.0202151 0 -0.788811 -0.000956727 0.614635 0 -144.775 -6.6316 218.979 1 2
0.614464 -0.024882 0.788552 0 0.014539 0.99969 0.0202151 0 -0.788811 -0.000956727 0.614635 0 -144.775 -6.6316 218.979 1 2
0.614464 -0.024882 0.788552 0 0.014539 0.99969 0.0202151 0 -0.788811 -0.000956727 0.614635 0 -144.775 -6.6316 218.979 1 2
0.614464 -0.024882 0.788552 0 0.014539 0.99969 0.0202151 0 -0.788811 -0.000956727 0.614635 0 -144.775 -6.6316 218.979 1 2
0.614464 -0.024882 0.788552 0 0.014539 0.99969 0.0202151 0 -0.788811 -0.000956727 0.614635 0 -144.775 -6.6316 218.979 1 2
0.614464 -0.024882 0.788552 0 0.014539 0.99969 0.0202151 0 -0.788811 -0.000956727 0.614635 0 -144.775 -6.6316 218.979 1 2
0.614464 -0.024882 0.788552 0 0.014539 0.99969 0.0202151 0 -0.788811 -0.000956727 0.614635 0 -144.775 -6.6316 218.979 1 2
0.614464 -0.024882 0.788552 0 0.014539 0.99969 0.0202151 0 -0.788811 -0.000956727 0.614635 0 -144.775 -6.6316 218.979 1 2
0.614464 -0.024882 0.788552 0 0.014539 0.99969 0.0202151 0 -0.788811 -0.000956727 0.614635 0 -144.775 -6.6316 218.979 1 2
0.614464 -0.024882 0.788552 0 0.014539 0.99969 0.0202151 0 -0.788811 -0.000956727 0.614635 0 -144.775 -6.6316 218.979 1 2
0.614464 -0.024882 0.788552 0 0.014539 0.99969 0.0202151 0 -0.788811 -0.000956727 0.614635 0 -144.775 -6.6316 218.979 1 2
0.614464 -0.024882 0.788552 0 0.014539 0.99969 0.0202151 0 -0.788811 -0.000956727 0.614635 0 -144.775 -6.6316 218.979 1 2
0.614464 -0.024882 0.788552 0 0.014539 0.99969 0.0202151 0 -0.788811 -0.000956727 0.614635 0 -144.775 -6.6316 218.979 1 2
0.614464 -0.024882 0.788552 0 0.014539 0.99969 0.0202151 0 -0.788811 -0.000956727 0.614635 0 -144.775 -6.6316 218.979 1 2
0.614464 -0.024882 0.788552 0 0.014539 0.99969 0.0202151 0 -0.788811 -0.000956727 0.614635 0 -144.775 -6.6316 218.979 1 2
0.614464 -0.024882 0.788552 0 0.014539 0.99969 0.0202151 0 -0.788811 -0.000956727 0.614635 0 -144.775 -6.6316 218.979 1 2
0.614464 -0.024882 0.788552 0 0.014539 0.99969 0.0202151 0 -0.788811 -0.000956727 0.614635 0 -144.775 -6.6316 218.979 1 2
0.614464 -0.024882 0.788552 0 0.014539 0.99969 0.0202151 0 -0.788811 -0.000956727 0.614635 0 -144.775 -6.6316 218.979 1 2
0.614464 -0.024882 0.788552 0 0.014539 0.99969 0.0202151 0 -0.788811 -0.000956727 0.614635 0 -144.775 -6.6316 218.979 1 2
0.614464 -0.024882 0.788552 0 0.014539 0.99969 0.0202151 0 -0.788811 -0.000956727 0.614635 0 -144.775 -6.6316 218.979 1 2
0.614464 -0.024882 0.788552 0 0.014539 0.99969 0.0202151 0 -0.788811 -0.000956727 0.614635 0 -144.775 -6.6316 218.979 1 2
0.614464 -0.024882 0.788552 0 0.014539 0.99969 0.0202151 0 -0.788811 -0.000956727 0.614635 0 -144.775 -6.6316 218.979 1 2
0.614464 -0.024882 0.788552 0 0.014539 0.99969 0.0202151 0 -0.788811 -0.000956727 0.614635 0 -144.775 -6.6316 218.979 1 2
0.614464 -0.024882 0.788552 0 0.014539 0.99969 0.0202151 0 -0.788811 -0.000956727 0.614635 0 -144.775 -6.6316 218.979 1 2
0.614464 -0.024882 0.788552 0 0.014539 0.99969 0.0202151 0 -0.788811 -0.000956727 0.614635 0 -144.775 -6.6316 218.979 1 2
0.614464 -0.024882 0.788552 0 0.014539 0.99969 0.0202151 0 -0.788811 -0.000956727 0.614635 0 -144.775 -6.6316 218.979 1 2
0.614464 -0.024882 0.788552 0 0.014539 0.99969 0.0202151 0 -0.788811 -0.000956727 0.614635 0 -144.775 -6.6316 218.979 1 2
0.614464 -0.024882 0.788552 0 0.014539 0.99969 0.0202151 0 -0.788811 -0.000956727 0.614635 0 -144.775 -6.6316 218.979 1 2
0.614464 -0.024882 0.788552 0 0.014539 0.99969 0.0202151 0 -0.788811 -0.000956727 0.614635 0 -144.775 -6.6316 218.979 1 2
0.614464 -0.024882 0.788552 0 0.014539 0.99969 0.0202151 0 -0.788811 -0.000956727 0.614635 0 -144.775 -6.6316 218.979 1 2
0.614464 -0.024882 0.788552 0 0.014539 0.99969 0.0202151 0 -0.788811 -0.000956727 0.614635 0 -144.775 -6.6316 218.979 1 2
0.614464 -0.024882 0.788552 0 0.014539 0.99969 0.0202151 0 -0.788811 -0.000956727 0.614635 0 -144.775 -6.6316 218.979 1 2
0.614464 -0.024882 0.788552 0 0.014539 0.99969 0.0202151 0 -0.788811 -0.000956727 0.614635 0 -144.775 -6.6316 218.979 1 2
0.614464 -0.024882 0.788552 0 0.014539 0.99969 0.0202151 0 -0.788811 -0.000956727 0.614635 0 -144.775 -6.6316 218.979 1 2
0.614464 -0.024882 0.788552 0 0.014539 0.99969 0.0202151 0 -0.788811 -0.000956727 0.614635 0 -144.775 -6.6316 218.979 1 2
0.614464 -0.024882 0.788552 0 0.014539 0.99969 0.0202151 0 -0.788811 -0.000956727 0.614635 0 -144.775 -6.6316 218.979 1 2
0.614464 -0.024882 0.788552 0 0.014539 0.99969 0.0202151 0 -0.788811 -0.000956727 0.614635 0 -144.775 -6.6316 218.979 1 2
0.614464 -0.024882 0.788552 0 0.014539 0.99969 0.0202151 0 -0.788811 -0.000956727 0.614635 0 -144.775 -6.6316 218.979 1 2
0.614464 -0.024882 0.788552 0 0.014539 0.99969 0.0202151 0 -0.788811 -0.000956727 0.614635 0 -144.775 -6.6316 218.979 1 2
0.614464 -0.024882 0.788552 0 0.014539 0.99969 0.0202151 0 -0.788811 -0.000956727 0.614635 0 -144.775 -6.6316 218.979 1 2
0.614464 -0.024882 0.788552 0 0.014539 0.99969 0.0202151 0 -0.788811 -0.000956727 0.614635 0 -144.775 -6.6316 218.979 1 2
0.614464 -0.024882 0.788552 0 0.014539 0.99969 0.0202151 0 -0.788811 -0.000956727 0.614635 0 -144.775 -6.6316 218.979 1 2
0.614464 -0.024882 0.788552 0 0.014539 0.99969 0.0202151 0 -0.788811 -0.000956727 0.614635 0 -144.775 -6.6316 218.979 1 2
0.614464 -0.024882 0.788552 0 0.014539 0.99969 0.0202151 0 -0.788811 -0.000956727 0.614635 0 -144.775 -6.6316 218.979 1 2
0.614464 -0.024882 0.788552 0 0.014539 0.99969 0.0202151 0 -0.788811 -0.000956727 0.614635 0 -144.775 -6.6316 218.979 1 2
0.614464 -0.024882 0.788552 0 0.014539 0.99969 0.0202151 0 -0.788811 -0.000956727 0.614635 0 -144.775 -6.6316 218.979 1 2
0.614464 -0.024882 0.788552 0 0.014539 0.99969 0.0202151 0 -0.788811 -0.000956727 0.614635 0 -144.775 -6.6316 218.979 1 2
0.614464 -0.024882 0.788552 0 0.014539 0.99969 0.0202151 0 -0.788811 -0.000956727 0.614635 0 -144.775 -6.6316 218.979 1 2
0.614464 -0.024882 0.788552 0 0.014539 0.99969 0.0202151 0 -0.788811 -0.000956727 0.614635 0 -144.775 -6.6316 218.979 1 2
0.614464 -0.024882 0.788552 0 0.014539 0.99969 0.0202151 0 -0.788811 -0.000956727 0.614635 0 -144.775 -6.6316 218.979 1 2
0.614464 -0.024882 0.788552 0 0.014539 0.99969 0.0202151 0 -0.788811 -0.000956727 0.614635 0 -144.775 -6.6316 218.979 1 2
0.614464 -0.024882 0.788552 0 0.014539 0.99969 0.0202151 0 -0.788811 -0.000956727 0.614635 0 -144.775 -6.6316 218.979 1 2
0.614464 -0.024882 0.788552 0 0.014539 0.99969 0.0202151 0 -0.788811 -0.000956727 0.614635 0 -144.775 -6.6316 218.979 1 2
0.614464 -0.024882 0.788552 0 0.014539 0.99969 0.0202151 0 -0.788811 -0.000956727 0.614635 0 -144.775 -6.6316 218.979 1 2
0.614464 -0.024882 0.788552 0 0.014539 0.99969 0.0202151 0 -0.788811 -0.000956727 0.614635 0 -144.775 -6.6316 218.979 1 2
0.614464 -0.024882 0.788552 0 0.014539 0.99969 0.0202151 0 -0.788811 -0.000956727 0.614635 0 -144.775 -6.6316 218.979 1 2
0.614464 -0.024882 0.788552 0 0.014539 0.99969 0.0202151 0 -0.788811 -0.000956727 0.614635 0 -144.775 -6.6316 218.979 1 2
0.614464 -0.024882 0.788552 0 0.014539 0.99969 0.0202151 0 -0.788811 -0.000956727 0.614635 0 -144.775 -6.6316 218.979 1 2
0.614464 -0.024882 0.788552 0 0.014539 0.99969 0.0202151 0 -0.788811 -0.000956727 0.614635 0 -144.775 -6.6316 218.979 1 2
0.614464 -0.024882 0.788552 0 0.014539 0.99969 0.0202151 0 -0.788811 -0.000956727 0.614635 0 -144.775 -6.6316 218.979 1 2
0.614464 -0.024882 0.788552 0 0.014539 0.99969 0.0202151 0 -0.788811 -0.000956727 0.614635 0 -144.775 -6.6316 218.979 1 2
0.614464 -0.024882 0.788552 0 0.014539 0.99969 0.0202151 0 -0.788811 -0.000956727 0.614635 0 -144.775 -6.6316 218.979 1 2
0.614464 -0.024882 0.788552 0 0.014539 0.99969 0.0202151 0 -0.788811 -0.000956727 0.614635 0 -144.775 -6.6316 218.979 1 2
0.614464 -0.024882 0.788552 0 0.014539 0.99969 0.0202151 0 -0.788811 -0.000956727 0.614635 0 -144.775 -6.6316 218.979 1 2
0.614464 -0.024882 0.788552 0 0.014539 0.99969 0.0202151 0 -0.788811 -0.000956727 0.614635 0 -144.775 -6.6316 218.979 1 2
0.614464 -0.024882 0.788552 0 0.014539 0.99969 0.0202151 0 -0.788811 -0.000956727 0.614635 0 -144.775 -6.6316 218.979 1 2
0.614464 -0.024882 0.788552 0 0.014539 0.99969 0.0202151 0 -0.788811 -0.000956727 0.614635 0 -144.775 -6.6316 218.979 1 2
0.614464 -0.024882 0.788552 0 0.014539 0.99969 0.0202151 0 -0.788811 -0.000956727 0.614635 0 -144.775 -6.6316 218.979 1 2
0.614464 -0.024882 0.788552 0 0.014539 0.99969 0.0202151 0 -0.788811 -0.000956727 0.614635 0 -144.775 -6.6316 218.979 1 2
0.614464 -0.024882 0.788552 0 0.014539 0.99969 0.0202151 0 -0.788811 -0.000956727 0.614635 0 -144.775 -6.6316 218.979 1 2
0.614464 -0.024882 0.788552 0 0.014539 0.99969 0.0202151 0 -0.788811 -0.000956727 0.614635 0 -144.775 -6.6316 218.979 1 2
0.614464 -0.024882 0.788552 0 0.014539 0.99969 0.0202151 0 -0.788811 -0.000956727 0.614635 0 -144.775 -6.6316 218.979 1 2
0.614464 -0.024882 0.788552 0 0.014539 0.99969 0.0202151 0 -0.788811 -0.000956727 0.614635 0 -144.775 -6.6316 218.979 1 2
0.614464 -0.024882 0.788552 0 0.014539 0.99969 0.0202151 0 -0.788811 -0.000956727 0.614635 0 -144.775 -6.6316 218.979 1 2
0.614464 -0.024882 0.788552 0 0.014539 0.99969 0.0202151 0 -0.788811 -0.000956727 0.614635 0 -144.775 -6.6316 218.979 1 2
0.614464 -0.024882 0.788552 0 0.014539 0.99969 0.0202151 0 -0.788811 -0.000956727 0.614635 0 -144.775 -6.6316 218.979 1 2
0.614464 -0.024882 0.788552 0 0.014539 0.99969 0.0202151 0 -0.788811 -0.000956727 0.614635 0 -144.775 -6.6316 218.979 1 2
0.614464 -0.024882 0.788552 0 0.014539 0.99969 0.0202151 0 -0.788811 -0.000956727 0.614635 0 -144.775 -6.6316 218.979 1 2
0.614464 -0.024882 0.788552 0 0.014539 0.99969 0.0202151 0 -0.788811 -0.000956727 0.614635 0 -144.775 -6.6316 218.979 1 2
0.614464 -0.024882 0.788552 0 0.014539 0.99969 0.0202151 0 -0.788811 -0.000956727 0.614635 0 -144.775 -6.6316 218.979 1 2
0.614464 -0.024882 0.788552 0 0.014539 0.99969 0.0202151 0 -0.788811 -0.000956727 0.614635 0 -144.775 -6.6316 218.979 1 2
0.614464 -0.024882 0.788552 0 0.014539 0.99969 0.0202151 0 -0.788811 -0.000956727 0.614635 0 -144.775 -6.6316 218.979 1 2
0.614464 -0.024882 0.788552 0 0.014539 0.99969 0.0202151 0 -0.788811 -0.000956727 0.614635 0 -144.775 -6.6316 218.979 1 2
0.614464 -0.024882 0.788552 0 0.014539 0.99969 0.0202151 0 -0.788811 -0.000956727 0.614635 0 -144.775 -6.6316 218.979 1 2
0.614464 -0.024882 0.788552 0 0.014539 0.99969 0.0202151 0 -0.788811 -0.000956727 0.614635 0 -144.775 -6.6316 218.979 1 2
0.614464 -0.024882 0.788552 0 0.014539 0.99969 0.0202151 0 -0.788811 -0.000956727 0.614635 0 -144.775 -6.6316 218.979 1 2
0.614464 -0.024882 0.788552 0 0.014539 0.99969 0.0202151 0 -0.788811 -0.000956727 0.614635 0 -144.775 -6.6316 218.979 1 2
0.614464 -0.024882 0.788552 0 0.014539 0.99969 0.0202151 0 -0.788811 -0.000956727 0.614635 0 -144.775 -6.6316 218.979 1 2
0.614464 -0.024882 0.788552 0 0.014539 0.99969 0.0202151 0 -0.788811 -0.000956727 0.614635 0 -144.775 -6.6316 218.979 1 2
0.614464 -0.024882 0.788552 0 0.014539 0.99969 0.0202151 0 -0.788811 -0.000956727 0.614635 0 -144.775 -6.6316 218.979 1 2
0.614464 -0.024882 0.788552 0 0.014539 0.99969 0.0202151 0 -0.788811 -0.000956727 0.614635 0 -144.775 -6.6316 218.979 1 2
0.614464 -0.024882 0.788552 0 0.014539 0.99969 0.0202151 0 -0.788811 -0.000956727 0.614635 0 -144.775 -6.6316 218.979 1 2
0.614464 -0.024882 0.788552 0 0.014539 0.99969 0.0202151 0 -0.788811 -0.000956727 0.614635 0 -144.775 -6.6316 218.979 1 2
0.614464 -0.024882 0.788552 0 0.014539 0.99969 0.0202151 0 -0.788811 -0.000956727 0.614635 0 -144.775 -6.6316 218.979 1 2
0.614464 -0.024882 0.788552 0 0.014539 0.99969 0.0202151 0 -0.788811 -0.000956727 0.614635 0 -144.775 -6.6316 218.979 1 2
0.614464 -0.024882 0.788552 0 0.014539 0.99969 0.0202151 0 -0.788811 -0.000956727 0.614635 0 -144.775 -6.6316 218.979 1 2
0.614464 -0.024882 0.788552 0 0.014539 0.99969 0.0202151 0 -0.788811 -0.000956727 0.614635 0 -144.775 -6.6316 218.979 1 2
0.614464 -0.024882 0.788552 0 0.014539 0.99969 0.0202151 0 -0.788811 -0.000956727 0.614635 0 -144.775 -6.6316 218.979 1 2
0.614464 -0.024882 0.788552 0 0.014539 0.99969 0.0202151 0 -0.788811 -0.000956727 0.614635 0 -144.775 -6.6316 218.979 1 2
0.614464 -0.024882 0.788552 0 0.014539 0.99969 0.0202151 0 -0.788811 -0.000956727 0.614635 0 -144.775 -6.6316 218.979 1 2
0.614464 -0.024882 0.788552 0 0.014539 0.99969 0.0202151 0 -0.788811 -0.000956727 0.614635 0 -144.775 -6.6316 218.979 1 2
0.614464 -0.024882 0.788552 0 0.014539 0.99969 0.0202151 0 -0.788811 -0.000956727 0.614635 0 -144.775 -6.6316 218.979 1 2
0.614464 -0.024882 0.788552 0 0.014539 0.99969 0.0202151 0 -0.788811 -0.000956727 0.614635 0 -144.775 -6.6316 218.979 1 2
0.614464 -0.024882 0.788552 0 0.014539 0.99969 0.0202151 0 -0.788811 -0.000956727 0.614635 0 -144.775 -6.6316 218.979 1 2
0.614464 -0.024882 0.788552 0 0.014539 0.99969 0.0202151 0 -0.788811 -0.000956727 0.614635 0 -144.775 -6.6316 218.979 1 2
0.614464 -0.024882 0.788552 0 0.014539 0.99969 0.0202151 0 -0.788811 -0.000956727 0.614635 0 -144.775 -6.6316 218.979 1 2
0.614464 -0.024882 0.788552 0 0.014539 0.99969 0.0202151 0 -0.788811 -0.000956727 0.614635 0 -144.775 -6.6316 218.979 1 2
0.614464 -0.024882 0.788552 0 0.014539 0.99969 0.0202151 0 -0.788811 -0.000956727 0.614635 0 -144.775 -6.6316 218.979 1 2
0.614464 -0.024882 0.788552 0 0.014539 0.99969 0.0202151 0 -0.788811 -0.000956727 0.614635 0 -144.775 -6.6316 218.979 1 2
0.614464 -0.024882 0.788552 0 0.014539 0.99969 0.0202151 0 -0.788811 -0.000956727 0.614635 0 -144.775 -6.6316 218.979 1 2
0.614464 -0.024882 0.788552 0 0.014539 0.99969 0.0202151 0 -0.788811 -0.000956727 0.614635 0 -144.775 -6.6316 218.979 1 2
0.614464 -0.024882 0.788552 0 0.014539 0.99969 0.0202151 0 -0.788811 -0.000956727 0.614635 0 -144.775 -6.6316 218.979 1 2
0.614593 -0.0249873 0.788448 0 0.0154933 0.999688 0.0196048 0 -0.788692 0.000166696 0.614788 0 -145.238 -7.29872 219.834 1 3
0.614089 -0.0254219 0.788827 0 0.016745 0.999676 0.0191813 0 -0.789059 0.00142984 0.614316 0 -144.638 -7.52968 221.077 1 3
0.613851 -0.0253533 0.789015 0 0.0171543 0.999677 0.0187765 0 -0.789235 0.00200902 0.614088 0 -144.029 -7.82075 221.927 1 3
0.61467 -0.0241429 0.788414 0 0.0159428 0.999708 0.0181837 0 -0.788623 0.00139258 0.614876 0 -145.278 -8.21258 222.786 1 3
0.615175 -0.0231595 0.78805 0 0.0150125 0.999731 0.0176613 0 -0.788247 0.000965812 0.615358 0 -146.095 -8.57578 223.382 1 3
0.615561 -0.0221369 0.787778 0 0.0140021 0.999755 0.0171525 0 -0.787965 0.000472124 0.61572 0 -146.53 -8.86197 223.872 1 3
0.615873 -0.0211064 0.787563 0 0.0128892 0.999777 0.0167144 0 -0.78774 -0.000142883 0.616008 0 -146.65 -9.14737 224.21 1 3
0.616049 -0.0201896 0.787449 0 0.0118057 0.999796 0.016398 0 -0.787619 -0.000805624 0.616162 0 -146.551 -9.42871 224.423 1 3
0.616328 -0.0195563 0.787246 0 0.0106288 0.999807 0.0165154 0 -0.787417 -0.00181145 0.616417 0 -146.449 -9.61192 224.61 1 3
0.616495 -0.0188762 0.787133 0 0.00946899 0.999818 0.0165603 0 -0.787302 -0.00275601 0.616562 0 -146.304 -9.83971 224.636 1 3
0.616589 -0.0180676 0.787078 0 0.00834303 0.99983 0.0164155 0 -0.787241 -0.00355501 0.616635 0 -146.095 -10.1006 224.658 1 3
0.6167 -0.0172213 0.78701 0 0.00704543 0.999841 0.0163576 0 -0.787167 -0.00454292 0.616724 0 -145.693 -10.4529 224.735 1 3
0.616868 -0.0162646 0.786899 0 0.00566791 0.999852 0.0162229 0 -0.787047 -0.00554733 0.616869 0 -145.238 -10.8099 224.836 1 3
0.617081 -0.0152672 0.786751 0 0.00410122 0.999861 0.0161858 0 -0.786889 -0.00676134 0.617058 0 -144.713 -11.0916 224.931 1 3
0.617278 -0.0145254 0.786611 0 0.00275908 0.999863 0.0162982 0 -0.78674 -0.00789018 0.617233 0 -144.142 -11.3149 225.019 1 3
0.617454 -0.0140953 0.786481 0 0.00177235 0.999862 0.0165281 0 -0.786605 -0.00881144 0.617394 0 -143.663 -11.4051 225.143 1 3
0.617549 -0.0141595 0.786405 0 0.00137182 0.999856 0.0169255 0 -0.786531 -0.00937349 0.617479 0 -143.045 -11.3735 224.938 1 3
0.617635 -0.014283 0.786335 0 0.0012814 0.999852 0.0171548 0 -0.786464 -0.00958782 0.617562 0 -142.528 -11.2498 224.781 1 3
0.617849 -0.0143725 0.786165 0 0.00139942 0.999851 0.0171793 0 -0.786295 -0.00951402 0.617777 0 -142.069 -10.9915 224.656 1 3
0.618218 -0.0150378 0.785863 0 0.00201041 0.999844 0.0175509 0 -0.786004 -0.0092704 0.618152 0 -141.748 -10.3443 224.369 1 3
0.618608 -0.0153097 0.785551 0 0.00306432 0.99985 0.0170731 0 -0.785694 -0.00815438 0.618562 0 -141.7 -9.94124 224.226 1 3
0.618952 -0.0160318 0.785265 0 0.00426586 0.999846 0.0170502 0 -0.785417 -0.00720345 0.618925 0 -141.773 -9.516 224.139 1 3
0.619324 -0.0169502 0.784952 0 0.0057325 0.999838 0.0170675 0 -0.785114 -0.00607058 0.619321 0 -141.82 -9.20441 223.95 1 3
0.619786 -0.0175844 0.784573 0 0.00706199 0.999833 0.0168302 0 -0.784739 -0.00489046 0.619807 0 -141.95 -9.0484 223.693 1 3
0.620264 -0.0181474 0.784183 0 0.00827344 0.999828 0.0165938 0 -0.784349 -0.00380467 0.620308 0 -141.987 -8.94128 223.42 1 3
0.620447 -0.0185476 0.784029 0 0.00915258 0.999823 0.0164096 0 -0.784195 -0.00300543 0.620507 0 -142.082 -8.92187 223.091 1 3
0.620502 -0.0189426 0.783976 0 0.00996013 0.999818 0.0162745 0 -0.784141 -0.00228989 0.620578 0 -142.214 -8.88103 222.938 1 3
0.620452 -0.0194044 0.784004 0 0.010583 0.99981 0.0163704 0 -0.784173 -0.00185993 0.62054 0 -142.307 -8.92278 222.667 1 3
0.620495 -0.0197737 0.783961 0 0.0109374 0.999803 0.0165611 0 -0.784134 -0.0017016 0.620589 0 -142.282 -9.03668 222.414 1 3
0.620411 -0.0200891 0.784019 0 0.0112421 0.999797 0.0167219 0 -0.784196 -0.0015604 0.620511 0 -142.339 -9.24017 222.208 1 3
0.620259 -0.0202287 0.784136 0 0.0114133 0.999794 0.0167641 0 -0.784314 -0.00144851 0.620363 0 -142.387 -9.40391 222.009 1 3
0.62019 -0.0203137 0.784188 0 0.0114652 0.999793 0.0168313 0 -0.784368 -0.00144774 0.620295 0 -142.371 -9.51963 221.772 1 3
0.620077 -0.0203166 0.784278 0 0.011422 0.999792 0.0168688 0 -0.784458 -0.00150189 0.62018 0 -142.264 -9.68495 221.515 1 3
0.619992 -0.0202725 0.784346 0 0.0113078 0.999793 0.0169027 0 -0.784526 -0.00161036 0.620093 0 -142.126 -9.8274 221.239 1 3
0.619938 -0.02024 0.784389 0 0.0112747 0.999794 0.0168873 0 -0.78457 -0.00162527 0.620039 0 -141.899 -9.91383 221.01 1 3
0.619858 -0.0200828 0.784457 0 0.0114311 0.999797 0.0165631 0 -0.78463 -0.00129957 0.619962 0 -141.823 -10.0373 221.487 1 3
0.619777 -0.0199344 0.784525 0 0.0114173 0.999801 0.0163848 0 -0.784695 -0.00119782 0.619881 0 -141.721 -10.1158 221.852 1 3
0.619695 -0.0197704 0.784594 0 0.0113927 0.999804 0.016195 0 -0.78476 -0.00109728 0.619798 0 -141.539 -10.1583 222.119 1 3
0.619631 -0.0196102 0.784648 0 0.0113737 0.999807 0.0160058 0 -0.784811 -0.000993354 0.619734 0 -141.452 -10.1806 222.332 1 3
0.619563 -0.0194723 0.784706 0 0.0113223 0.99981 0.0158706 0 -0.784866 -0.000948139 0.619665 0 -141.396 -10.186 222.559 1 3
0.619494 -0.0194231 0.784761 0 0.0112981 0.999811 0.0158269 0 -0.78492 -0.000938328 0.619596 0 -141.327 -10.1956 222.716 1 3
0.619563 -0.0195231 0.784704 0 0.0111262 0.999809 0.0160902 0 -0.784868 -0.00123814 0.619661 0 -141.413 -10.1789 222.706 1 3
0.619339 -0.0195985 0.784879 0 0.0110992 0.999807 0.016207 0 -0.785045 -0.00132609 0.619437 0 -141.441 -10.1968 222.749 1 3
0.619191 -0.0196904 0.784994 0 0.0110657 0.999805 0.0163501 0 -0.785163 -0.00143733 0.619288 0 -141.466 -10.2101 222.732 1 3
0.61904 -0.0197876 0.78511 0 0.0110751 0.999803 0.0164662 0 -0.785281 -0.00149802 0.619137 0 -141.455 -10.2501 222.719 1 3
0.6189 -0.0198127 0.78522 0 0.0110494 0.999803 0.0165181 0 -0.785392 -0.00154688 0.618997 0 -141.371 -10.2683 222.706 1 3
0.618775 -0.0198867 0.785316 0 0.0110649 0.999801 0.0165997 0 -0.78549 -0.00158201 0.618872 0 -141.298 -10.2819 222.716 1 3
0.618676 -0.0199056 0.785394 0 0.0110674 0.999801 0.0166216 0 -0.785568 -0.0015911 0.618773 0 -141.197 -10.2981 222.789 1 3
0.61861 -0.0198896 0.785447 0 0.0110569 0.999801 0.0166093 0 -0.785621 -0.00159011 0.618707 0 -141.101 -10.2948 222.83 1 3
0.618532 -0.0198842 0.785508 0 0.011039 0.999801 0.0166164 0 -0.785682 -0.00160655 0.618629 0 -141.018 -10.2876 222.886 1 3
