0.622341 0 0.782746 0 0 1 0 0 -0.782746 0 0.622341 0 -378.724 0 196.176 1 0
0.622341 0 0.782746 0 0 1 0 0 -0.782746 0 0.622341 0 -378.724 0 196.176 1 0
0.622341 0 0.782746 0 0 1 0 0 -0.782746 0 0.622341 0 -378.724 0 196.176 1 0
0.622341 0 0.782746 0 0 1 0 0 -0.782746 0 0.622341 0 -378.724 0 196.176 1 0
0.622341 0 0.782746 0 0 1 0 0 -0.782746 0 0.622341 0 -378.724 0 196.176 1 0
0.622341 0 0.782746 0 0 1 0 0 -0.782746 0 0.622341 0 -378.724 0 196.176 1 0
0.622341 0 0.782746 0 0 1 0 0 -0.782746 0 0.622341 0 -378.724 0 196.176 1 0
0.622341 0 0.782746 0 0 1 0 0 -0.782746 0 0.622341 0 -378.724 0 196.176 1 0
0.618416 -0.0254839 0.785438 0 0.0167722 0.999674 0.0192293 0 -0.785672 0.00128185 0.618642 0 -306.655 -3.2236 276.019 1 1
0.624154 -0.0143593 0.781169 0 0.013146 0.999883 0.00787595 0 -0.781191 0.00535348 0.624269 0 -281.955 1.11075 324.786 1 1
0.624154 -0.0143593 0.781169 0 0.013146 0.999883 0.00787595 0 -0.781191 0.00535348 0.624269 0 -281.955 1.11075 324.786 1 2
0.624154 -0.0143593 0.781169 0 0.013146 0.999883 0.00787595 0 -0.781191 0.00535348 0.624269 0 -281.955 1.11075 324.786 1 2
0.624154 -0.0143593 0.781169 0 0.013146 0.999883 0.00787595 0 -0.781191 0.00535348 0.624269 0 -281.955 1.11075 324.786 1 2
0.624154 -0.0143593 0.781169 0 0.013146 0.999883 0.00787595 0 -0.781191 0.00535348 0.624269 0 -281.955 1.11075 324.786 1 2
0.624154 -0.0143593 0.781169 0 0.013146 0.999883 0.00787595 0 -0.781191 0.00535348 0.624269 0 -281.955 1.11075 324.786 1 2
0.624154 -0.0143593 0.781169 0 0.013146 0.999883 0.00787595 0 -0.781191 0.00535348 0.624269 0 -281.955 1.11075 324.786 1 2
0.624154 -0.0143593 0.781169 0 0.013146 0.999883 0.00787595 0 -0.781191 0.00535348 0.624269 0 -281.955 1.11075 324.786 1 2
0.624154 -0.0143593 0.781169 0 0.013146 0.999883 0.00787595 0 -0.781191 0.00535348 0.624269 0 -281.955 1.11075 324.786 1 2
0.624154 -0.0143593 0.781169 0 0.013146 0.999883 0.00787595 0 -0.781191 0.00535348 0.624269 0 -281.955 1.11075 324.786 1 2
0.624154 -0.0143593 0.781169 0 0.013146 0.999883 0.00787595 0 -0.781191 0.00535348 0.624269 0 -281.955 1.11075 324.786 1 2
0.624154 -0.0143593 0.781169 0 0.013146 0.999883 0.00787595 0 -0.781191 0.00535348 0.624269 0 -281.955 1.11075 324.786 1 2
0.624154 -0.0143593 0.781169 0 0.013146 0.999883 0.00787595 0 -0.781191 0.00535348 0.624269 0 -281.955 1.11075 324.786 1 2
0.624154 -0.0143593 0.781169 0 0.013146 0.999883 0.00787595 0 -0.781191 0.00535348 0.624269 0 -281.955 1.11075 324.786 1 2
0.624154 -0.0143593 0.781169 0 0.013146 0.999883 0.00787595 0 -0.781191 0.00535348 0.624269 0 -281.955 1.11075 324.786 1 2
0.624154 -0.0143593 0.781169 0 0.013146 0.999883 0.00787595 0 -0.781191 0.00535348 0.624269 0 -281.955 1.11075 324.786 1 2
0.624154 -0.0143593 0.781169 0 0.013146 0.999883 0.00787595 0 -0.781191 0.00535348 0.624269 0 -281.955 1.11075 324.786 1 2
0.624154 -0.0143593 0.781169 0 0.013146 0.999883 0.00787595 0 -0.781191 0.00535348 0.624269 0 -281.955 1.11075 324.786 1 2
0.624154 -0.0143593 0.781169 0 0.013146 0.999883 0.00787595 0 -0.781191 0.00535348 0.624269 0 -281.955 1.11075 324.786 1 2
0.624154 -0.0143593 0.781169 0 0.013146 0.999883 0.00787595 0 -0.781191 0.00535348 0.624269 0 -281.955 1.11075 324.786 1 2
0.624154 -0.0143593 0.781169 0 0.013146 0.999883 0.00787595 0 -0.781191 0.00535348 0.624269 0 -281.955 1.11075 324.786 1 2
0.624154 -0.0143593 0.781169 0 0.013146 0.999883 0.00787595 0 -0.781191 0.00535348 0.624269 0 -281.955 1.11075 324.786 1 2
0.624154 -0.0143593 0.781169 0 0.013146 0.999883 0.00787595 0 -0.781191 0.00535348 0.624269 0 -281.955 1.11075 324.786 1 2
0.624154 -0.0143593 0.781169 0 0.013146 0.999883 0.00787595 0 -0.781191 0.00535348 0.624269 0 -281.955 1.11075 324.786 1 2
0.624154 -0.0143593 0.781169 0 0.013146 0.999883 0.00787595 0 -0.781191 0.00535348 0.624269 0 -281.955 1.11075 324.786 1 2
0.624154 -0.0143593 0.781169 0 0.013146 0.999883 0.00787595 0 -0.781191 0.00535348 0.624269 0 -281.955 1.11075 324.786 1 2
0.624154 -0.0143593 0.781169 0 0.013146 0.999883 0.00787595 0 -0.781191 0.00535348 0.624269 0 -281.955 1.11075 324.786 1 2
0.624154 -0.0143593 0.781169 0 0.013146 0.999883 0.00787595 0 -0.781191 0.00535348 0.624269 0 -281.955 1.11075 324.786 1 2
0.624154 -0.0143593 0.781169 0 0.013146 0.999883 0.00787595 0 -0.781191 0.00535348 0.624269 0 -281.955 1.11075 324.786 1 2
0.624154 -0.0143593 0.781169 0 0.013146 0.999883 0.00787595 0 -0.781191 0.00535348 0.624269 0 -281.955 1.11075 324.786 1 2
0.624154 -0.0143593 0.781169 0 0.013146 0.999883 0.00787595 0 -0.781191 0.00535348 0.624269 0 -281.955 1.11075 324.786 1 2
0.624154 -0.0143593 0.781169 0 0.013146 0.999883 0.00787595 0 -0.781191 0.00535348 0.624269 0 -281.955 1.11075 324.786 1 2
0.624154 -0.0143593 0.781169 0 0.013146 0.999883 0.00787595 0 -0.781191 0.00535348 0.624269 0 -281.955 1.11075 324.786 1 2
0.624154 -0.0143593 0.781169 0 0.013146 0.999883 0.00787595 0 -0.781191 0.00535348 0.624269 0 -281.955 1.11075 324.786 1 2
0.624154 -0.0143593 0.781169 0 0.013146 0.999883 0.00787595 0 -0.781191 0.00535348 0.624269 0 -281.955 1.11075 324.786 1 2
0.624154 -0.0143593 0.781169 0 0.013146 0.999883 0.00787595 0 -0.781191 0.00535348 0.624269 0 -281.955 1.11075 324.786 1 2
0.624154 -0.0143593 0.781169 0 0.013146 0.999883 0.00787595 0 -0.781191 0.00535348 0.624269 0 -281.955 1.11075 324.786 1 2
0.624154 -0.0143593 0.781169 0 0.013146 0.999883 0.00787595 0 -0.781191 0.00535348 0.624269 0 -281.955 1.11075 324.786 1 2
0.624154 -0.0143593 0.781169 0 0.013146 0.999883 0.00787595 0 -0.781191 0.00535348 0.624269 0 -281.955 1.11075 324.786 1 2
0.624154 -0.0143593 0.781169 0 0.013146 0.999883 0.00787595 0 -0.781191 0.00535348 0.624269 0 -281.955 1.11075 324.786 1 2
0.624154 -0.0143593 0.781169 0 0.013146 0.999883 0.00787595 0 -0.781191 0.00535348 0.624269 0 -281.955 1.11075 324.786 1 2
0.624154 -0.0143593 0.781169 0 0.013146 0.999883 0.00787595 0 -0.781191 0.00535348 0.624269 0 -281.955 1.11075 324.786 1 2
0.624154 -0.0143593 0.781169 0 0.013146 0.999883 0.00787595 0 -0.781191 0.00535348 0.624269 0 -281.955 1.11075 324.786 1 2
0.624154 -0.0143593 0.781169 0 0.013146 0.999883 0.00787595 0 -0.781191 0.00535348 0.624269 0 -281.955 1.11075 324.786 1 2
0.624154 -0.0143593 0.781169 0 0.013146 0.999883 0.00787595 0 -0.781191 0.00535348 0.624269 0 -281.955 1.11075 324.786 1 2
0.624154 -0.0143593 0.781169 0 0.013146 0.999883 0.00787595 0 -0.781191 0.00535348 0.624269 0 -281.955 1.11075 324.786 1 2
0.624154 -0.0143593 0.781169 0 0.013146 0.999883 0.00787595 0 -0.781191 0.00535348 0.624269 0 -281.955 1.11075 324.786 1 2
0.624154 -0.0143593 0.781169 0 0.013146 0.999883 0.00787595 0 -0.781191 0.00535348 0.624269 0 -281.955 1.11075 324.786 1 2
0.624154 -0.0143593 0.781169 0 0.013146 0.999883 0.00787595 0 -0.781191 0.00535348 0.624269 0 -281.955 1.11075 324.786 1 2
0.624154 -0.0143593 0.781169 0 0.013146 0.999883 0.00787595 0 -0.781191 0.00535348 0.624269 0 -281.955 1.11075 324.786 1 2
0.624154 -0.0143593 0.781169 0 0.013146 0.999883 0.00787595 0 -0.781191 0.00535348 0.624269 0 -281.955 1.11075 324.786 1 2
0.624154 -0.0143593 0.781169 0 0.013146 0.999883 0.00787595 0 -0.781191 0.00535348 0.624269 0 -281.955 1.11075 324.786 1 2
0.624154 -0.0143593 0.781169 0 0.013146 0.999883 0.00787595 0 -0.781191 0.00535348 0.624269 0 -281.955 1.11075 324.786 1 2
0.624154 -0.0143593 0.781169 0 0.013146 0.999883 0.00787595 0 -0.781191 0.00535348 0.624269 0 -281.955 1.11075 324.786 1 2
0.624154 -0.0143593 0.781169 0 0.013146 0.999883 0.00787595 0 -0.781191 0.00535348 0.624269 0 -281.955 1.11075 324.786 1 2
0.624154 -0.0143593 0.781169 0 0.013146 0.999883 0.00787595 0 -0.781191 0.00535348 0.624269 0 -281.955 1.11075 324.786 1 2
0.624154 -0.0143593 0.781169 0 0.013146 0.999883 0.00787595 0 -0.781191 0.00535348 0.624269 0 -281.955 1.11075 324.786 1 2
0.624154 -0.0143593 0.781169 0 0.013146 0.999883 0.00787595 0 -0.781191 0.00535348 0.624269 0 -281.955 1.11075 324.786 1 2
0.624154 -0.0143593 0.781169 0 0.013146 0.999883 0.00787595 0 -0.781191 0.00535348 0.624269 0 -281.955 1.11075 324.786 1 2
0.624154 -0.0143593 0.781169 0 0.013146 0.999883 0.00787595 0 -0.781191 0.00535348 0.624269 0 -281.955 1.11075 324.786 1 2
0.624154 -0.0143593 0.781169 0 0.013146 0.999883 0.00787595 0 -0.781191 0.00535348 0.624269 0 -281.955 1.11075 324.786 1 2
0.624154 -0.0143593 0.781169 0 0.013146 0.999883 0.00787595 0 -0.781191 0.00535348 0.624269 0 -281.955 1.11075 324.786 1 2
0.624154 -0.0143593 0.781169 0 0.013146 0.999883 0.00787595 0 -0.781191 0.00535348 0.624269 0 -281.955 1.11075 324.786 1 2
0.624154 -0.0143593 0.781169 0 0.013146 0.999883 0.00787595 0 -0.781191 0.00535348 0.624269 0 -281.955 1.11075 324.786 1 2
0.624154 -0.0143593 0.781169 0 0.013146 0.999883 0.00787595 0 -0.781191 0.00535348 0.624269 0 -281.955 1.11075 324.786 1 2
0.624154 -0.0143593 0.781169 0 0.013146 0.999883 0.00787595 0 -0.781191 0.00535348 0.624269 0 -281.955 1.11075 324.786 1 2
0.624154 -0.0143593 0.781169 0 0.013146 0.999883 0.00787595 0 -0.781191 0.00535348 0.624269 0 -281.955 1.11075 324.786 1 2
0.624154 -0.0143593 0.781169 0 0.013146 0.999883 0.00787595 0 -0.781191 0.00535348 0.624269 0 -281.955 1.11075 324.786 1 2
0.624154 -0.0143593 0.781169 0 0.013146 0.999883 0.00787595 0 -0.781191 0.00535348 0.624269 0 -281.955 1.11075 324.786 1 2
0.624154 -0.0143593 0.781169 0 0.013146 0.999883 0.00787595 0 -0.781191 0.00535348 0.624269 0 -281.955 1.11075 324.786 1 2
0.624154 -0.0143593 0.781169 0 0.013146 0.999883 0.00787595 0 -0.781191 0.00535348 0.624269 0 -281.955 1.11075 324.786 1 2
0.624154 -0.0143593 0.781169 0 0.013146 0.999883 0.00787595 0 -0.781191 0.00535348 0.624269 0 -281.955 1.11075 324.786 1 2
0.624154 -0.0143593 0.781169 0 0.013146 0.999883 0.00787595 0 -0.781191 0.00535348 0.624269 0 -281.955 1.11075 324.786 1 2
0.624154 -0.0143593 0.781169 0 0.013146 0.999883 0.00787595 0 -0.781191 0.00535348 0.624269 0 -281.955 1.11075 324.786 1 2
0.624154 -0.0143593 0.781169 0 0.013146 0.999883 0.00787595 0 -0.781191 0.00535348 0.624269 0 -281.955 1.11075 324.786 1 2
0.624154 -0.0143593 0.781169 0 0.013146 0.999883 0.00787595 0 -0.781191 0.00535348 0.624269 0 -281.955 1.11075 324.786 1 2
0.624154 -0.0143593 0.781169 0 0.013146 0.999883 0.00787595 0 -0.781191 0.00535348 0.624269 0 -281.955 1.11075 324.786 1 2
0.624154 -0.0143593 0.781169 0 0.013146 0.999883 0.00787595 0 -0.781191 0.00535348 0.624269 0 -281.955 1.11075 324.786 1 2
0.624154 -0.0143593 0.781169 0 0.013146 0.999883 0.00787595 0 -0.781191 0.00535348 0.624269 0 -281.955 1.11075 324.786 1 2
0.624154 -0.0143593 0.781169 0 0.013146 0.999883 0.00787595 0 -0.781191 0.00535348 0.624269 0 -281.955 1.11075 324.786 1 2
0.624154 -0.0143593 0.781169 0 0.013146 0.999883 0.00787595 0 -0.781191 0.00535348 0.624269 0 -281.955 1.11075 324.786 1 2
0.624154 -0.0143593 0.781169 0 0.013146 0.999883 0.00787595 0 -0.781191 0.00535348 0.624269 0 -281.955 1.11075 324.786 1 2
0.624154 -0.0143593 0.781169 0 0.013146 0.999883 0.00787595 0 -0.781191 0.00535348 0.624269 0 -281.955 1.11075 324.786 1 2
0.624154 -0.0143593 0.781169 0 0.013146 0.999883 0.00787595 0 -0.781191 0.00535348 0.624269 0 -281.955 1.11075 324.786 1 2
0.624154 -0.0143593 0.781169 0 0.013146 0.999883 0.00787595 0 -0.781191 0.00535348 0.624269 0 -281.955 1.11075 324.786 1 2
0.624154 -0.0143593 0.781169 0 0.013146 0.999883 0.00787595 0 -0.781191 0.00535348 0.624269 0 -281.955 1.11075 324.786 1 2
0.624154 -0.0143593 0.781169 0 0.013146 0.999883 0.00787595 0 -0.781191 0.00535348 0.624269 0 -281.955 1.11075 324.786 1 2
0.624154 -0.0143593 0.781169 0 0.013146 0.999883 0.00787595 0 -0.781191 0.00535348 0.624269 0 -281.955 1.11075 324.786 1 2
0.624154 -0.0143593 0.781169 0 0.013146 0.999883 0.00787595 0 -0.781191 0.00535348 0.624269 0 -281.955 1.11075 324.786 1 2
0.624154 -0.0143593 0.781169 0 0.013146 0.999883 0.00787595 0 -0.781191 0.00535348 0.624269 0 -281.955 1.11075 324.786 1 2
0.624154 -0.0143593 0.781169 0 0.013146 0.999883 0.00787595 0 -0.781191 0.00535348 0.624269 0 -281.955 1.11075 324.786 1 2
0.624154 -0.0143593 0.781169 0 0.013146 0.999883 0.00787595 0 -0.781191 0.00535348 0.624269 0 -281.955 1.11075 324.786 1 2
0.624154 -0.0143593 0.781169 0 0.013146 0.999883 0.00787595 0 -0.781191 0.00535348 0.624269 0 -281.955 1.11075 324.786 1 2
0.624154 -0.0143593 0.781169 0 0.013146 0.999883 0.00787595 0 -0.781191 0.00535348 0.624269 0 -281.955 1.11075 324.786 1 2
0.624154 -0.0143593 0.781169 0 0.013146 0.999883 0.00787595 0 -0.781191 0.00535348 0.624269 0 -281.955 1.11075 324.786 1 2
0.624154 -0.0143593 0.781169 0 0.013146 0.999883 0.00787595 0 -0.781191 0.00535348 0.624269 0 -281.955 1.11075 324.786 1 2
0.624154 -0.0143593 0.781169 0 0.013146 0.999883 0.00787595 0 -0.781191 0.00535348 0.624269 0 -281.955 1.11075 324.786 1 2
0.624154 -0.0143593 0.781169 0 0.013146 0.999883 0.00787595 0 -0.781191 0.00535348 0.624269 0 -281.955 1.11075 324.786 1 2
0.624154 -0.0143593 0.781169 0 0.013146 0.999883 0.00787595 0 -0.781191 0.00535348 0.624269 0 -281.955 1.11075 324.786 1 2
0.624154 -0.0143593 0.781169 0 0.013146 0.999883 0.00787595 0 -0.781191 0.00535348 0.624269 0 -281.955 1.11075 324.786 1 2
0.624154 -0.0143593 0.781169 0 0.013146 0.999883 0.00787595 0 -0.781191 0.00535348 0.624269 0 -281.955 1.11075 324.786 1 2
0.624154 -0.0143593 0.781169 0 0.013146 0.999883 0.00787595 0 -0.781191 0.00535348 0.624269 0 -281.955 1.11075 324.786 1 2
0.624154 -0.0143593 0.781169 0 0.013146 0.999883 0.00787595 0 -0.781191 0.00535348 0.624269 0 -281.955 1.11075 324.786 1 2
0.624154 -0.0143593 0.781169 0 0.013146 0.999883 0.00787595 0 -0.781191 0.00535348 0.624269 0 -281.955 1.11075 324.786 1 2
0.624154 -0.0143593 0.781169 0 0.013146 0.999883 0.00787595 0 -0.781191 0.00535348 0.624269 0 -281.955 1.11075 324.786 1 2
0.624154 -0.0143593 0.781169 0 0.013146 0.999883 0.00787595 0 -0.781191 0.00535348 0.624269 0 -281.955 1.11075 324.786 1 2
0.624154 -0.0143593 0.781169 0 0.013146 0.999883 0.00787595 0 -0.781191 0.00535348 0.624269 0 -281.955 1.11075 324.786 1 2
0.624154 -0.0143593 0.781169 0 0.013146 0.999883 0.00787595 0 -0.781191 0.00535348 0.624269 0 -281.955 1.11075 324.786 1 2
0.624154 -0.0143593 0.781169 0 0.013146 0.999883 0.00787595 0 -0.781191 0.00535348 0.624269 0 -281.955 1.11075 324.786 1 2
0.624154 -0.0143593 0.781169 0 0.013146 0.999883 0.00787595 0 -0.781191 0.00535348 0.624269 0 -281.955 1.11075 324.786 1 2
0.624154 -0.0143593 0.781169 0 0.013146 0.999883 0.00787595 0 -0.781191 0.00535348 0.624269 0 -281.955 1.11075 324.786 1 2
0.624154 -0.0143593 0.781169 0 0.013146 0.999883 0.00787595 0 -0.781191 0.00535348 0.624269 0 -281.955 1.11075 324.786 1 2
0.624154 -0.0143593 0.781169 0 0.013146 0.999883 0.00787595 0 -0.781191 0.00535348 0.624269 0 -281.955 1.11075 324.786 1 2
0.624154 -0.0143593 0.781169 0 0.013146 0.999883 0.00787595 0 -0.781191 0.00535348 0.624269 0 -281.955 1.11075 324.786 1 2
0.624154 -0.0143593 0.781169 0 0.013146 0.999883 0.00787595 0 -0.781191 0.00535348 0.624269 0 -281.955 1.11075 324.786 1 2
0.624154 -0.0143593 0.781169 0 0.013146 0.999883 0.00787595 0 -0.781191 0.00535348 0.624269 0 -281.955 1.11075 324.786 1 2
0.624154 -0.0143593 0.781169 0 0.013146 0.999883 0.00787595 0 -0.781191 0.00535348 0.624269 0 -281.955 1.11075 324.786 1 2
0.624154 -0.0143593 0.781169 0 0.013146 0.999883 0.00787595 0 -0.781191 0.00535348 0.624269 0 -281.955 1.11075 324.786 1 2
0.624154 -0.0143593 0.781169 0 0.013146 0.999883 0.00787595 0 -0.781191 0.00535348 0.624269 0 -281.955 1.11075 324.786 1 2
0.623864 -0.0150867 0.781387 0 0.0135908 0.999872 0.00845417 0 -0.781415 0.00534546 0.623989 0 -282.337 0.655172 325.178 1 3
0.623176 -0.0157779 0.781922 0 0.0143355 0.999859 0.00875032 0 -0.78195 0.00575629 0.623314 0 -281.684 0.56426 325.96 1 3
0.622823 -0.0158212 0.782203 0 0.0143537 0.999858 0.00879455 0 -0.782231 0.00575009 0.622962 0 -281.011 0.310709 326.47 1 3
0.623502 -0.014653 0.781684 0 0.0127437 0.999882 0.00857829 0 -0.781718 0.00461297 0.623615 0 -282.036 -0.298543 327.179 1 3
0.623869 -0.0135918 0.781411 0 0.0113531 0.999901 0.00832799 0 -0.781446 0.00367584 0.623962 0 -282.668 -0.822081 327.561 1 3
0.624212 -0.0124599 0.781156 0 0.00993379 0.999919 0.00801137 0 -0.781192 0.00275905 0.624285 0 -282.903 -1.26567 327.845 1 3
0.624511 -0.0112841 0.780934 0 0.00848258 0.999935 0.00766502 0 -0.78097 0.00183745 0.624566 0 -282.828 -1.71757 328.042 1 3
0.624666 -0.0102388 0.780825 0 0.0071098 0.999947 0.00742424 0 -0.78086 0.000913844 0.624705 0 -282.549 -2.1614 328.13 1 3
0.624924 -0.00946658 0.780628 0 0.00569082 0.999955 0.0075706 0 -0.780665 -0.000288638 0.62495 0 -282.304 -2.56383 328.253 1 3
0.625063 -0.00863916 0.780527 0 0.00425618 0.999962 0.0076595 0 -0.780563 -0.0014656 0.625075 0 -282.021 -2.97209 328.201 1 3
0.625149 -0.00762808 0.780468 0 0.00286229 0.999968 0.00748073 0 -0.7805 -0.00244264 0.62515 0 -281.691 -3.38863 328.208 1 3
0.625257 -0.00661412 0.780391 0 0.00131113 0.999972 0.00742466 0 -0.780418 -0.00361913 0.625248 0 -281.19 -3.94948 328.29 1 3
0.625424 -0.00546129 0.780266 0 -0.000371626 0.999973 0.00729696 0 -0.780285 -0.00485366 0.625405 0 -280.62 -4.5415 328.385 1 3
0.625638 -0.004288 0.780102 0 -0.00221569 0.999971 0.00727353 0 -0.78011 -0.00627906 0.62561 0 -279.976 -5.10585 328.504 1 3
0.625835 -0.00338623 0.779949 0 -0.00379782 0.999965 0.00738884 0 -0.779947 -0.00758629 0.6258 0 -279.294 -5.57407 328.636 1 3
0.626023 -0.00286534 0.779799 0 -0.00490935 0.999959 0.00761554 0 -0.779789 -0.00859581 0.625984 0 -278.742 -5.84952 328.808 1 3
0.626164 -0.00282965 0.779686 0 -0.00543618 0.999953 0.00799483 0 -0.779672 -0.00924459 0.626119 0 -278.047 -5.91598 328.648 1 3
0.626299 -0.00289219 0.779578 0 -0.00558797 0.999951 0.00819904 0 -0.779563 -0.00949131 0.626252 0 -277.477 -5.82612 328.535 1 3
0.626565 -0.00292111 0.779364 0 -0.00546814 0.999952 0.00814397 0 -0.77935 -0.0093644 0.626519 0 -276.962 -5.5585 328.497 1 3
0.627016 -0.00352826 0.778998 0 -0.00477254 0.999954 0.00837044 0 -0.778991 -0.0089662 0.626971 0 -276.575 -4.86918 328.338 1 3
0.627477 -0.00380753 0.778626 0 -0.00349797 0.999964 0.00770882 0 -0.778627 -0.00756072 0.627441 0 -276.51 -4.23653 328.333 1 3
0.627924 -0.00458303 0.778261 0 -0.00199652 0.99997 0.00749948 0 -0.778272 -0.00626292 0.627896 0 -276.6 -3.60405 328.4 1 3
0.628379 -0.005578 0.777887 0 -0.000218207 0.999973 0.00734678 0 -0.777907 -0.0047863 0.628361 0 -276.661 -3.05345 328.361 1 3
0.628932 -0.00635135 0.777434 0 0.00145826 0.999975 0.00698971 0 -0.777459 -0.00326235 0.628925 0 -276.809 -2.65079 328.295 1 3
0.62949 -0.00707703 0.776976 0 0.0029911 0.999973 0.00668486 0 -0.777003 -0.00188404 0.629495 0 -276.842 -2.33976 328.211 1 3
0.629744 -0.00759367 0.776765 0 0.00409791 0.999971 0.00645345 0 -0.776792 -0.000880906 0.629757 0 -276.963 -2.13053 327.998 1 3
0.629871 -0.00807536 0.776657 0 0.00514399 0.999967 0.00622546 0 -0.776682 7.3877e-05 0.629892 0 -277.162 -1.89374 327.961 1 3
0.629913 -0.00861969 0.776618 0 0.00595445 0.999963 0.00626895 0 -0.776643 0.000675441 0.62994 0 -277.337 -1.81437 327.773 1 3
0.630027 -0.00909629 0.77652 0 0.00647226 0.999958 0.00646243 0 -0.776547 0.000954337 0.630059 0 -277.367 -1.8628 327.619 1 3
0.629993 -0.00948906 0.776543 0 0.00688697 0.999954 0.00663181 0 -0.77657 0.00117003 0.63003 0 -277.497 -2.00704 327.486 1 3
0.629906 -0.00967977 0.776611 0 0.00713374 0.999952 0.00667737 0 -0.776639 0.00133402 0.629945 0 -277.632 -2.11932 327.338 1 3
0.629861 -0.00978981 0.776646 0 0.00722669 0.999951 0.00674377 0 -0.776674 0.00136494 0.629901 0 -277.685 -2.22357 327.133 1 3
0.629771 -0.0098165 0.776718 0 0.00722724 0.999951 0.00677789 0 -0.776747 0.00134501 0.629811 0 -277.65 -2.39296 326.89 1 3
0.629706 -0.00979288 0.776772 0 0.00714332 0.999951 0.00681567 0 -0.776801 0.00125686 0.629745 0 -277.559 -2.54392 326.619 1 3
0.629671 -0.00978223 0.7768 0 0.00712681 0.999951 0.0068154 0 -0.776829 0.00124465 0.62971 0 -277.364 -2.63105 326.39 1 3
0.629613 -0.00963453 0.776849 0 0.0072777 0.999952 0.00650311 0 -0.776875 0.00155923 0.629653 0 -277.316 -2.70382 326.858 1 3
0.629547 -0.00949152 0.776904 0 0.00726991 0.999954 0.00632552 0 -0.776928 0.00166582 0.629587 0 -277.237 -2.76711 327.219 1 3
0.629478 -0.00933147 0.776962 0 0.00725404 0.999955 0.00613258 0 -0.776984 0.00177579 0.629517 0 -277.074 -2.79347 327.488 1 3
0.62942 -0.0091753 0.777011 0 0.00723386 0.999956 0.00594814 0 -0.777032 0.00187691 0.629458 0 -277 -2.79875 327.7 1 3
0.629354 -0.0090439 0.777066 0 0.0071902 0.999957 0.0058146 0 -0.777086 0.00192782 0.629392 0 -276.955 -2.79611 327.919 1 3
0.629284 -0.00900037 0.777124 0 0.00717147 0.999958 0.00577399 0 -0.777143 0.00193964 0.629321 0 -276.899 -2.80256 328.063 1 3
0.629351 -0.00909461 0.777068 0 0.00699076 0.999957 0.00604141 0 -0.77709 0.00163013 0.629388 0 -276.98 -2.83853 328.066 1 3
0.6291 -0.00917917 0.77727 0 0.00695996 0.999957 0.0061758 0 -0.777293 0.00152457 0.629137 0 -277.064 -2.87175 328.059 1 3
0.628946 -0.00927734 0.777394 0 0.00693416 0.999956 0.00632333 0 -0.777418 0.00141354 0.628982 0 -277.121 -2.90546 328.005 1 3
0.628789 -0.00937703 0.77752 0 0.00694921 0.999955 0.00643974 0 -0.777545 0.00135392 0.628825 0 -277.144 -2.95458 327.955 1 3
0.628648 -0.00939952 0.777633 0 0.00692489 0.999955 0.00648864 0 -0.777659 0.00130595 0.628685 0 -277.084 -2.98143 327.904 1 3
0.628526 -0.0094821 0.777731 0 0.00694981 0.999954 0.00657494 0 -0.777758 0.00127257 0.628563 0 -277.034 -2.99993 327.88 1 3
0.62843 -0.00951092 0.777808 0 0.00696294 0.999954 0.00660159 0 -0.777835 0.00126719 0.628467 0 -276.951 -3.01571 327.925 1 3
0.628366 -0.00950185 0.77786 0 0.00696054 0.999954 0.00659199 0 -0.777887 0.00127214 0.628403 0 -276.867 -3.01072 327.951 1 3
0.628292 -0.00949736 0.77792 0 0.00694696 0.999954 0.00659735 0 -0.777947 0.00125912 0.628329 0 -276.796 -3.00597 327.994 1 3
