-0.282392 0 0.959299 0 0 1 0 0 -0.959299 0 -0.282392 0 -4893.78 0 -426.325 1 0
-0.282392 0 0.959299 0 0 1 0 0 -0.959299 0 -0.282392 0 -4893.78 0 -426.325 1 0
-0.282392 0 0.959299 0 0 1 0 0 -0.959299 0 -0.282392 0 -4893.78 0 -426.325 1 0
-0.282392 0 0.959299 0 0 1 0 0 -0.959299 0 -0.282392 0 -4893.78 0 -426.325 1 0
-0.282392 0 0.959299 0 0 1 0 0 -0.959299 0 -0.282392 0 -4893.78 0 -426.325 1 0
-0.282392 0 0.959299 0 0 1 0 0 -0.959299 0 -0.282392 0 -4893.78 0 -426.325 1 0
-0.282392 0 0.959299 0 0 1 0 0 -0.959299 0 -0.282392 0 -4893.78 0 -426.325 1 0
-0.282392 0 0.959299 0 0 1 0 0 -0.959299 0 -0.282392 0 -4893.78 0 -426.325 1 0
-0.282392 0 0.959299 0 0 1 0 0 -0.959299 0 -0.282392 0 -4893.78 0 -426.325 1 0
-0.282392 0 0.959299 0 0 1 0 0 -0.959299 0 -0.282392 0 -4893.78 0 -426.325 1 0
-0.282392 0 0.959299 0 0 1 0 0 -0.959299 0 -0.282392 0 -4893.78 0 -426.325 1 0
-0.282392 0 0.959299 0 0 1 0 0 -0.959299 0 -0.282392 0 -4893.78 0 -426.325 1 0
-0.282392 0 0.959299 0 0 1 0 0 -0.959299 0 -0.282392 0 -4893.78 0 -426.325 1 0
-0.282392 0 0.959299 0 0 1 0 0 -0.959299 0 -0.282392 0 -4893.78 0 -426.325 1 0
-0.282392 0 0.959299 0 0 1 0 0 -0.959299 0 -0.282392 0 -4893.78 0 -426.325 1 0
-0.282392 0 0.959299 0 0 1 0 0 -0.959299 0 -0.282392 0 -4893.78 0 -426.325 1 0
-0.282392 0 0.959299 0 0 1 0 0 -0.959299 0 -0.282392 0 -4893.78 0 -426.325 1 0
-0.282392 0 0.959299 0 0 1 0 0 -0.959299 0 -0.282392 0 -4893.78 0 -426.325 1 0
-0.282392 0 0.959299 0 0 1 0 0 -0.959299 0 -0.282392 0 -4893.78 0 -426.325 1 0
-0.282392 0 0.959299 0 0 1 0 0 -0.959299 0 -0.282392 0 -4893.78 0 -426.325 1 0
-0.282392 0 0.959299 0 0 1 0 0 -0.959299 0 -0.282392 0 -4893.78 0 -426.325 1 0
-0.282392 0 0.959299 0 0 1 0 0 -0.959299 0 -0.282392 0 -4893.78 0 -426.325 1 0
-0.282392 0 0.959299 0 0 1 0 0 -0.959299 0 -0.282392 0 -4893.78 0 -426.325 1 0
-0.282392 0 0.959299 0 0 1 0 0 -0.959299 0 -0.282392 0 -4893.78 0 -426.325 1 0
-0.282392 0 0.959299 0 0 1 0 0 -0.959299 0 -0.282392 0 -4893.78 0 -426.325 1 0
-0.282392 0 0.959299 0 0 1 0 0 -0.959299 0 -0.282392 0 -4893.78 0 -426.325 1 0
-0.282392 0 0.959299 0 0 1 0 0 -0.959299 0 -0.282392 0 -4893.78 0 -426.325 1 0
-0.282392 0 0.959299 0 0 1 0 0 -0.959299 0 -0.282392 0 -4893.78 0 -426.325 1 0
-0.282392 0 0.959299 0 0 1 0 0 -0.959299 0 -0.282392 0 -4893.78 0 -426.325 1 0
-0.282392 0 0.959299 0 0 1 0 0 -0.959299 0 -0.282392 0 -4893.78 0 -426.325 1 0
-0.282392 0 0.959299 0 0 1 0 0 -0.959299 0 -0.282392 0 -4893.78 0 -426.325 1 0
-0.282392 0 0.959299 0 0 1 0 0 -0.959299 0 -0.282392 0 -4893.78 0 -426.325 1 0
-0.282392 0 0.959299 0 0 1 0 0 -0.959299 0 -0.282392 0 -4893.78 0 -426.325 1 0
-0.282392 0 0.959299 0 0 1 0 0 -0.959299 0 -0.282392 0 -4893.78 0 -426.325 1 0
-0.282392 0 0.959299 0 0 1 0 0 -0.959299 0 -0.282392 0 -4893.78 0 -426.325 1 0
-0.282392 0 0.959299 0 0 1 0 0 -0.959299 0 -0.282392 0 -4893.78 0 -426.325 1 0
-0.282392 0 0.959299 0 0 1 0 0 -0.959299 0 -0.282392 0 -4893.78 0 -426.325 1 0
-0.282392 0 0.959299 0 0 1 0 0 -0.959299 0 -0.282392 0 -4893.78 0 -426.325 1 0
-0.282392 0 0.959299 0 0 1 0 0 -0.959299 0 -0.282392 0 -4893.78 0 -426.325 1 0
-0.282392 0 0.959299 0 0 1 0 0 -0.959299 0 -0.282392 0 -4893.78 0 -426.325 1 0
-0.282392 0 0.959299 0 0 1 0 0 -0.959299 0 -0.282392 0 -4893.78 0 -426.325 1 0
-0.282392 0 0.959299 0 0 1 0 0 -0.959299 0 -0.282392 0 -4893.78 0 -426.325 1 0
-0.282392 0 0.959299 0 0 1 0 0 -0.959299 0 -0.282392 0 -4893.78 0 -426.325 1 0
-0.282392 0 0.959299 0 0 1 0 0 -0.959299 0 -0.282392 0 -4893.78 0 -426.325 1 0
-0.282392 0 0.959299 0 0 1 0 0 -0.959299 0 -0.282392 0 -4893.78 0 -426.325 1 0
-0.282392 0 0.959299 0 0 1 0 0 -0.959299 0 -0.282392 0 -4893.78 0 -426.325 1 0
-0.282392 0 0.959299 0 0 1 0 0 -0.959299 0 -0.282392 0 -4893.78 0 -426.325 1 0
-0.282392 0 0.959299 0 0 1 0 0 -0.959299 0 -0.282392 0 -4893.78 0 -426.325 1 0
-0.282392 0 0.959299 0 0 1 0 0 -0.959299 0 -0.282392 0 -4893.78 0 -426.325 1 0
-0.282392 0 0.959299 0 0 1 0 0 -0.959299 0 -0.282392 0 -4893.78 0 -426.325 1 0
-0.282392 0 0.959299 0 0 1 0 0 -0.959299 0 -0.282392 0 -4893.78 0 -426.325 1 0
-0.282392 0 0.959299 0 0 1 0 0 -0.959299 0 -0.282392 0 -4893.78 0 -426.325 1 0
-0.282392 0 0.959299 0 0 1 0 0 -0.959299 0 -0.282392 0 -4893.78 0 -426.325 1 0
-0.282392 0 0.959299 0 0 1 0 0 -0.959299 0 -0.282392 0 -4893.78 0 -426.325 1 0
-0.282392 0 0.959299 0 0 1 0 0 -0.959299 0 -0.282392 0 -4893.78 0 -426.325 1 0
-0.282392 0 0.959299 0 0 1 0 0 -0.959299 0 -0.282392 0 -4893.78 0 -426.325 1 0
-0.231033 -0.0742839 0.970106 0 0.0479742 0.994999 0.0876151 0 -0.971762 0.0667821 -0.226314 0 -4752.34 20.2423 1403.73 1 1
-0.224177 -0.0764824 0.971543 0 0.0441422 0.995096 0.088522 0 -0.973548 0.0627306 -0.219701 0 -4770.84 13.9617 1483.5 1 1
-0.224177 -0.0764824 0.971543 0 0.0441422 0.995096 0.088522 0 -0.973548 0.0627306 -0.219701 0 -4770.84 13.9617 1483.5 1 2
-0.224177 -0.0764824 0.971543 0 0.0441422 0.995096 0.088522 0 -0.973548 0.0627306 -0.219701 0 -4770.84 13.9617 1483.5 1 2
-0.224177 -0.0764824 0.971543 0 0.0441422 0.995096 0.088522 0 -0.973548 0.0627306 -0.219701 0 -4770.84 13.9617 1483.5 1 2
-0.224177 -0.0764824 0.971543 0 0.0441422 0.995096 0.088522 0 -0.973548 0.0627306 -0.219701 0 -4770.84 13.9617 1483.5 1 2
-0.224177 -0.0764824 0.971543 0 0.0441422 0.995096 0.088522 0 -0.973548 0.0627306 -0.219701 0 -4770.84 13.9617 1483.5 1 2
-0.224177 -0.0764824 0.971543 0 0.0441422 0.995096 0.088522 0 -0.973548 0.0627306 -0.219701 0 -4770.84 13.9617 1483.5 1 2
-0.224177 -0.0764824 0.971543 0 0.0441422 0.995096 0.088522 0 -0.973548 0.0627306 -0.219701 0 -4770.84 13.9617 1483.5 1 2
-0.224177 -0.0764824 0.971543 0 0.0441422 0.995096 0.088522 0 -0.973548 0.0627306 -0.219701 0 -4770.84 13.9617 1483.5 1 2
-0.224177 -0.0764824 0.971543 0 0.0441422 0.995096 0.088522 0 -0.973548 0.0627306 -0.219701 0 -4770.84 13.9617 1483.5 1 2
-0.224177 -0.0764824 0.971543 0 0.0441422 0.995096 0.088522 0 -0.973548 0.0627306 -0.219701 0 -4770.84 13.9617 1483.5 1 2
-0.224177 -0.0764824 0.971543 0 0.0441422 0.995096 0.088522 0 -0.973548 0.0627306 -0.219701 0 -4770.84 13.9617 1483.5 1 2
-0.224177 -0.0764824 0.971543 0 0.0441422 0.995096 0.088522 0 -0.973548 0.0627306 -0.219701 0 -4770.84 13.9617 1483.5 1 2
-0.224177 -0.0764824 0.971543 0 0.0441422 0.995096 0.088522 0 -0.973548 0.0627306 -0.219701 0 -4770.84 13.9617 1483.5 1 2
-0.224177 -0.0764824 0.971543 0 0.0441422 0.995096 0.088522 0 -0.973548 0.0627306 -0.219701 0 -4770.84 13.9617 1483.5 1 2
-0.224177 -0.0764824 0.971543 0 0.0441422 0.995096 0.088522 0 -0.973548 0.0627306 -0.219701 0 -4770.84 13.9617 1483.5 1 2
-0.224177 -0.0764824 0.971543 0 0.0441422 0.995096 0.088522 0 -0.973548 0.0627306 -0.219701 0 -4770.84 13.9617 1483.5 1 2
-0.224177 -0.0764824 0.971543 0 0.0441422 0.995096 0.088522 0 -0.973548 0.0627306 -0.219701 0 -4770.84 13.9617 1483.5 1 2
-0.224177 -0.0764824 0.971543 0 0.0441422 0.995096 0.088522 0 -0.973548 0.0627306 -0.219701 0 -4770.84 13.9617 1483.5 1 2
-0.224177 -0.0764824 0.971543 0 0.0441422 0.995096 0.088522 0 -0.973548 0.0627306 -0.219701 0 -4770.84 13.9617 1483.5 1 2
-0.224177 -0.0764824 0.971543 0 0.0441422 0.995096 0.088522 0 -0.973548 0.0627306 -0.219701 0 -4770.84 13.9617 1483.5 1 2
-0.224177 -0.0764824 0.971543 0 0.0441422 0.995096 0.088522 0 -0.973548 0.0627306 -0.219701 0 -4770.84 13.9617 1483.5 1 2
-0.224177 -0.0764824 0.971543 0 0.0441422 0.995096 0.088522 0 -0.973548 0.0627306 -0.219701 0 -4770.84 13.9617 1483.5 1 2
-0.224177 -0.0764824 0.971543 0 0.0441422 0.995096 0.088522 0 -0.973548 0.0627306 -0.219701 0 -4770.84 13.9617 1483.5 1 2
-0.224177 -0.0764824 0.971543 0 0.0441422 0.995096 0.088522 0 -0.973548 0.0627306 -0.219701 0 -4770.84 13.9617 1483.5 1 2
-0.224177 -0.0764824 0.971543 0 0.0441422 0.995096 0.088522 0 -0.973548 0.0627306 -0.219701 0 -4770.84 13.9617 1483.5 1 2
-0.224177 -0.0764824 0.971543 0 0.0441422 0.995096 0.088522 0 -0.973548 0.0627306 -0.219701 0 -4770.84 13.9617 1483.5 1 2
-0.224177 -0.0764824 0.971543 0 0.0441422 0.995096 0.088522 0 -0.973548 0.0627306 -0.219701 0 -4770.84 13.9617 1483.5 1 2
-0.224177 -0.0764824 0.971543 0 0.0441422 0.995096 0.088522 0 -0.973548 0.0627306 -0.219701 0 -4770.84 13.9617 1483.5 1 2
-0.224177 -0.0764824 0.971543 0 0.0441422 0.995096 0.088522 0 -0.973548 0.0627306 -0.219701 0 -4770.84 13.9617 1483.5 1 2
-0.224177 -0.0764824 0.971543 0 0.0441422 0.995096 0.088522 0 -0.973548 0.0627306 -0.219701 0 -4770.84 13.9617 1483.5 1 2
-0.224177 -0.0764824 0.971543 0 0.0441422 0.995096 0.088522 0 -0.973548 0.0627306 -0.219701 0 -4770.84 13.9617 1483.5 1 2
-0.224177 -0.0764824 0.971543 0 0.0441422 0.995096 0.088522 0 -0.973548 0.0627306 -0.219701 0 -4770.84 13.9617 1483.5 1 2
-0.224177 -0.0764824 0.971543 0 0.0441422 0.995096 0.088522 0 -0.973548 0.0627306 -0.219701 0 -4770.84 13.9617 1483.5 1 2
-0.224177 -0.0764824 0.971543 0 0.0441422 0.995096 0.088522 0 -0.973548 0.0627306 -0.219701 0 -4770.84 13.9617 1483.5 1 2
-0.224177 -0.0764824 0.971543 0 0.0441422 0.995096 0.088522 0 -0.973548 0.0627306 -0.219701 0 -4770.84 13.9617 1483.5 1 2
-0.224177 -0.0764824 0.971543 0 0.0441422 0.995096 0.088522 0 -0.973548 0.0627306 -0.219701 0 -4770.84 13.9617 1483.5 1 2
-0.224177 -0.0764824 0.971543 0 0.0441422 0.995096 0.088522 0 -0.973548 0.0627306 -0.219701 0 -4770.84 13.9617 1483.5 1 2
-0.224177 -0.0764824 0.971543 0 0.0441422 0.995096 0.088522 0 -0.973548 0.0627306 -0.219701 0 -4770.84 13.9617 1483.5 1 2
-0.224177 -0.0764824 0.971543 0 0.0441422 0.995096 0.088522 0 -0.973548 0.0627306 -0.219701 0 -4770.84 13.9617 1483.5 1 2
-0.224177 -0.0764824 0.971543 0 0.0441422 0.995096 0.088522 0 -0.973548 0.0627306 -0.219701 0 -4770.84 13.9617 1483.5 1 2
-0.224177 -0.0764824 0.971543 0 0.0441422 0.995096 0.088522 0 -0.973548 0.0627306 -0.219701 0 -4770.84 13.9617 1483.5 1 2
-0.224177 -0.0764824 0.971543 0 0.0441422 0.995096 0.088522 0 -0.973548 0.0627306 -0.219701 0 -4770.84 13.9617 1483.5 1 2
-0.224177 -0.0764824 0.971543 0 0.0441422 0.995096 0.088522 0 -0.973548 0.0627306 -0.219701 0 -4770.84 13.9617 1483.5 1 2
-0.224177 -0.0764824 0.971543 0 0.0441422 0.995096 0.088522 0 -0.973548 0.0627306 -0.219701 0 -4770.84 13.9617 1483.5 1 2
-0.224177 -0.0764824 0.971543 0 0.0441422 0.995096 0.088522 0 -0.973548 0.0627306 -0.219701 0 -4770.84 13.9617 1483.5 1 2
-0.224177 -0.0764824 0.971543 0 0.0441422 0.995096 0.088522 0 -0.973548 0.0627306 -0.219701 0 -4770.84 13.9617 1483.5 1 2
-0.224177 -0.0764824 0.971543 0 0.0441422 0.995096 0.088522 0 -0.973548 0.0627306 -0.219701 0 -4770.84 13.9617 1483.5 1 2
-0.224177 -0.0764824 0.971543 0 0.0441422 0.995096 0.088522 0 -0.973548 0.0627306 -0.219701 0 -4770.84 13.9617 1483.5 1 2
-0.224177 -0.0764824 0.971543 0 0.0441422 0.995096 0.088522 0 -0.973548 0.0627306 -0.219701 0 -4770.84 13.9617 1483.5 1 2
-0.224177 -0.0764824 0.971543 0 0.0441422 0.995096 0.088522 0 -0.973548 0.0627306 -0.219701 0 -4770.84 13.9617 1483.5 1 2
-0.224177 -0.0764824 0.971543 0 0.0441422 0.995096 0.088522 0 -0.973548 0.0627306 -0.219701 0 -4770.84 13.9617 1483.5 1 2
-0.224177 -0.0764824 0.971543 0 0.0441422 0.995096 0.088522 0 -0.973548 0.0627306 -0.219701 0 -4770.84 13.9617 1483.5 1 2
-0.224177 -0.0764824 0.971543 0 0.0441422 0.995096 0.088522 0 -0.973548 0.0627306 -0.219701 0 -4770.84 13.9617 1483.5 1 2
-0.224177 -0.0764824 0.971543 0 0.0441422 0.995096 0.088522 0 -0.973548 0.0627306 -0.219701 0 -4770.84 13.9617 1483.5 1 2
-0.224177 -0.0764824 0.971543 0 0.0441422 0.995096 0.088522 0 -0.973548 0.0627306 -0.219701 0 -4770.84 13.9617 1483.5 1 2
-0.224177 -0.0764824 0.971543 0 0.0441422 0.995096 0.088522 0 -0.973548 0.0627306 -0.219701 0 -4770.84 13.9617 1483.5 1 2
-0.224177 -0.0764824 0.971543 0 0.0441422 0.995096 0.088522 0 -0.973548 0.0627306 -0.219701 0 -4770.84 13.9617 1483.5 1 2
-0.224177 -0.0764824 0.971543 0 0.0441422 0.995096 0.088522 0 -0.973548 0.0627306 -0.219701 0 -4770.84 13.9617 1483.5 1 2
-0.224177 -0.0764824 0.971543 0 0.0441422 0.995096 0.088522 0 -0.973548 0.0627306 -0.219701 0 -4770.84 13.9617 1483.5 1 2
-0.224177 -0.0764824 0.971543 0 0.0441422 0.995096 0.088522 0 -0.973548 0.0627306 -0.219701 0 -4770.84 13.9617 1483.5 1 2
-0.224177 -0.0764824 0.971543 0 0.0441422 0.995096 0.088522 0 -0.973548 0.0627306 -0.219701 0 -4770.84 13.9617 1483.5 1 2
-0.224177 -0.0764824 0.971543 0 0.0441422 0.995096 0.088522 0 -0.973548 0.0627306 -0.219701 0 -4770.84 13.9617 1483.5 1 2
-0.224177 -0.0764824 0.971543 0 0.0441422 0.995096 0.088522 0 -0.973548 0.0627306 -0.219701 0 -4770.84 13.9617 1483.5 1 2
-0.224177 -0.0764824 0.971543 0 0.0441422 0.995096 0.088522 0 -0.973548 0.0627306 -0.219701 0 -4770.84 13.9617 1483.5 1 2
-0.224177 -0.0764824 0.971543 0 0.0441422 0.995096 0.088522 0 -0.973548 0.0627306 -0.219701 0 -4770.84 13.9617 1483.5 1 2
-0.224177 -0.0764824 0.971543 0 0.0441422 0.995096 0.088522 0 -0.973548 0.0627306 -0.219701 0 -4770.84 13.9617 1483.5 1 2
-0.224177 -0.0764824 0.971543 0 0.0441422 0.995096 0.088522 0 -0.973548 0.0627306 -0.219701 0 -4770.84 13.9617 1483.5 1 2
-0.224177 -0.0764824 0.971543 0 0.0441422 0.995096 0.088522 0 -0.973548 0.0627306 -0.219701 0 -4770.84 13.9617 1483.5 1 2
-0.224177 -0.0764824 0.971543 0 0.0441422 0.995096 0.088522 0 -0.973548 0.0627306 -0.219701 0 -4770.84 13.9617 1483.5 1 2
-0.224177 -0.0764824 0.971543 0 0.0441422 0.995096 0.088522 0 -0.973548 0.0627306 -0.219701 0 -4770.84 13.9617 1483.5 1 2
-0.226078 -0.0877185 0.970152 0 0.036345 0.994484 0.0983882 0 -0.973431 0.0575036 -0.221643 0 -4772.92 -10.7239 1477.13 1 3
-0.22782 -0.0950034 0.969057 0 0.0298835 0.994078 0.104482 0 -0.973245 0.0527619 -0.223632 0 -4774.74 -29.7587 1469.93 1 3
-0.229052 -0.100585 0.968203 0 0.0240551 0.993758 0.108931 0 -0.973117 0.0482412 -0.225203 0 -4775.83 -47.5068 1463.78 1 3
-0.230143 -0.105899 0.967378 0 0.0178173 0.993436 0.11299 0 -0.972994 0.04324 -0.226745 0 -4777.05 -69.7153 1459.78 1 3
-0.230695 -0.110068 0.966781 0 0.0120878 0.993181 0.115958 0 -0.972951 0.0384371 -0.227791 0 -4777.73 -91.1511 1456.82 1 3
-0.230598 -0.112644 0.966507 0 0.00654658 0.993075 0.117303 0 -0.973027 0.0333771 -0.228264 0 -4777.42 -112.086 1455.85 1 3
-0.230071 -0.113721 0.966506 0 0.000881003 0.993124 0.117063 0 -0.973173 0.0277843 -0.228389 0 -4776.33 -134.231 1456.47 1 3
-0.229246 -0.114023 0.966667 0 -0.00498892 0.99324 0.115974 0 -0.973356 0.0217639 -0.228265 0 -4774.7 -156.809 1457.76 1 3
-0.228368 -0.113642 0.96692 0 -0.0106782 0.993397 0.114232 0 -0.973516 0.0157621 -0.228074 0 -4772.84 -179.174 1459.7 1 3
-0.227354 -0.113205 0.96721 0 -0.016399 0.993524 0.112431 0 -0.973674 0.00970029 -0.227738 0 -4770.82 -201.877 1461.74 1 3
-0.226174 -0.112182 0.967606 0 -0.0219245 0.993681 0.11008 0 -0.97384 0.00368288 -0.227204 0 -4768.58 -223.763 1464.66 1 3
-0.224804 -0.111036 0.968057 0 -0.0275465 0.993813 0.107594 0 -0.974015 -0.00247905 -0.226472 0 -4765.78 -246.761 1468.59 1 3
-0.223048 -0.109411 0.968648 0 -0.0335883 0.993954 0.104536 0 -0.974229 -0.00921886 -0.225374 0 -4762.37 -271.36 1474.25 1 3
-0.220971 -0.107355 0.969354 0 -0.0401955 0.994081 0.10093 0 -0.974452 -0.016661 -0.223979 0 -4758.29 -297.577 1481.17 1 3
-0.218883 -0.104987 0.970086 0 -0.0457417 0.994206 0.0972767 0 -0.974678 -0.0230812 -0.222417 0 -4754.33 -319.491 1488.82 1 3
-0.216673 -0.102532 0.970845 0 -0.0501733 0.994325 0.0938137 0 -0.974954 -0.0283836 -0.220588 0 -4750.86 -336.955 1497.27 1 3
-0.214248 -0.100391 0.971607 0 -0.0530599 0.994432 0.0910496 0 -0.975337 -0.0320462 -0.218382 0 -4747.71 -348.843 1506.24 1 3
-0.211943 -0.0976981 0.972386 0 -0.0542026 0.994634 0.0881193 0 -0.975778 -0.0340296 -0.216101 0 -4745.52 -354.004 1515.49 1 3
-0.209526 -0.0938802 0.973286 0 -0.0538648 0.994977 0.0843766 0 -0.976318 -0.0347468 -0.21353 0 -4744.01 -353.07 1526.33 1 3
-0.207009 -0.0887927 0.974301 0 -0.0513021 0.995488 0.0798234 0 -0.976993 -0.0334595 -0.210631 0 -4743.39 -343 1538.98 1 3
-0.2045 -0.0818127 0.975442 0 -0.0458354 0.996208 0.0739451 0 -0.977793 -0.0295881 -0.207474 0 -4744.41 -320.74 1553.36 1 3
-0.201787 -0.075075 0.976548 0 -0.0389036 0.996885 0.0685997 0 -0.978656 -0.0241487 -0.20408 0 -4746.03 -293.429 1568.9 1 3
-0.199061 -0.0689173 0.977561 0 -0.0314903 0.997459 0.0639077 0 -0.979481 -0.0180622 -0.200725 0 -4747.59 -264.173 1583.87 1 3
-0.196217 -0.0638836 0.978477 0 -0.024416 0.997884 0.0602545 0 -0.980257 -0.0120676 -0.197361 0 -4748.72 -236.026 1598.87 1 3
-0.19358 -0.0598316 0.979258 0 -0.0177269 0.998189 0.057484 0 -0.980924 -0.00623144 -0.19429 0 -4749.61 -210.586 1612.14 1 3
-0.19131 -0.0566044 0.979896 0 -0.0120138 0.998396 0.0553276 0 -0.981456 -0.00118761 -0.191683 0 -4750.68 -189.22 1622.81 1 3
-0.189428 -0.0543913 0.980387 0 -0.00731827 0.998515 0.053983 0 -0.981867 0.00305117 -0.189545 0 -4751.76 -171.52 1631.5 1 3
-0.18776 -0.0528305 0.980793 0 -0.00339226 0.998581 0.0531393 0 -0.982209 0.00665034 -0.187673 0 -4752.88 -157.101 1638.66 1 3
-0.186156 -0.0521028 0.981138 0 -0.000131166 0.998594 0.053005 0 -0.98252 0.00973849 -0.185901 0 -4753.57 -145.687 1645.28 1 3
-0.184932 -0.0518146 0.981384 0 0.00248249 0.998581 0.0531904 0 -0.982748 0.0122729 -0.184541 0 -4754.54 -137.104 1650.11 1 3
-0.183918 -0.0515928 0.981587 0 0.00463998 0.998565 0.0533546 0 -0.982931 0.0143674 -0.183415 0 -4755.44 -129.9 1653.8 1 3
-0.183053 -0.0514616 0.981755 0 0.00645344 0.998545 0.053545 0 -0.983082 0.0161373 -0.182455 0 -4756.28 -124.023 1656.89 1 3
-0.182203 -0.0515193 0.98191 0 0.00794138 0.998517 0.0538642 0 -0.983229 0.0176119 -0.181523 0 -4756.92 -119.432 1659.78 1 3
-0.181429 -0.0516067 0.982049 0 0.00904798 0.998492 0.0541424 0 -0.983362 0.0187086 -0.180689 0 -4757.39 -116.29 1662.33 1 3
-0.180732 -0.0516919 0.982173 0 0.0101096 0.998468 0.0544098 0 -0.98348 0.019763 -0.179932 0 -4757.77 -113.197 1664.6 1 3
-0.180005 -0.0514816 0.982318 0 0.0106886 0.998468 0.0542866 0 -0.983608 0.0202715 -0.179179 0 -4758.07 -111.001 1667.42 1 3
-0.179399 -0.0514041 0.982432 0 0.0111921 0.998463 0.0542866 0 -0.983713 0.0207344 -0.178548 0 -4758.41 -109.428 1669.73 1 3
-0.178801 -0.0513851 0.982542 0 0.0116308 0.998455 0.0543339 0 -0.983816 0.0211427 -0.177927 0 -4758.61 -108.046 1671.91 1 3
-0.178273 -0.0513381 0.982641 0 0.0118842 0.998453 0.0543203 0 -0.983909 0.0213618 -0.177387 0 -4758.83 -107.139 1673.9 1 3
-0.177838 -0.0513527 0.982719 0 0.0122361 0.998445 0.0543888 0 -0.983984 0.021697 -0.176933 0 -4759.12 -105.962 1675.45 1 3
-0.177455 -0.0514871 0.982781 0 0.0125065 0.998432 0.0545652 0 -0.98405 0.021974 -0.176532 0 -4759.45 -105.24 1676.42 1 3
-0.176754 -0.052025 0.982879 0 0.0124788 0.998403 0.0550909 0 -0.984176 0.0220027 -0.175823 0 -4759.61 -106.276 1678.3 1 3
-0.176838 -0.0526287 0.982832 0 0.0127015 0.998364 0.0557457 0 -0.984158 0.0223414 -0.17588 0 -4761.1 -106.005 1676.15 1 3
-0.176844 -0.0530467 0.982808 0 0.013061 0.998332 0.0562347 0 -0.984152 0.0227812 -0.175856 0 -4762.37 -105.225 1674.81 1 3
-0.176793 -0.0534194 0.982797 0 0.0134256 0.998302 0.0566773 0 -0.984157 0.0232148 -0.175776 0 -4763.44 -104.295 1673.9 1 3
-0.176567 -0.0537078 0.982822 0 0.01367 0.99828 0.0570083 0 -0.984194 0.023501 -0.175529 0 -4764.22 -103.731 1673.57 1 3
-0.176286 -0.0540505 0.982854 0 0.0139788 0.998253 0.0574046 0 -0.98424 0.0238587 -0.175222 0 -4764.92 -102.84 1673.57 1 3
-0.176026 -0.0543268 0.982885 0 0.0141902 0.998232 0.0577164 0 -0.984283 0.0241069 -0.174944 0 -4765.48 -102.157 1673.93 1 3
-0.175815 -0.0545109 0.982913 0 0.0143247 0.998218 0.057922 0 -0.984319 0.0242635 -0.174721 0 -4765.93 -101.521 1674.23 1 3
-0.175691 -0.0547242 0.982923 0 0.0145892 0.998199 0.0581824 0 -0.984337 0.0245622 -0.174576 0 -4766.4 -100.676 1674.35 1 3
