0.210864 0 -0.977515 0 0 1 0 0 0.977515 0 0.210864 0 -1359.45 0 -1111.27 1 0
0.210864 0 -0.977515 0 0 1 0 0 0.977515 0 0.210864 0 -1359.45 0 -1111.27 1 0
0.210864 0 -0.977515 0 0 1 0 0 0.977515 0 0.210864 0 -1359.45 0 -1111.27 1 0
0.210864 0 -0.977515 0 0 1 0 0 0.977515 0 0.210864 0 -1359.45 0 -1111.27 1 0
0.210864 0 -0.977515 0 0 1 0 0 0.977515 0 0.210864 0 -1359.45 0 -1111.27 1 0
0.210864 0 -0.977515 0 0 1 0 0 0.977515 0 0.210864 0 -1359.45 0 -1111.27 1 0
0.210864 0 -0.977515 0 0 1 0 0 0.977515 0 0.210864 0 -1359.45 0 -1111.27 1 0
0.210864 0 -0.977515 0 0 1 0 0 0.977515 0 0.210864 0 -1359.45 0 -1111.27 1 0
0.210864 0 -0.977515 0 0 1 0 0 0.977515 0 0.210864 0 -1359.45 0 -1111.27 1 0
0.210864 0 -0.977515 0 0 1 0 0 0.977515 0 0.210864 0 -1359.45 0 -1111.27 1 0
0.210864 0 -0.977515 0 0 1 0 0 0.977515 0 0.210864 0 -1359.45 0 -1111.27 1 0
0.210864 0 -0.977515 0 0 1 0 0 0.977515 0 0.210864 0 -1359.45 0 -1111.27 1 0
0.210864 0 -0.977515 0 0 1 0 0 0.977515 0 0.210864 0 -1359.45 0 -1111.27 1 0
0.210864 0 -0.977515 0 0 1 0 0 0.977515 0 0.210864 0 -1359.45 0 -1111.27 1 0
0.210864 0 -0.977515 0 0 1 0 0 0.977515 0 0.210864 0 -1359.45 0 -1111.27 1 0
0.210864 0 -0.977515 0 0 1 0 0 0.977515 0 0.210864 0 -1359.45 0 -1111.27 1 0
0.210864 0 -0.977515 0 0 1 0 0 0.977515 0 0.210864 0 -1359.45 0 -1111.27 1 0
0.210864 0 -0.977515 0 0 1 0 0 0.977515 0 0.210864 0 -1359.45 0 -1111.27 1 0
0.210864 0 -0.977515 0 0 1 0 0 0.977515 0 0.210864 0 -1359.45 0 -1111.27 1 0
0.210864 0 -0.977515 0 0 1 0 0 0.977515 0 0.210864 0 -1359.45 0 -1111.27 1 0
0.210864 0 -0.977515 0 0 1 0 0 0.977515 0 0.210864 0 -1359.45 0 -1111.27 1 0
0.210864 0 -0.977515 0 0 1 0 0 0.977515 0 0.210864 0 -1359.45 0 -1111.27 1 0
0.210864 0 -0.977515 0 0 1 0 0 0.977515 0 0.210864 0 -1359.45 0 -1111.27 1 0
0.210864 0 -0.977515 0 0 1 0 0 0.977515 0 0.210864 0 -1359.45 0 -1111.27 1 0
0.210864 0 -0.977515 0 0 1 0 0 0.977515 0 0.210864 0 -1359.45 0 -1111.27 1 0
0.210864 0 -0.977515 0 0 1 0 0 0.977515 0 0.210864 0 -1359.45 0 -1111.27 1 0
0.210864 0 -0.977515 0 0 1 0 0 0.977515 0 0.210864 0 -1359.45 0 -1111.27 1 0
0.210864 0 -0.977515 0 0 1 0 0 0.977515 0 0.210864 0 -1359.45 0 -1111.27 1 0
0.210864 0 -0.977515 0 0 1 0 0 0.977515 0 0.210864 0 -1359.45 0 -1111.27 1 0
0.210864 0 -0.977515 0 0 1 0 0 0.977515 0 0.210864 0 -1359.45 0 -1111.27 1 0
0.210864 0 -0.977515 0 0 1 0 0 0.977515 0 0.210864 0 -1359.45 0 -1111.27 1 0
0.210864 0 -0.977515 0 0 1 0 0 0.977515 0 0.210864 0 -1359.45 0 -1111.27 1 0
0.210864 0 -0.977515 0 0 1 0 0 0.977515 0 0.210864 0 -1359.45 0 -1111.27 1 0
0.210864 0 -0.977515 0 0 1 0 0 0.977515 0 0.210864 0 -1359.45 0 -1111.27 1 0
0.210864 0 -0.977515 0 0 1 0 0 0.977515 0 0.210864 0 -1359.45 0 -1111.27 1 0
0.210864 0 -0.977515 0 0 1 0 0 0.977515 0 0.210864 0 -1359.45 0 -1111.27 1 0
0.210864 0 -0.977515 0 0 1 0 0 0.977515 0 0.210864 0 -1359.45 0 -1111.27 1 0
0.210864 0 -0.977515 0 0 1 0 0 0.977515 0 0.210864 0 -1359.45 0 -1111.27 1 0
0.210864 0 -0.977515 0 0 1 0 0 0.977515 0 0.210864 0 -1359.45 0 -1111.27 1 0
0.210864 0 -0.977515 0 0 1 0 0 0.977515 0 0.210864 0 -1359.45 0 -1111.27 1 0
0.210864 0 -0.977515 0 0 1 0 0 0.977515 0 0.210864 0 -1359.45 0 -1111.27 1 0
0.210864 0 -0.977515 0 0 1 0 0 0.977515 0 0.210864 0 -1359.45 0 -1111.27 1 0
0.210864 0 -0.977515 0 0 1 0 0 0.977515 0 0.210864 0 -1359.45 0 -1111.27 1 0
0.210864 0 -0.977515 0 0 1 0 0 0.977515 0 0.210864 0 -1359.45 0 -1111.27 1 0
0.210864 0 -0.977515 0 0 1 0 0 0.977515 0 0.210864 0 -1359.45 0 -1111.27 1 0
0.210864 0 -0.977515 0 0 1 0 0 0.977515 0 0.210864 0 -1359.45 0 -1111.27 1 0
0.210864 0 -0.977515 0 0 1 0 0 0.977515 0 0.210864 0 -1359.45 0 -1111.27 1 0
0.210864 0 -0.977515 0 0 1 0 0 0.977515 0 0.210864 0 -1359.45 0 -1111.27 1 0
0.210864 0 -0.977515 0 0 1 0 0 0.977515 0 0.210864 0 -1359.45 0 -1111.27 1 0
0.210864 0 -0.977515 0 0 1 0 0 0.977515 0 0.210864 0 -1359.45 0 -1111.27 1 0
0.210864 0 -0.977515 0 0 1 0 0 0.977515 0 0.210864 0 -1359.45 0 -1111.27 1 0
0.210864 0 -0.977515 0 0 1 0 0 0.977515 0 0.210864 0 -1359.45 0 -1111.27 1 0
0.210864 0 -0.977515 0 0 1 0 0 0.977515 0 0.210864 0 -1359.45 0 -1111.27 1 0
0.210864 0 -0.977515 0 0 1 0 0 0.977515 0 0.210864 0 -1359.45 0 -1111.27 1 0
0.210864 0 -0.977515 0 0 1 0 0 0.977515 0 0.210864 0 -1359.45 0 -1111.27 1 0
0.210864 0 -0.977515 0 0 1 0 0 0.977515 0 0.210864 0 -1359.45 0 -1111.27 1 0
0.210864 0 -0.977515 0 0 1 0 0 0.977515 0 0.210864 0 -1359.45 0 -1111.27 1 0
0.210864 0 -0.977515 0 0 1 0 0 0.977515 0 0.210864 0 -1359.45 0 -1111.27 1 0
0.210864 0 -0.977515 0 0 1 0 0 0.977515 0 0.210864 0 -1359.45 0 -1111.27 1 0
0.210864 0 -0.977515 0 0 1 0 0 0.977515 0 0.210864 0 -1359.45 0 -1111.27 1 0
0.210864 0 -0.977515 0 0 1 0 0 0.977515 0 0.210864 0 -1359.45 0 -1111.27 1 0
0.210864 0 -0.977515 0 0 1 0 0 0.977515 0 0.210864 0 -1359.45 0 -1111.27 1 0
0.210864 0 -0.977515 0 0 1 0 0 0.977515 0 0.210864 0 -1359.45 0 -1111.27 1 0
0.210864 0 -0.977515 0 0 1 0 0 0.977515 0 0.210864 0 -1359.45 0 -1111.27 1 0
0.210864 0 -0.977515 0 0 1 0 0 0.977515 0 0.210864 0 -1359.45 0 -1111.27 1 0
0.210864 0 -0.977515 0 0 1 0 0 0.977515 0 0.210864 0 -1359.45 0 -1111.27 1 0
0.210864 0 -0.977515 0 0 1 0 0 0.977515 0 0.210864 0 -1359.45 0 -1111.27 1 0
0.210864 0 -0.977515 0 0 1 0 0 0.977515 0 0.210864 0 -1359.45 0 -1111.27 1 0
0.210864 0 -0.977515 0 0 1 0 0 0.977515 0 0.210864 0 -1359.45 0 -1111.27 1 0
0.210864 0 -0.977515 0 0 1 0 0 0.977515 0 0.210864 0 -1359.45 0 -1111.27 1 0
0.210864 0 -0.977515 0 0 1 0 0 0.977515 0 0.210864 0 -1359.45 0 -1111.27 1 0
0.210864 0 -0.977515 0 0 1 0 0 0.977515 0 0.210864 0 -1359.45 0 -1111.27 1 0
0.210864 0 -0.977515 0 0 1 0 0 0.977515 0 0.210864 0 -1359.45 0 -1111.27 1 0
0.210864 0 -0.977515 0 0 1 0 0 0.977515 0 0.210864 0 -1359.45 0 -1111.27 1 0
0.210864 0 -0.977515 0 0 1 0 0 0.977515 0 0.210864 0 -1359.45 0 -1111.27 1 0
0.210864 0 -0.977515 0 0 1 0 0 0.977515 0 0.210864 0 -1359.45 0 -1111.27 1 0
0.210864 0 -0.977515 0 0 1 0 0 0.977515 0 0.210864 0 -1359.45 0 -1111.27 1 0
0.210864 0 -0.977515 0 0 1 0 0 0.977515 0 0.210864 0 -1359.45 0 -1111.27 1 0
0.210864 0 -0.977515 0 0 1 0 0 0.977515 0 0.210864 0 -1359.45 0 -1111.27 1 0
0.210864 0 -0.977515 0 0 1 0 0 0.977515 0 0.210864 0 -1359.45 0 -1111.27 1 0
0.210864 0 -0.977515 0 0 1 0 0 0.977515 0 0.210864 0 -1359.45 0 -1111.27 1 0
0.210864 0 -0.977515 0 0 1 0 0 0.977515 0 0.210864 0 -1359.45 0 -1111.27 1 0
0.210864 0 -0.977515 0 0 1 0 0 0.977515 0 0.210864 0 -1359.45 0 -1111.27 1 0
0.210864 0 -0.977515 0 0 1 0 0 0.977515 0 0.210864 0 -1359.45 0 -1111.27 1 0
0.210864 0 -0.977515 0 0 1 0 0 0.977515 0 0.210864 0 -1359.45 0 -1111.27 1 0
0.210864 0 -0.977515 0 0 1 0 0 0.977515 0 0.210864 0 -1359.45 0 -1111.27 1 0
0.210864 0 -0.977515 0 0 1 0 0 0.977515 0 0.210864 0 -1359.45 0 -1111.27 1 0
0.210864 0 -0.977515 0 0 1 0 0 0.977515 0 0.210864 0 -1359.45 0 -1111.27 1 0
0.210864 0 -0.977515 0 0 1 0 0 0.977515 0 0.210864 0 -1359.45 0 -1111.27 1 0
0.210864 0 -0.977515 0 0 1 0 0 0.977515 0 0.210864 0 -1359.45 0 -1111.27 1 0
0.210864 0 -0.977515 0 0 1 0 0 0.977515 0 0.210864 0 -1359.45 0 -1111.27 1 0
0.210864 0 -0.977515 0 0 1 0 0 0.977515 0 0.210864 0 -1359.45 0 -1111.27 1 0
0.210864 0 -0.977515 0 0 1 0 0 0.977515 0 0.210864 0 -1359.45 0 -1111.27 1 0
0.210864 0 -0.977515 0 0 1 0 0 0.977515 0 0.210864 0 -1359.45 0 -1111.27 1 0
0.210864 0 -0.977515 0 0 1 0 0 0.977515 0 0.210864 0 -1359.45 0 -1111.27 1 0
0.210864 0 -0.977515 0 0 1 0 0 0.977515 0 0.210864 0 -1359.45 0 -1111.27 1 0
0.210864 0 -0.977515 0 0 1 0 0 0.977515 0 0.210864 0 -1359.45 0 -1111.27 1 0
0.210864 0 -0.977515 0 0 1 0 0 0.977515 0 0.210864 0 -1359.45 0 -1111.27 1 0
0.210864 0 -0.977515 0 0 1 0 0 0.977515 0 0.210864 0 -1359.45 0 -1111.27 1 0
0.210864 0 -0.977515 0 0 1 0 0 0.977515 0 0.210864 0 -1359.45 0 -1111.27 1 0
0.210864 0 -0.977515 0 0 1 0 0 0.977515 0 0.210864 0 -1359.45 0 -1111.27 1 0
0.210864 0 -0.977515 0 0 1 0 0 0.977515 0 0.210864 0 -1359.45 0 -1111.27 1 0
0.210864 0 -0.977515 0 0 1 0 0 0.977515 0 0.210864 0 -1359.45 0 -1111.27 1 0
0.210864 0 -0.977515 0 0 1 0 0 0.977515 0 0.210864 0 -1359.45 0 -1111.27 1 0
0.210864 0 -0.977515 0 0 1 0 0 0.977515 0 0.210864 0 -1359.45 0 -1111.27 1 0
0.210864 0 -0.977515 0 0 1 0 0 0.977515 0 0.210864 0 -1359.45 0 -1111.27 1 0
0.210864 0 -0.977515 0 0 1 0 0 0.977515 0 0.210864 0 -1359.45 0 -1111.27 1 0
0.210864 0 -0.977515 0 0 1 0 0 0.977515 0 0.210864 0 -1359.45 0 -1111.27 1 0
0.210864 0 -0.977515 0 0 1 0 0 0.977515 0 0.210864 0 -1359.45 0 -1111.27 1 0
0.210864 0 -0.977515 0 0 1 0 0 0.977515 0 0.210864 0 -1359.45 0 -1111.27 1 0
0.0299886 0.0805501 -0.996299 0 -0.0195547 0.996604 0.0799861 0 0.999359 0.0170836 0.0314619 0 -1810.99 309.155 -824.777 1 1
0.0107428 0.0922998 -0.995673 0 -0.0229936 0.99549 0.0920347 0 0.999678 0.0219054 0.0128167 0 -1790.52 316.815 -902.13 1 1
0.0107428 0.0922998 -0.995673 0 -0.0229936 0.99549 0.0920347 0 0.999678 0.0219054 0.0128167 0 -1790.52 316.815 -902.13 1 2
0.0107428 0.0922998 -0.995673 0 -0.0229936 0.99549 0.0920347 0 0.999678 0.0219054 0.0128167 0 -1790.52 316.815 -902.13 1 2
0.0107428 0.0922998 -0.995673 0 -0.0229936 0.99549 0.0920347 0 0.999678 0.0219054 0.0128167 0 -1790.52 316.815 -902.13 1 2
0.0107428 0.0922998 -0.995673 0 -0.0229936 0.99549 0.0920347 0 0.999678 0.0219054 0.0128167 0 -1790.52 316.815 -902.13 1 2
0.0107428 0.0922998 -0.995673 0 -0.0229936 0.99549 0.0920347 0 0.999678 0.0219054 0.0128167 0 -1790.52 316.815 -902.13 1 2
0.0107428 0.0922998 -0.995673 0 -0.0229936 0.99549 0.0920347 0 0.999678 0.0219054 0.0128167 0 -1790.52 316.815 -902.13 1 2
0.0107428 0.0922998 -0.995673 0 -0.0229936 0.99549 0.0920347 0 0.999678 0.0219054 0.0128167 0 -1790.52 316.815 -902.13 1 2
0.0107428 0.0922998 -0.995673 0 -0.0229936 0.99549 0.0920347 0 0.999678 0.0219054 0.0128167 0 -1790.52 316.815 -902.13 1 2
0.0107428 0.0922998 -0.995673 0 -0.0229936 0.99549 0.0920347 0 0.999678 0.0219054 0.0128167 0 -1790.52 316.815 -902.13 1 2
0.0107428 0.0922998 -0.995673 0 -0.0229936 0.99549 0.0920347 0 0.999678 0.0219054 0.0128167 0 -1790.52 316.815 -902.13 1 2
0.0107428 0.0922998 -0.995673 0 -0.0229936 0.99549 0.0920347 0 0.999678 0.0219054 0.0128167 0 -1790.52 316.815 -902.13 1 2
0.0107428 0.0922998 -0.995673 0 -0.0229936 0.99549 0.0920347 0 0.999678 0.0219054 0.0128167 0 -1790.52 316.815 -902.13 1 2
0.0107428 0.0922998 -0.995673 0 -0.0229936 0.99549 0.0920347 0 0.999678 0.0219054 0.0128167 0 -1790.52 316.815 -902.13 1 2
0.0107428 0.0922998 -0.995673 0 -0.0229936 0.99549 0.0920347 0 0.999678 0.0219054 0.0128167 0 -1790.52 316.815 -902.13 1 2
0.0107428 0.0922998 -0.995673 0 -0.0229936 0.99549 0.0920347 0 0.999678 0.0219054 0.0128167 0 -1790.52 316.815 -902.13 1 2
0.0107428 0.0922998 -0.995673 0 -0.0229936 0.99549 0.0920347 0 0.999678 0.0219054 0.0128167 0 -1790.52 316.815 -902.13 1 2
0.00566475 0.103018 -0.994663 0 -0.0228672 0.994433 0.102864 0 0.999722 0.0221625 0.00798894 0 -1789.4 318.393 -921.432 1 3
0.001878 0.114185 -0.993458 0 -0.0230047 0.993202 0.114112 0 0.999734 0.0226399 0.00449202 0 -1790.1 317.862 -938.971 1 3
-0.00132438 0.125835 -0.99205 0 -0.0236457 0.99177 0.125831 0 0.99972 0.0236244 0.00166198 0 -1791.35 314.626 -954.399 1 3
-0.00445466 0.138336 -0.990375 0 -0.0249278 0.990062 0.138404 0 0.999679 0.0253044 -0.000961985 0 -1792.23 307.453 -967.443 1 3
-0.00718982 0.149412 -0.988749 0 -0.0263085 0.988404 0.149551 0 0.999628 0.0270877 -0.00317565 0 -1793.53 297.917 -978.09 1 3
-0.00968641 0.157227 -0.987515 0 -0.0283409 0.987121 0.157442 0 0.999551 0.0295121 -0.00510573 0 -1795.32 285.926 -986.316 1 3
-0.0119576 0.162465 -0.986642 0 -0.0315073 0.986161 0.162768 0 0.999432 0.0330327 -0.0066733 0 -1797.31 270.728 -992.76 1 3
-0.0138702 0.166069 -0.986017 0 -0.0355276 0.985407 0.166466 0 0.999272 0.0373397 -0.00776779 0 -1799.29 253.931 -997.984 1 3
-0.0156287 0.167792 -0.985699 0 -0.0396595 0.984939 0.168292 0 0.999091 0.0417224 -0.00873873 0 -1801.15 236.155 -1002.19 1 3
-0.0172013 0.168845 -0.985492 0 -0.0439377 0.984558 0.169452 0 0.998886 0.0462151 -0.00951704 0 -1803.02 218.188 -1005.4 1 3
-0.0186906 0.16888 -0.985459 0 -0.0481662 0.984335 0.169601 0 0.998664 0.0506358 -0.0102635 0 -1805.21 199.503 -1007.59 1 3
-0.0202674 0.168295 -0.985528 0 -0.0524329 0.984195 0.169146 0 0.998419 0.0551022 -0.0111229 0 -1807.44 179.302 -1008.72 1 3
-0.0220791 0.166588 -0.985779 0 -0.0568972 0.984212 0.167598 0 0.998136 0.0597885 -0.0122522 0 -1809.8 156.094 -1008.38 1 3
-0.0240617 0.164142 -0.986143 0 -0.0616259 0.984309 0.165341 0 0.997809 0.0647504 -0.0135687 0 -1812.48 130.473 -1006.93 1 3
-0.0259243 0.161186 -0.986584 0 -0.0654857 0.984522 0.162569 0 0.997517 0.0688217 -0.0149677 0 -1815.37 106.387 -1004.9 1 3
-0.02786 0.15791 -0.98706 0 -0.0683002 0.984835 0.159482 0 0.997276 0.0718596 -0.0166522 0 -1818.47 84.9103 -1002.35 1 3
-0.0297557 0.154613 -0.987527 0 -0.0695319 0.985251 0.156352 0 0.997136 0.073317 -0.0185663 0 -1822.48 66.9121 -999.182 1 3
-0.0314063 0.14964 -0.988242 0 -0.069002 0.986046 0.1515 0 0.997122 0.0729487 -0.0206426 0 -1826.87 50.5692 -995.597 1 3
-0.0331347 0.141801 -0.989341 0 -0.0670101 0.987341 0.143758 0 0.997202 0.0710592 -0.0232132 0 -1831.78 33.8018 -991.025 1 3
-0.0347636 0.129898 -0.990918 0 -0.062481 0.989295 0.131877 0 0.997441 0.0664981 -0.0262753 0 -1837.72 17.1255 -985.065 1 3
-0.0362615 0.113475 -0.992879 0 -0.0549755 0.991801 0.11536 0 0.997829 0.0587672 -0.0297259 0 -1844.61 2.01887 -977.957 1 3
-0.0385689 0.0966822 -0.994568 0 -0.0472021 0.994021 0.0984596 0 0.99814 0.0507432 -0.0337747 0 -1852.19 -6.44059 -969.794 1 3
-0.0413704 0.0805567 -0.995891 0 -0.039747 0.995823 0.0822023 0 0.998353 0.0429844 -0.0379957 0 -1859.67 -9.59688 -961.573 1 3
-0.0448582 0.0664992 -0.996778 0 -0.032806 0.997146 0.0680002 0 0.998455 0.0357507 -0.0425486 0 -1867 -8.89815 -953.933 1 3
-0.0484735 0.0546784 -0.997327 0 -0.0266589 0.998074 0.0560151 0 0.998469 0.0293028 -0.0469225 0 -1873.96 -6.06154 -947.164 1 3
-0.0518622 0.0454315 -0.99762 0 -0.0217708 0.998676 0.0466114 0 0.998417 0.0241364 -0.0508045 0 -1880.24 -2.48813 -941.836 1 3
-0.0548984 0.0385313 -0.997748 0 -0.0178547 0.999057 0.0395643 0 0.998332 0.0199865 -0.0541587 0 -1885.98 1.43727 -937.657 1 3
-0.0576275 0.0334217 -0.997779 0 -0.0148467 0.9993 0.0343301 0 0.998228 0.0167921 -0.057091 0 -1891.1 5.25407 -934.567 1 3
-0.0601918 0.0298115 -0.997742 0 -0.0121862 0.999457 0.030598 0 0.998112 0.0140004 -0.0597959 0 -1895.8 9.00141 -931.947 1 3
-0.0623856 0.0271941 -0.997682 0 -0.0100153 0.999561 0.0278716 0 0.998002 0.0117309 -0.0620859 0 -1900.01 12.2622 -929.95 1 3
-0.0643301 0.0250547 -0.997614 0 -0.00821683 0.999638 0.0256354 0 0.997895 0.00984635 -0.0641009 0 -1903.78 14.9813 -928.465 1 3
-0.0660515 0.0235262 -0.997539 0 -0.00669599 0.999689 0.0240203 0 0.997794 0.00826609 -0.0658734 0 -1907.17 17.3759 -927.341 1 3
-0.0676963 0.0225538 -0.997451 0 -0.00542 0.999721 0.022973 0 0.997691 0.00696137 -0.0675552 0 -1910.25 19.4377 -926.522 1 3
-0.0691691 0.021736 -0.997368 0 -0.00450041 0.999746 0.0220999 0 0.997595 0.00601719 -0.0690537 0 -1913.04 20.9548 -926.041 1 3
-0.0705507 0.0211591 -0.997284 0 -0.00361349 0.999763 0.0214674 0 0.997502 0.00511821 -0.0704575 0 -1915.54 22.3852 -925.759 1 3
-0.0720771 0.0207202 -0.997184 0 -0.00312614 0.999775 0.0209999 0 0.997394 0.00463095 -0.0719961 0 -1917.9 23.015 -925.427 1 3
-0.0734363 0.0204241 -0.997091 0 -0.00272987 0.999782 0.0206803 0 0.997296 0.00424061 -0.0733646 0 -1919.98 23.5197 -925.314 1 3
-0.0747014 0.020221 -0.997001 0 -0.00233421 0.999788 0.0204524 0 0.997203 0.00385504 -0.0746384 0 -1921.96 24.0049 -925.299 1 3
-0.0758713 0.0200597 -0.996916 0 -0.00204272 0.999792 0.020273 0 0.997116 0.00357456 -0.0758145 0 -1923.88 24.3453 -925.499 1 3
-0.0768618 0.0199702 -0.996842 0 -0.00164653 0.999795 0.0201564 0 0.99704 0.00319059 -0.0768132 0 -1925.65 24.899 -925.9 1 3
-0.0776928 0.0199881 -0.996777 0 -0.00131436 0.999796 0.0201511 0 0.996976 0.00287572 -0.0776507 0 -1927.27 25.3545 -926.672 1 3
-0.078739 0.0206106 -0.996682 0 -0.0012943 0.999783 0.020777 0 0.996894 0.00292597 -0.0786953 0 -1929.69 25.7743 -927.228 1 3
-0.078783 0.0217426 -0.996655 0 -0.000983204 0.99976 0.021888 0 0.996891 0.00270432 -0.0787427 0 -1932.47 27.0975 -930.316 1 3
-0.0789918 0.0224711 -0.996622 0 -0.00059604 0.999745 0.0225887 0 0.996875 0.00237835 -0.0789582 0 -1935 28.225 -932.778 1 3
-0.079263 0.0230289 -0.996588 0 -0.000153994 0.999733 0.0231139 0 0.996854 0.00198554 -0.0792383 0 -1937.18 29.1945 -934.842 1 3
-0.079694 0.0234295 -0.996544 0 0.000200465 0.999724 0.0234883 0 0.996819 0.0016721 -0.0796767 0 -1939.23 29.8746 -936.518 1 3
-0.0801614 0.023838 -0.996497 0 0.000643001 0.999715 0.0238632 0 0.996782 0.00127216 -0.0801539 0 -1941.16 30.7799 -937.873 1 3
-0.0806748 0.0241185 -0.996449 0 0.000984354 0.999709 0.0241177 0 0.99674 0.000964829 -0.080675 0 -1942.85 31.54 -938.932 1 3
-0.0811247 0.0243585 -0.996406 0 0.0012726 0.999703 0.0243355 0 0.996703 0.000706184 -0.0811317 0 -1944.31 32.1257 -939.91 1 3
-0.081543 0.0245412 -0.996368 0 0.00161937 0.999699 0.0244907 0 0.996669 0.000383562 -0.0815582 0 -1945.51 32.7872 -940.841 1 3
