-0.699875 0 0.714265 0 0 1 0 0 -0.714265 0 -0.699875 0 -5072.04 0 -589.205 1 0
-0.699875 0 0.714265 0 0 1 0 0 -0.714265 0 -0.699875 0 -5072.04 0 -589.205 1 0
-0.699875 0 0.714265 0 0 1 0 0 -0.714265 0 -0.699875 0 -5072.04 0 -589.205 1 0
-0.699875 0 0.714265 0 0 1 0 0 -0.714265 0 -0.699875 0 -5072.04 0 -589.205 1 0
-0.699875 0 0.714265 0 0 1 0 0 -0.714265 0 -0.699875 0 -5072.04 0 -589.205 1 0
-0.699875 0 0.714265 0 0 1 0 0 -0.714265 0 -0.699875 0 -5072.04 0 -589.205 1 0
-0.699875 0 0.714265 0 0 1 0 0 -0.714265 0 -0.699875 0 -5072.04 0 -589.205 1 0
-0.699875 0 0.714265 0 0 1 0 0 -0.714265 0 -0.699875 0 -5072.04 0 -589.205 1 0
-0.699875 0 0.714265 0 0 1 0 0 -0.714265 0 -0.699875 0 -5072.04 0 -589.205 1 0
-0.699875 0 0.714265 0 0 1 0 0 -0.714265 0 -0.699875 0 -5072.04 0 -589.205 1 0
-0.699875 0 0.714265 0 0 1 0 0 -0.714265 0 -0.699875 0 -5072.04 0 -589.205 1 0
-0.699875 0 0.714265 0 0 1 0 0 -0.714265 0 -0.699875 0 -5072.04 0 -589.205 1 0
-0.699875 0 0.714265 0 0 1 0 0 -0.714265 0 -0.699875 0 -5072.04 0 -589.205 1 0
-0.699875 0 0.714265 0 0 1 0 0 -0.714265 0 -0.699875 0 -5072.04 0 -589.205 1 0
-0.699875 0 0.714265 0 0 1 0 0 -0.714265 0 -0.699875 0 -5072.04 0 -589.205 1 0
-0.699875 0 0.714265 0 0 1 0 0 -0.714265 0 -0.699875 0 -5072.04 0 -589.205 1 0
-0.699875 0 0.714265 0 0 1 0 0 -0.714265 0 -0.699875 0 -5072.04 0 -589.205 1 0
-0.699875 0 0.714265 0 0 1 0 0 -0.714265 0 -0.699875 0 -5072.04 0 -589.205 1 0
-0.699875 0 0.714265 0 0 1 0 0 -0.714265 0 -0.699875 0 -5072.04 0 -589.205 1 0
-0.699875 0 0.714265 0 0 1 0 0 -0.714265 0 -0.699875 0 -5072.04 0 -589.205 1 0
-0.699875 0 0.714265 0 0 1 0 0 -0.714265 0 -0.699875 0 -5072.04 0 -589.205 1 0
-0.699875 0 0.714265 0 0 1 0 0 -0.714265 0 -0.699875 0 -5072.04 0 -589.205 1 0
-0.699875 0 0.714265 0 0 1 0 0 -0.714265 0 -0.699875 0 -5072.04 0 -589.205 1 0
-0.699875 0 0.714265 0 0 1 0 0 -0.714265 0 -0.699875 0 -5072.04 0 -589.205 1 0
-0.699875 0 0.714265 0 0 1 0 0 -0.714265 0 -0.699875 0 -5072.04 0 -589.205 1 0
-0.699875 0 0.714265 0 0 1 0 0 -0.714265 0 -0.699875 0 -5072.04 0 -589.205 1 0
-0.699875 0 0.714265 0 0 1 0 0 -0.714265 0 -0.699875 0 -5072.04 0 -589.205 1 0
-0.699875 0 0.714265 0 0 1 0 0 -0.714265 0 -0.699875 0 -5072.04 0 -589.205 1 0
-0.699875 0 0.714265 0 0 1 0 0 -0.714265 0 -0.699875 0 -5072.04 0 -589.205 1 0
-0.699875 0 0.714265 0 0 1 0 0 -0.714265 0 -0.699875 0 -5072.04 0 -589.205 1 0
-0.699875 0 0.714265 0 0 1 0 0 -0.714265 0 -0.699875 0 -5072.04 0 -589.205 1 0
-0.699875 0 0.714265 0 0 1 0 0 -0.714265 0 -0.699875 0 -5072.04 0 -589.205 1 0
-0.699875 0 0.714265 0 0 1 0 0 -0.714265 0 -0.699875 0 -5072.04 0 -589.205 1 0
-0.699875 0 0.714265 0 0 1 0 0 -0.714265 0 -0.699875 0 -5072.04 0 -589.205 1 0
-0.699875 0 0.714265 0 0 1 0 0 -0.714265 0 -0.699875 0 -5072.04 0 -589.205 1 0
-0.699875 0 0.714265 0 0 1 0 0 -0.714265 0 -0.699875 0 -5072.04 0 -589.205 1 0
-0.699875 0 0.714265 0 0 1 0 0 -0.714265 0 -0.699875 0 -5072.04 0 -589.205 1 0
-0.699875 0 0.714265 0 0 1 0 0 -0.714265 0 -0.699875 0 -5072.04 0 -589.205 1 0
-0.699875 0 0.714265 0 0 1 0 0 -0.714265 0 -0.699875 0 -5072.04 0 -589.205 1 0
-0.699875 0 0.714265 0 0 1 0 0 -0.714265 0 -0.699875 0 -5072.04 0 -589.205 1 0
-0.699875 0 0.714265 0 0 1 0 0 -0.714265 0 -0.699875 0 -5072.04 0 -589.205 1 0
-0.699875 0 0.714265 0 0 1 0 0 -0.714265 0 -0.699875 0 -5072.04 0 -589.205 1 0
-0.699875 0 0.714265 0 0 1 0 0 -0.714265 0 -0.699875 0 -5072.04 0 -589.205 1 0
-0.699875 0 0.714265 0 0 1 0 0 -0.714265 0 -0.699875 0 -5072.04 0 -589.205 1 0
-0.699875 0 0.714265 0 0 1 0 0 -0.714265 0 -0.699875 0 -5072.04 0 -589.205 1 0
-0.699875 0 0.714265 0 0 1 0 0 -0.714265 0 -0.699875 0 -5072.04 0 -589.205 1 0
-0.699875 0 0.714265 0 0 1 0 0 -0.714265 0 -0.699875 0 -5072.04 0 -589.205 1 0
-0.699875 0 0.714265 0 0 1 0 0 -0.714265 0 -0.699875 0 -5072.04 0 -589.205 1 0
-0.699875 0 0.714265 0 0 1 0 0 -0.714265 0 -0.699875 0 -5072.04 0 -589.205 1 0
-0.699875 0 0.714265 0 0 1 0 0 -0.714265 0 -0.699875 0 -5072.04 0 -589.205 1 0
-0.699875 0 0.714265 0 0 1 0 0 -0.714265 0 -0.699875 0 -5072.04 0 -589.205 1 0
-0.699875 0 0.714265 0 0 1 0 0 -0.714265 0 -0.699875 0 -5072.04 0 -589.205 1 0
-0.699875 0 0.714265 0 0 1 0 0 -0.714265 0 -0.699875 0 -5072.04 0 -589.205 1 0
-0.699875 0 0.714265 0 0 1 0 0 -0.714265 0 -0.699875 0 -5072.04 0 -589.205 1 0
-0.699875 0 0.714265 0 0 1 0 0 -0.714265 0 -0.699875 0 -5072.04 0 -589.205 1 0
-0.699875 0 0.714265 0 0 1 0 0 -0.714265 0 -0.699875 0 -5072.04 0 -589.205 1 0
-0.699875 0 0.714265 0 0 1 0 0 -0.714265 0 -0.699875 0 -5072.04 0 -589.205 1 0
-0.699875 0 0.714265 0 0 1 0 0 -0.714265 0 -0.699875 0 -5072.04 0 -589.205 1 0
-0.660999 -0.0441009 0.74909 0 0.0387447 0.994934 0.0927628 0 -0.749386 0.0903394 -0.655941 0 -4962.27 31.3443 1345.04 1 1
-0.657178 -0.0404435 0.75265 0 0.0288546 0.996478 0.07874 0 -0.753183 0.0734636 -0.653696 0 -5006.59 26.3815 1405.21 1 1
-0.657178 -0.0404435 0.75265 0 0.0288546 0.996478 0.07874 0 -0.753183 0.0734636 -0.653696 0 -5006.59 26.3815 1405.21 1 2
-0.657178 -0.0404435 0.75265 0 0.0288546 0.996478 0.07874 0 -0.753183 0.0734636 -0.653696 0 -5006.59 26.3815 1405.21 1 2
-0.657178 -0.0404435 0.75265 0 0.0288546 0.996478 0.07874 0 -0.753183 0.0734636 -0.653696 0 -5006.59 26.3815 1405.21 1 2
-0.657178 -0.0404435 0.75265 0 0.0288546 0.996478 0.07874 0 -0.753183 0.0734636 -0.653696 0 -5006.59 26.3815 1405.21 1 2
-0.657178 -0.0404435 0.75265 0 0.0288546 0.996478 0.07874 0 -0.753183 0.0734636 -0.653696 0 -5006.59 26.3815 1405.21 1 2
-0.657178 -0.0404435 0.75265 0 0.0288546 0.996478 0.07874 0 -0.753183 0.0734636 -0.653696 0 -5006.59 26.3815 1405.21 1 2
-0.657178 -0.0404435 0.75265 0 0.0288546 0.996478 0.07874 0 -0.753183 0.0734636 -0.653696 0 -5006.59 26.3815 1405.21 1 2
-0.657178 -0.0404435 0.75265 0 0.0288546 0.996478 0.07874 0 -0.753183 0.0734636 -0.653696 0 -5006.59 26.3815 1405.21 1 2
-0.657178 -0.0404435 0.75265 0 0.0288546 0.996478 0.07874 0 -0.753183 0.0734636 -0.653696 0 -5006.59 26.3815 1405.21 1 2
-0.657178 -0.0404435 0.75265 0 0.0288546 0.996478 0.07874 0 -0.753183 0.0734636 -0.653696 0 -5006.59 26.3815 1405.21 1 2
-0.657178 -0.0404435 0.75265 0 0.0288546 0.996478 0.07874 0 -0.753183 0.0734636 -0.653696 0 -5006.59 26.3815 1405.21 1 2
-0.657178 -0.0404435 0.75265 0 0.0288546 0.996478 0.07874 0 -0.753183 0.0734636 -0.653696 0 -5006.59 26.3815 1405.21 1 2
-0.657178 -0.0404435 0.75265 0 0.0288546 0.996478 0.07874 0 -0.753183 0.0734636 -0.653696 0 -5006.59 26.3815 1405.21 1 2
-0.657178 -0.0404435 0.75265 0 0.0288546 0.996478 0.07874 0 -0.753183 0.0734636 -0.653696 0 -5006.59 26.3815 1405.21 1 2
-0.657178 -0.0404435 0.75265 0 0.0288546 0.996478 0.07874 0 -0.753183 0.0734636 -0.653696 0 -5006.59 26.3815 1405.21 1 2
-0.657178 -0.0404435 0.75265 0 0.0288546 0.996478 0.07874 0 -0.753183 0.0734636 -0.653696 0 -5006.59 26.3815 1405.21 1 2
-0.657178 -0.0404435 0.75265 0 0.0288546 0.996478 0.07874 0 -0.753183 0.0734636 -0.653696 0 -5006.59 26.3815 1405.21 1 2
-0.657178 -0.0404435 0.75265 0 0.0288546 0.996478 0.07874 0 -0.753183 0.0734636 -0.653696 0 -5006.59 26.3815 1405.21 1 2
-0.657178 -0.0404435 0.75265 0 0.0288546 0.996478 0.07874 0 -0.753183 0.0734636 -0.653696 0 -5006.59 26.3815 1405.21 1 2
-0.657178 -0.0404435 0.75265 0 0.0288546 0.996478 0.07874 0 -0.753183 0.0734636 -0.653696 0 -5006.59 26.3815 1405.21 1 2
-0.657178 -0.0404435 0.75265 0 0.0288546 0.996478 0.07874 0 -0.753183 0.0734636 -0.653696 0 -5006.59 26.3815 1405.21 1 2
-0.657178 -0.0404435 0.75265 0 0.0288546 0.996478 0.07874 0 -0.753183 0.0734636 -0.653696 0 -5006.59 26.3815 1405.21 1 2
-0.657178 -0.0404435 0.75265 0 0.0288546 0.996478 0.07874 0 -0.753183 0.0734636 -0.653696 0 -5006.59 26.3815 1405.21 1 2
-0.657178 -0.0404435 0.75265 0 0.0288546 0.996478 0.07874 0 -0.753183 0.0734636 -0.653696 0 -5006.59 26.3815 1405.21 1 2
-0.657178 -0.0404435 0.75265 0 0.0288546 0.996478 0.07874 0 -0.753183 0.0734636 -0.653696 0 -5006.59 26.3815 1405.21 1 2
-0.657178 -0.0404435 0.75265 0 0.0288546 0.996478 0.07874 0 -0.753183 0.0734636 -0.653696 0 -5006.59 26.3815 1405.21 1 2
-0.657178 -0.0404435 0.75265 0 0.0288546 0.996478 0.07874 0 -0.753183 0.0734636 -0.653696 0 -5006.59 26.3815 1405.21 1 2
-0.657178 -0.0404435 0.75265 0 0.0288546 0.996478 0.07874 0 -0.753183 0.0734636 -0.653696 0 -5006.59 26.3815 1405.21 1 2
-0.657178 -0.0404435 0.75265 0 0.0288546 0.996478 0.07874 0 -0.753183 0.0734636 -0.653696 0 -5006.59 26.3815 1405.21 1 2
-0.657178 -0.0404435 0.75265 0 0.0288546 0.996478 0.07874 0 -0.753183 0.0734636 -0.653696 0 -5006.59 26.3815 1405.21 1 2
-0.657178 -0.0404435 0.75265 0 0.0288546 0.996478 0.07874 0 -0.753183 0.0734636 -0.653696 0 -5006.59 26.3815 1405.21 1 2
-0.657178 -0.0404435 0.75265 0 0.0288546 0.996478 0.07874 0 -0.753183 0.0734636 -0.653696 0 -5006.59 26.3815 1405.21 1 2
-0.657178 -0.0404435 0.75265 0 0.0288546 0.996478 0.07874 0 -0.753183 0.0734636 -0.653696 0 -5006.59 26.3815 1405.21 1 2
-0.657178 -0.0404435 0.75265 0 0.0288546 0.996478 0.07874 0 -0.753183 0.0734636 -0.653696 0 -5006.59 26.3815 1405.21 1 2
-0.657178 -0.0404435 0.75265 0 0.0288546 0.996478 0.07874 0 -0.753183 0.0734636 -0.653696 0 -5006.59 26.3815 1405.21 1 2
-0.657178 -0.0404435 0.75265 0 0.0288546 0.996478 0.07874 0 -0.753183 0.0734636 -0.653696 0 -5006.59 26.3815 1405.21 1 2
-0.657178 -0.0404435 0.75265 0 0.0288546 0.996478 0.07874 0 -0.753183 0.0734636 -0.653696 0 -5006.59 26.3815 1405.21 1 2
-0.657178 -0.0404435 0.75265 0 0.0288546 0.996478 0.07874 0 -0.753183 0.0734636 -0.653696 0 -5006.59 26.3815 1405.21 1 2
-0.657178 -0.0404435 0.75265 0 0.0288546 0.996478 0.07874 0 -0.753183 0.0734636 -0.653696 0 -5006.59 26.3815 1405.21 1 2
-0.657178 -0.0404435 0.75265 0 0.0288546 0.996478 0.07874 0 -0.753183 0.0734636 -0.653696 0 -5006.59 26.3815 1405.21 1 2
-0.657178 -0.0404435 0.75265 0 0.0288546 0.996478 0.07874 0 -0.753183 0.0734636 -0.653696 0 -5006.59 26.3815 1405.21 1 2
-0.657178 -0.0404435 0.75265 0 0.0288546 0.996478 0.07874 0 -0.753183 0.0734636 -0.653696 0 -5006.59 26.3815 1405.21 1 2
-0.657178 -0.0404435 0.75265 0 0.0288546 0.996478 0.07874 0 -0.753183 0.0734636 -0.653696 0 -5006.59 26.3815 1405.21 1 2
-0.657178 -0.0404435 0.75265 0 0.0288546 0.996478 0.07874 0 -0.753183 0.0734636 -0.653696 0 -5006.59 26.3815 1405.21 1 2
-0.657178 -0.0404435 0.75265 0 0.0288546 0.996478 0.07874 0 -0.753183 0.0734636 -0.653696 0 -5006.59 26.3815 1405.21 1 2
-0.657178 -0.0404435 0.75265 0 0.0288546 0.996478 0.07874 0 -0.753183 0.0734636 -0.653696 0 -5006.59 26.3815 1405.21 1 2
-0.657178 -0.0404435 0.75265 0 0.0288546 0.996478 0.07874 0 -0.753183 0.0734636 -0.653696 0 -5006.59 26.3815 1405.21 1 2
-0.657178 -0.0404435 0.75265 0 0.0288546 0.996478 0.07874 0 -0.753183 0.0734636 -0.653696 0 -5006.59 26.3815 1405.21 1 2
-0.657178 -0.0404435 0.75265 0 0.0288546 0.996478 0.07874 0 -0.753183 0.0734636 -0.653696 0 -5006.59 26.3815 1405.21 1 2
-0.657178 -0.0404435 0.75265 0 0.0288546 0.996478 0.07874 0 -0.753183 0.0734636 -0.653696 0 -5006.59 26.3815 1405.21 1 2
-0.657178 -0.0404435 0.75265 0 0.0288546 0.996478 0.07874 0 -0.753183 0.0734636 -0.653696 0 -5006.59 26.3815 1405.21 1 2
-0.657178 -0.0404435 0.75265 0 0.0288546 0.996478 0.07874 0 -0.753183 0.0734636 -0.653696 0 -5006.59 26.3815 1405.21 1 2
-0.657178 -0.0404435 0.75265 0 0.0288546 0.996478 0.07874 0 -0.753183 0.0734636 -0.653696 0 -5006.59 26.3815 1405.21 1 2
-0.657178 -0.0404435 0.75265 0 0.0288546 0.996478 0.07874 0 -0.753183 0.0734636 -0.653696 0 -5006.59 26.3815 1405.21 1 2
-0.657178 -0.0404435 0.75265 0 0.0288546 0.996478 0.07874 0 -0.753183 0.0734636 -0.653696 0 -5006.59 26.3815 1405.21 1 2
-0.657178 -0.0404435 0.75265 0 0.0288546 0.996478 0.07874 0 -0.753183 0.0734636 -0.653696 0 -5006.59 26.3815 1405.21 1 2
-0.657178 -0.0404435 0.75265 0 0.0288546 0.996478 0.07874 0 -0.753183 0.0734636 -0.653696 0 -5006.59 26.3815 1405.21 1 2
-0.657178 -0.0404435 0.75265 0 0.0288546 0.996478 0.07874 0 -0.753183 0.0734636 -0.653696 0 -5006.59 26.3815 1405.21 1 2
-0.657178 -0.0404435 0.75265 0 0.0288546 0.996478 0.07874 0 -0.753183 0.0734636 -0.653696 0 -5006.59 26.3815 1405.21 1 2
-0.657178 -0.0404435 0.75265 0 0.0288546 0.996478 0.07874 0 -0.753183 0.0734636 -0.653696 0 -5006.59 26.3815 1405.21 1 2
-0.657178 -0.0404435 0.75265 0 0.0288546 0.996478 0.07874 0 -0.753183 0.0734636 -0.653696 0 -5006.59 26.3815 1405.21 1 2
-0.657178 -0.0404435 0.75265 0 0.0288546 0.996478 0.07874 0 -0.753183 0.0734636 -0.653696 0 -5006.59 26.3815 1405.21 1 2
-0.657178 -0.0404435 0.75265 0 0.0288546 0.996478 0.07874 0 -0.753183 0.0734636 -0.653696 0 -5006.59 26.3815 1405.21 1 2
-0.657178 -0.0404435 0.75265 0 0.0288546 0.996478 0.07874 0 -0.753183 0.0734636 -0.653696 0 -5006.59 26.3815 1405.21 1 2
-0.657178 -0.0404435 0.75265 0 0.0288546 0.996478 0.07874 0 -0.753183 0.0734636 -0.653696 0 -5006.59 26.3815 1405.21 1 2
-0.657178 -0.0404435 0.75265 0 0.0288546 0.996478 0.07874 0 -0.753183 0.0734636 -0.653696 0 -5006.59 26.3815 1405.21 1 2
-0.657178 -0.0404435 0.75265 0 0.0288546 0.996478 0.07874 0 -0.753183 0.0734636 -0.653696 0 -5006.59 26.3815 1405.21 1 2
-0.657178 -0.0404435 0.75265 0 0.0288546 0.996478 0.07874 0 -0.753183 0.0734636 -0.653696 0 -5006.59 26.3815 1405.21 1 2
-0.660427 -0.0529311 0.749022 0 0.0218519 0.995735 0.0896327 0 -0.750572 0.0755634 -0.656454 0 -5009.38 -0.368631 1400.27 1 3
-0.662538 -0.0615041 0.746499 0 0.0160925 0.995224 0.0962791 0 -0.748856 0.0758015 -0.658384 0 -5011.78 -20.96 1393.76 1 3
-0.663777 -0.0684722 0.744789 0 0.0107313 0.994826 0.101023 0 -0.747853 0.0750496 -0.659608 0 -5013.26 -40.002 1387.94 1 3
-0.664765 -0.0752848 0.74325 0 0.00485721 0.994453 0.105074 0 -0.747037 0.0734594 -0.660711 0 -5014.83 -63.5098 1384.08 1 3
-0.665263 -0.0808972 0.742214 0 -0.000502689 0.994161 0.107907 0 -0.746609 0.0714137 -0.661419 0 -5015.84 -86.1953 1381.24 1 3
-0.665204 -0.0852219 0.741782 0 -0.00575153 0.99402 0.109043 0 -0.746639 0.0682697 -0.661717 0 -5015.84 -108.476 1380.46 1 3
-0.664787 -0.0885159 0.741771 0 -0.011181 0.994023 0.108597 0 -0.74695 0.0638999 -0.661803 0 -5015.05 -132.096 1381.28 1 3
-0.664098 -0.0912706 0.742054 0 -0.016818 0.994093 0.10722 0 -0.747456 0.0587245 -0.66171 0 -5013.72 -156.283 1382.82 1 3
-0.66339 -0.0934584 0.742414 0 -0.0223 0.994198 0.105228 0 -0.747941 0.0532512 -0.661625 0 -5012.11 -180.217 1384.97 1 3
-0.662524 -0.0956455 0.742909 0 -0.0278845 0.994276 0.10314 0 -0.748521 0.0476173 -0.661399 0 -5010.29 -204.505 1387.28 1 3
-0.661537 -0.0973529 0.743566 0 -0.033295 0.994373 0.100568 0 -0.749173 0.0417726 -0.661056 0 -5008.21 -227.969 1390.5 1 3
-0.660385 -0.0990209 0.74437 0 -0.0388144 0.994444 0.0978523 0 -0.749923 0.035728 -0.660559 0 -5005.56 -252.581 1394.79 1 3
-0.658926 -0.100543 0.745458 0 -0.0447587 0.994511 0.0945709 0 -0.750875 0.0289495 -0.65981 0 -5002.35 -278.969 1400.89 1 3
-0.657205 -0.101993 0.746779 0 -0.0512136 0.994555 0.0907623 0 -0.75197 0.0214041 -0.65885 0 -4998.48 -307.173 1408.32 1 3
-0.655456 -0.102605 0.748231 0 -0.0565982 0.994616 0.0868115 0 -0.75311 0.0145525 -0.657734 0 -4994.73 -330.796 1416.54 1 3
-0.653641 -0.102637 0.749813 0 -0.0609093 0.994682 0.083058 0 -0.75435 0.0086196 -0.656416 0 -4991.45 -349.686 1425.59 1 3
-0.65169 -0.102198 0.751569 0 -0.063681 0.994755 0.0800477 0 -0.755807 0.00430571 -0.65478 0 -4988.55 -362.554 1435.28 1 3
-0.649864 -0.100421 0.753387 0 -0.0646558 0.994944 0.0768468 0 -0.757295 0.00122914 -0.653071 0 -4986.63 -368.297 1445.28 1 3
-0.647982 -0.0969129 0.755465 0 -0.0641728 0.995292 0.0726358 0 -0.758948 -0.00141367 -0.65115 0 -4985.42 -367.65 1456.99 1 3
-0.646079 -0.0912696 0.757794 0 -0.0614314 0.995822 0.0675629 0 -0.760795 -0.00290137 -0.648986 0 -4985.16 -357.384 1470.65 1 3
-0.644231 -0.0827699 0.760339 0 -0.0558061 0.996564 0.061201 0 -0.762792 -0.003004 -0.646637 0 -4986.55 -334.222 1486.11 1 3
-0.642312 -0.0737676 0.762885 0 -0.0486945 0.997274 0.0554336 0 -0.764895 -0.00154261 -0.644153 0 -4988.57 -305.587 1502.79 1 3
-0.640349 -0.0650154 0.765328 0 -0.0411361 0.997884 0.0503528 0 -0.766982 0.000760719 -0.641668 0 -4990.49 -274.855 1518.88 1 3
-0.638237 -0.057418 0.767695 0 -0.0339716 0.998344 0.0464259 0 -0.76909 0.00355089 -0.639131 0 -4991.94 -245.216 1534.94 1 3
-0.636223 -0.0508459 0.769828 0 -0.0272227 0.998684 0.0434633 0 -0.771025 0.00669555 -0.63677 0 -4993.09 -218.321 1549.18 1 3
-0.634448 -0.045482 0.771626 0 -0.0215244 0.99892 0.0411815 0 -0.772666 0.00951875 -0.634741 0 -4994.36 -195.701 1560.63 1 3
-0.632908 -0.0414462 0.773117 0 -0.0168656 0.999067 0.0397524 0 -0.774043 0.0121206 -0.633017 0 -4995.62 -176.955 1569.99 1 3
-0.631546 -0.0383335 0.77439 0 -0.0129845 0.99916 0.0388706 0 -0.77523 0.0144935 -0.631513 0 -4996.87 -161.655 1577.72 1 3
-0.630201 -0.0362024 0.775588 0 -0.00978251 0.999203 0.0386914 0 -0.776371 0.0167962 -0.630053 0 -4997.69 -149.482 1584.91 1 3
-0.629145 -0.0347308 0.776512 0 -0.00721934 0.999219 0.0388425 0 -0.777255 0.0188316 -0.628904 0 -4998.75 -140.265 1590.2 1 3
-0.62828 -0.0335052 0.777265 0 -0.00507967 0.999228 0.0389672 0 -0.777971 0.0205341 -0.627965 0 -4999.72 -132.538 1594.28 1 3
-0.627543 -0.0325194 0.777902 0 -0.0032827 0.999229 0.0391236 0 -0.778575 0.0219981 -0.627166 0 -5000.62 -126.231 1597.71 1 3
-0.626835 -0.0318413 0.778501 0 -0.00180165 0.999221 0.0394183 0 -0.77915 0.0233062 -0.626404 0 -5001.31 -121.267 1600.91 1 3
-0.626189 -0.0313804 0.779039 0 -0.000702804 0.999212 0.0396843 0 -0.779671 0.0243024 -0.625718 0 -5001.84 -117.847 1603.72 1 3
-0.625611 -0.0309403 0.779521 0 0.000359754 0.999202 0.0399484 0 -0.780135 0.0252726 -0.625101 0 -5002.28 -114.48 1606.23 1 3
-0.625017 -0.0305209 0.780014 0 0.000946811 0.999205 0.0398562 0 -0.780611 0.0256493 -0.624491 0 -5002.64 -112.158 1609.28 1 3
-0.624521 -0.0302235 0.780423 0 0.00144766 0.999204 0.0398548 0 -0.781007 0.0260199 -0.623981 0 -5003.01 -110.468 1611.78 1 3
-0.62404 -0.0299991 0.780816 0 0.00188464 0.999202 0.0398957 0 -0.78139 0.0263681 -0.623486 0 -5003.26 -108.984 1614.15 1 3
-0.62361 -0.0298662 0.781165 0 0.00212485 0.999201 0.0398987 0 -0.781733 0.0265411 -0.623048 0 -5003.53 -108.017 1616.28 1 3
-0.623246 -0.0297212 0.781461 0 0.00247018 0.999198 0.0399724 0 -0.782022 0.026843 -0.622672 0 -5003.85 -106.754 1617.96 1 3
-0.622932 -0.0297004 0.781712 0 0.00274246 0.99919 0.0401486 0 -0.782271 0.0271537 -0.622346 0 -5004.21 -105.96 1619.05 1 3
-0.62236 -0.0301587 0.78215 0 0.00270554 0.999169 0.0406795 0 -0.782726 0.0274335 -0.621761 0 -5004.42 -106.983 1621.1 1 3
-0.622363 -0.0305406 0.782133 0 0.00293194 0.999141 0.0413473 0 -0.782723 0.0280262 -0.621739 0 -5005.95 -106.619 1618.91 1 3
-0.622316 -0.0307171 0.782163 0 0.0032649 0.999119 0.0418351 0 -0.782759 0.0285883 -0.621668 0 -5007.25 -105.73 1617.55 1 3
-0.622249 -0.0308493 0.782211 0 0.00361441 0.999099 0.0422783 0 -0.782811 0.0291349 -0.621577 0 -5008.37 -104.678 1616.64 1 3
-0.622051 -0.0309754 0.782364 0 0.00384439 0.999084 0.0426124 0 -0.782967 0.0295148 -0.621362 0 -5009.19 -104.034 1616.35 1 3
-0.621816 -0.0311123 0.782545 0 0.00415427 0.999065 0.0430218 0 -0.783152 0.0300025 -0.621106 0 -5009.92 -103.046 1616.43 1 3
-0.621597 -0.0312414 0.782714 0 0.00436423 0.999051 0.0433422 0 -0.783325 0.0303573 -0.620871 0 -5010.51 -102.295 1616.84 1 3
-0.621409 -0.0313408 0.782859 0 0.00450981 0.99904 0.043575 0 -0.783473 0.0306085 -0.620671 0 -5010.99 -101.613 1617.19 1 3
-0.621285 -0.0314083 0.782955 0 0.00476889 0.999026 0.0438602 0 -0.78357 0.0309835 -0.62053 0 -5011.49 -100.669 1617.34 1 3
