-0.993029 0 0.117867 0 0 1 0 0 -0.117867 0 -0.993029 0 -5046.13 0 -1789.15 1 0
-0.993029 0 0.117867 0 0 1 0 0 -0.117867 0 -0.993029 0 -5046.13 0 -1789.15 1 0
-0.993029 0 0.117867 0 0 1 0 0 -0.117867 0 -0.993029 0 -5046.13 0 -1789.15 1 0
-0.993029 0 0.117867 0 0 1 0 0 -0.117867 0 -0.993029 0 -5046.13 0 -1789.15 1 0
-0.993029 0 0.117867 0 0 1 0 0 -0.117867 0 -0.993029 0 -5046.13 0 -1789.15 1 0
-0.993029 0 0.117867 0 0 1 0 0 -0.117867 0 -0.993029 0 -5046.13 0 -1789.15 1 0
-0.993029 0 0.117867 0 0 1 0 0 -0.117867 0 -0.993029 0 -5046.13 0 -1789.15 1 0
-0.993029 0 0.117867 0 0 1 0 0 -0.117867 0 -0.993029 0 -5046.13 0 -1789.15 1 0
-0.993029 0 0.117867 0 0 1 0 0 -0.117867 0 -0.993029 0 -5046.13 0 -1789.15 1 0
-0.993029 0 0.117867 0 0 1 0 0 -0.117867 0 -0.993029 0 -5046.13 0 -1789.15 1 0
-0.993029 0 0.117867 0 0 1 0 0 -0.117867 0 -0.993029 0 -5046.13 0 -1789.15 1 0
-0.993029 0 0.117867 0 0 1 0 0 -0.117867 0 -0.993029 0 -5046.13 0 -1789.15 1 0
-0.993029 0 0.117867 0 0 1 0 0 -0.117867 0 -0.993029 0 -5046.13 0 -1789.15 1 0
-0.993029 0 0.117867 0 0 1 0 0 -0.117867 0 -0.993029 0 -5046.13 0 -1789.15 1 0
-0.993029 0 0.117867 0 0 1 0 0 -0.117867 0 -0.993029 0 -5046.13 0 -1789.15 1 0
-0.993029 0 0.117867 0 0 1 0 0 -0.117867 0 -0.993029 0 -5046.13 0 -1789.15 1 0
-0.993029 0 0.117867 0 0 1 0 0 -0.117867 0 -0.993029 0 -5046.13 0 -1789.15 1 0
-0.993029 0 0.117867 0 0 1 0 0 -0.117867 0 -0.993029 0 -5046.13 0 -1789.15 1 0
-0.993029 0 0.117867 0 0 1 0 0 -0.117867 0 -0.993029 0 -5046.13 0 -1789.15 1 0
-0.993029 0 0.117867 0 0 1 0 0 -0.117867 0 -0.993029 0 -5046.13 0 -1789.15 1 0
-0.993029 0 0.117867 0 0 1 0 0 -0.117867 0 -0.993029 0 -5046.13 0 -1789.15 1 0
-0.993029 0 0.117867 0 0 1 0 0 -0.117867 0 -0.993029 0 -5046.13 0 -1789.15 1 0
-0.993029 0 0.117867 0 0 1 0 0 -0.117867 0 -0.993029 0 -5046.13 0 -1789.15 1 0
-0.993029 0 0.117867 0 0 1 0 0 -0.117867 0 -0.993029 0 -5046.13 0 -1789.15 1 0
-0.993029 0 0.117867 0 0 1 0 0 -0.117867 0 -0.993029 0 -5046.13 0 -1789.15 1 0
-0.993029 0 0.117867 0 0 1 0 0 -0.117867 0 -0.993029 0 -5046.13 0 -1789.15 1 0
-0.993029 0 0.117867 0 0 1 0 0 -0.117867 0 -0.993029 0 -5046.13 0 -1789.15 1 0
-0.993029 0 0.117867 0 0 1 0 0 -0.117867 0 -0.993029 0 -5046.13 0 -1789.15 1 0
-0.993029 0 0.117867 0 0 1 0 0 -0.117867 0 -0.993029 0 -5046.13 0 -1789.15 1 0
-0.993029 0 0.117867 0 0 1 0 0 -0.117867 0 -0.993029 0 -5046.13 0 -1789.15 1 0
-0.993029 0 0.117867 0 0 1 0 0 -0.117867 0 -0.993029 0 -5046.13 0 -1789.15 1 0
-0.993029 0 0.117867 0 0 1 0 0 -0.117867 0 -0.993029 0 -5046.13 0 -1789.15 1 0
-0.993029 0 0.117867 0 0 1 0 0 -0.117867 0 -0.993029 0 -5046.13 0 -1789.15 1 0
-0.993029 0 0.117867 0 0 1 0 0 -0.117867 0 -0.993029 0 -5046.13 0 -1789.15 1 0
-0.993029 0 0.117867 0 0 1 0 0 -0.117867 0 -0.993029 0 -5046.13 0 -1789.15 1 0
-0.993029 0 0.117867 0 0 1 0 0 -0.117867 0 -0.993029 0 -5046.13 0 -1789.15 1 0
-0.993029 0 0.117867 0 0 1 0 0 -0.117867 0 -0.993029 0 -5046.13 0 -1789.15 1 0
-0.993029 0 0.117867 0 0 1 0 0 -0.117867 0 -0.993029 0 -5046.13 0 -1789.15 1 0
-0.993029 0 0.117867 0 0 1 0 0 -0.117867 0 -0.993029 0 -5046.13 0 -1789.15 1 0
-0.993029 0 0.117867 0 0 1 0 0 -0.117867 0 -0.993029 0 -5046.13 0 -1789.15 1 0
-0.993029 0 0.117867 0 0 1 0 0 -0.117867 0 -0.993029 0 -5046.13 0 -1789.15 1 0
-0.993029 0 0.117867 0 0 1 0 0 -0.117867 0 -0.993029 0 -5046.13 0 -1789.15 1 0
-0.993029 0 0.117867 0 0 1 0 0 -0.117867 0 -0.993029 0 -5046.13 0 -1789.15 1 0
-0.993029 0 0.117867 0 0 1 0 0 -0.117867 0 -0.993029 0 -5046.13 0 -1789.15 1 0
-0.993029 0 0.117867 0 0 1 0 0 -0.117867 0 -0.993029 0 -5046.13 0 -1789.15 1 0
-0.993029 0 0.117867 0 0 1 0 0 -0.117867 0 -0.993029 0 -5046.13 0 -1789.15 1 0
-0.993029 0 0.117867 0 0 1 0 0 -0.117867 0 -0.993029 0 -5046.13 0 -1789.15 1 0
-0.993029 0 0.117867 0 0 1 0 0 -0.117867 0 -0.993029 0 -5046.13 0 -1789.15 1 0
-0.993029 0 0.117867 0 0 1 0 0 -0.117867 0 -0.993029 0 -5046.13 0 -1789.15 1 0
-0.993029 0 0.117867 0 0 1 0 0 -0.117867 0 -0.993029 0 -5046.13 0 -1789.15 1 0
-0.993029 0 0.117867 0 0 1 0 0 -0.117867 0 -0.993029 0 -5046.13 0 -1789.15 1 0
-0.993029 0 0.117867 0 0 1 0 0 -0.117867 0 -0.993029 0 -5046.13 0 -1789.15 1 0
-0.993029 0 0.117867 0 0 1 0 0 -0.117867 0 -0.993029 0 -5046.13 0 -1789.15 1 0
-0.993029 0 0.117867 0 0 1 0 0 -0.117867 0 -0.993029 0 -5046.13 0 -1789.15 1 0
-0.993029 0 0.117867 0 0 1 0 0 -0.117867 0 -0.993029 0 -5046.13 0 -1789.15 1 0
-0.993029 0 0.117867 0 0 1 0 0 -0.117867 0 -0.993029 0 -5046.13 0 -1789.15 1 0
-0.993029 0 0.117867 0 0 1 0 0 -0.117867 0 -0.993029 0 -5046.13 0 -1789.15 1 0
-0.993029 0 0.117867 0 0 1 0 0 -0.117867 0 -0.993029 0 -5046.13 0 -1789.15 1 0
-0.993029 0 0.117867 0 0 1 0 0 -0.117867 0 -0.993029 0 -5046.13 0 -1789.15 1 0
-0.993029 0 0.117867 0 0 1 0 0 -0.117867 0 -0.993029 0 -5046.13 0 -1789.15 1 0
-0.993029 0 0.117867 0 0 1 0 0 -0.117867 0 -0.993029 0 -5046.13 0 -1789.15 1 0
-0.993029 0 0.117867 0 0 1 0 0 -0.117867 0 -0.993029 0 -5046.13 0 -1789.15 1 0
-0.993029 0 0.117867 0 0 1 0 0 -0.117867 0 -0.993029 0 -5046.13 0 -1789.15 1 0
-0.993029 0 0.117867 0 0 1 0 0 -0.117867 0 -0.993029 0 -5046.13 0 -1789.15 1 0
-0.993029 0 0.117867 0 0 1 0 0 -0.117867 0 -0.993029 0 -5046.13 0 -1789.15 1 0
-0.993029 0 0.117867 0 0 1 0 0 -0.117867 0 -0.993029 0 -5046.13 0 -1789.15 1 0
-0.993029 0 0.117867 0 0 1 0 0 -0.117867 0 -0.993029 0 -5046.13 0 -1789.15 1 0
-0.993029 0 0.117867 0 0 1 0 0 -0.117867 0 -0.993029 0 -5046.13 0 -1789.15 1 0
-0.985636 -0.0199175 0.167705 0 0.00321678 0.990627 0.136558 0 -0.168853 0.135136 -0.976333 0 -5399.98 135.782 286.307 1 1
-0.982101 -0.00924572 0.188131 0 0.0159514 0.991124 0.13198 0 -0.187681 0.132619 -0.973236 0 -5477.73 134.473 291.699 1 1
-0.982101 -0.00924572 0.188131 0 0.0159514 0.991124 0.13198 0 -0.187681 0.132619 -0.973236 0 -5477.73 134.473 291.699 1 2
-0.982101 -0.00924572 0.188131 0 0.0159514 0.991124 0.13198 0 -0.187681 0.132619 -0.973236 0 -5477.73 134.473 291.699 1 2
-0.982101 -0.00924572 0.188131 0 0.0159514 0.991124 0.13198 0 -0.187681 0.132619 -0.973236 0 -5477.73 134.473 291.699 1 2
-0.982101 -0.00924572 0.188131 0 0.0159514 0.991124 0.13198 0 -0.187681 0.132619 -0.973236 0 -5477.73 134.473 291.699 1 2
-0.982101 -0.00924572 0.188131 0 0.0159514 0.991124 0.13198 0 -0.187681 0.132619 -0.973236 0 -5477.73 134.473 291.699 1 2
-0.982101 -0.00924572 0.188131 0 0.0159514 0.991124 0.13198 0 -0.187681 0.132619 -0.973236 0 -5477.73 134.473 291.699 1 2
-0.982101 -0.00924572 0.188131 0 0.0159514 0.991124 0.13198 0 -0.187681 0.132619 -0.973236 0 -5477.73 134.473 291.699 1 2
-0.982101 -0.00924572 0.188131 0 0.0159514 0.991124 0.13198 0 -0.187681 0.132619 -0.973236 0 -5477.73 134.473 291.699 1 2
-0.982101 -0.00924572 0.188131 0 0.0159514 0.991124 0.13198 0 -0.187681 0.132619 -0.973236 0 -5477.73 134.473 291.699 1 2
-0.982101 -0.00924572 0.188131 0 0.0159514 0.991124 0.13198 0 -0.187681 0.132619 -0.973236 0 -5477.73 134.473 291.699 1 2
-0.982101 -0.00924572 0.188131 0 0.0159514 0.991124 0.13198 0 -0.187681 0.132619 -0.973236 0 -5477.73 134.473 291.699 1 2
-0.982101 -0.00924572 0.188131 0 0.0159514 0.991124 0.13198 0 -0.187681 0.132619 -0.973236 0 -5477.73 134.473 291.699 1 2
-0.982101 -0.00924572 0.188131 0 0.0159514 0.991124 0.13198 0 -0.187681 0.132619 -0.973236 0 -5477.73 134.473 291.699 1 2
-0.982101 -0.00924572 0.188131 0 0.0159514 0.991124 0.13198 0 -0.187681 0.132619 -0.973236 0 -5477.73 134.473 291.699 1 2
-0.982101 -0.00924572 0.188131 0 0.0159514 0.991124 0.13198 0 -0.187681 0.132619 -0.973236 0 -5477.73 134.473 291.699 1 2
-0.982101 -0.00924572 0.188131 0 0.0159514 0.991124 0.13198 0 -0.187681 0.132619 -0.973236 0 -5477.73 134.473 291.699 1 2
-0.982101 -0.00924572 0.188131 0 0.0159514 0.991124 0.13198 0 -0.187681 0.132619 -0.973236 0 -5477.73 134.473 291.699 1 2
-0.982101 -0.00924572 0.188131 0 0.0159514 0.991124 0.13198 0 -0.187681 0.132619 -0.973236 0 -5477.73 134.473 291.699 1 2
-0.982101 -0.00924572 0.188131 0 0.0159514 0.991124 0.13198 0 -0.187681 0.132619 -0.973236 0 -5477.73 134.473 291.699 1 2
-0.982101 -0.00924572 0.188131 0 0.0159514 0.991124 0.13198 0 -0.187681 0.132619 -0.973236 0 -5477.73 134.473 291.699 1 2
-0.982101 -0.00924572 0.188131 0 0.0159514 0.991124 0.13198 0 -0.187681 0.132619 -0.973236 0 -5477.73 134.473 291.699 1 2
-0.982101 -0.00924572 0.188131 0 0.0159514 0.991124 0.13198 0 -0.187681 0.132619 -0.973236 0 -5477.73 134.473 291.699 1 2
-0.982101 -0.00924572 0.188131 0 0.0159514 0.991124 0.13198 0 -0.187681 0.132619 -0.973236 0 -5477.73 134.473 291.699 1 2
-0.982101 -0.00924572 0.188131 0 0.0159514 0.991124 0.13198 0 -0.187681 0.132619 -0.973236 0 -5477.73 134.473 291.699 1 2
-0.982101 -0.00924572 0.188131 0 0.0159514 0.991124 0.13198 0 -0.187681 0.132619 -0.973236 0 -5477.73 134.473 291.699 1 2
-0.982101 -0.00924572 0.188131 0 0.0159514 0.991124 0.13198 0 -0.187681 0.132619 -0.973236 0 -5477.73 134.473 291.699 1 2
-0.982101 -0.00924572 0.188131 0 0.0159514 0.991124 0.13198 0 -0.187681 0.132619 -0.973236 0 -5477.73 134.473 291.699 1 2
-0.982101 -0.00924572 0.188131 0 0.0159514 0.991124 0.13198 0 -0.187681 0.132619 -0.973236 0 -5477.73 134.473 291.699 1 2
-0.982101 -0.00924572 0.188131 0 0.0159514 0.991124 0.13198 0 -0.187681 0.132619 -0.973236 0 -5477.73 134.473 291.699 1 2
-0.982101 -0.00924572 0.188131 0 0.0159514 0.991124 0.13198 0 -0.187681 0.132619 -0.973236 0 -5477.73 134.473 291.699 1 2
-0.982101 -0.00924572 0.188131 0 0.0159514 0.991124 0.13198 0 -0.187681 0.132619 -0.973236 0 -5477.73 134.473 291.699 1 2
-0.982101 -0.00924572 0.188131 0 0.0159514 0.991124 0.13198 0 -0.187681 0.132619 -0.973236 0 -5477.73 134.473 291.699 1 2
-0.982101 -0.00924572 0.188131 0 0.0159514 0.991124 0.13198 0 -0.187681 0.132619 -0.973236 0 -5477.73 134.473 291.699 1 2
-0.982101 -0.00924572 0.188131 0 0.0159514 0.991124 0.13198 0 -0.187681 0.132619 -0.973236 0 -5477.73 134.473 291.699 1 2
-0.982101 -0.00924572 0.188131 0 0.0159514 0.991124 0.13198 0 -0.187681 0.132619 -0.973236 0 -5477.73 134.473 291.699 1 2
-0.982101 -0.00924572 0.188131 0 0.0159514 0.991124 0.13198 0 -0.187681 0.132619 -0.973236 0 -5477.73 134.473 291.699 1 2
-0.982101 -0.00924572 0.188131 0 0.0159514 0.991124 0.13198 0 -0.187681 0.132619 -0.973236 0 -5477.73 134.473 291.699 1 2
-0.982101 -0.00924572 0.188131 0 0.0159514 0.991124 0.13198 0 -0.187681 0.132619 -0.973236 0 -5477.73 134.473 291.699 1 2
-0.982101 -0.00924572 0.188131 0 0.0159514 0.991124 0.13198 0 -0.187681 0.132619 -0.973236 0 -5477.73 134.473 291.699 1 2
-0.982101 -0.00924572 0.188131 0 0.0159514 0.991124 0.13198 0 -0.187681 0.132619 -0.973236 0 -5477.73 134.473 291.699 1 2
-0.982101 -0.00924572 0.188131 0 0.0159514 0.991124 0.13198 0 -0.187681 0.132619 -0.973236 0 -5477.73 134.473 291.699 1 2
-0.982101 -0.00924572 0.188131 0 0.0159514 0.991124 0.13198 0 -0.187681 0.132619 -0.973236 0 -5477.73 134.473 291.699 1 2
-0.982101 -0.00924572 0.188131 0 0.0159514 0.991124 0.13198 0 -0.187681 0.132619 -0.973236 0 -5477.73 134.473 291.699 1 2
-0.982101 -0.00924572 0.188131 0 0.0159514 0.991124 0.13198 0 -0.187681 0.132619 -0.973236 0 -5477.73 134.473 291.699 1 2
-0.982101 -0.00924572 0.188131 0 0.0159514 0.991124 0.13198 0 -0.187681 0.132619 -0.973236 0 -5477.73 134.473 291.699 1 2
-0.982101 -0.00924572 0.188131 0 0.0159514 0.991124 0.13198 0 -0.187681 0.132619 -0.973236 0 -5477.73 134.473 291.699 1 2
-0.982101 -0.00924572 0.188131 0 0.0159514 0.991124 0.13198 0 -0.187681 0.132619 -0.973236 0 -5477.73 134.473 291.699 1 2
-0.982101 -0.00924572 0.188131 0 0.0159514 0.991124 0.13198 0 -0.187681 0.132619 -0.973236 0 -5477.73 134.473 291.699 1 2
-0.982101 -0.00924572 0.188131 0 0.0159514 0.991124 0.13198 0 -0.187681 0.132619 -0.973236 0 -5477.73 134.473 291.699 1 2
-0.982101 -0.00924572 0.188131 0 0.0159514 0.991124 0.13198 0 -0.187681 0.132619 -0.973236 0 -5477.73 134.473 291.699 1 2
-0.982101 -0.00924572 0.188131 0 0.0159514 0.991124 0.13198 0 -0.187681 0.132619 -0.973236 0 -5477.73 134.473 291.699 1 2
-0.982101 -0.00924572 0.188131 0 0.0159514 0.991124 0.13198 0 -0.187681 0.132619 -0.973236 0 -5477.73 134.473 291.699 1 2
-0.982101 -0.00924572 0.188131 0 0.0159514 0.991124 0.13198 0 -0.187681 0.132619 -0.973236 0 -5477.73 134.473 291.699 1 2
-0.982101 -0.00924572 0.188131 0 0.0159514 0.991124 0.13198 0 -0.187681 0.132619 -0.973236 0 -5477.73 134.473 291.699 1 2
-0.982101 -0.00924572 0.188131 0 0.0159514 0.991124 0.13198 0 -0.187681 0.132619 -0.973236 0 -5477.73 134.473 291.699 1 2
-0.982101 -0.00924572 0.188131 0 0.0159514 0.991124 0.13198 0 -0.187681 0.132619 -0.973236 0 -5477.73 134.473 291.699 1 2
-0.982101 -0.00924572 0.188131 0 0.0159514 0.991124 0.13198 0 -0.187681 0.132619 -0.973236 0 -5477.73 134.473 291.699 1 2
-0.982101 -0.00924572 0.188131 0 0.0159514 0.991124 0.13198 0 -0.187681 0.132619 -0.973236 0 -5477.73 134.473 291.699 1 2
-0.982555 -0.0215755 0.184718 0 0.00528916 0.989604 0.143722 0 -0.185899 0.142192 -0.972226 0 -5477.4 115.004 284.499 1 3
-0.982747 -0.0301363 0.182485 0 -0.00222657 0.988493 0.151252 0 -0.184944 0.148236 -0.971505 0 -5477.97 98.9767 276.232 1 3
-0.982748 -0.0368116 0.181247 0 -0.00805193 0.987578 0.15692 0 -0.184772 0.152754 -0.970838 0 -5478.68 83.1343 269.109 1 3
-0.982698 -0.0434966 0.180034 0 -0.0139639 0.986666 0.162159 0 -0.184687 0.15684 -0.970202 0 -5479.48 62.1307 264.031 1 3
-0.982589 -0.0490073 0.179211 0 -0.0189216 0.985965 0.165879 0 -0.184825 0.1596 -0.969726 0 -5480.29 40.8685 260.24 1 3
-0.982349 -0.0540711 0.17907 0 -0.0236854 0.98556 0.16766 0 -0.18555 0.16046 -0.969445 0 -5480.9 17.8745 258.67 1 3
-0.982003 -0.0589275 0.179438 0 -0.0285179 0.98545 0.167554 0 -0.186701 0.159421 -0.969396 0 -5481.19 -8.58586 258.82 1 3
-0.981591 -0.0637124 0.180055 0 -0.0334601 0.985506 0.16631 0 -0.188041 0.157223 -0.969495 0 -5481.23 -36.9444 259.859 1 3
-0.981147 -0.0682887 0.180798 0 -0.0383558 0.985689 0.164154 0 -0.18942 0.154125 -0.969724 0 -5480.98 -65.8226 261.639 1 3
-0.980689 -0.0728607 0.181493 0 -0.0432769 0.985853 0.161928 0 -0.190724 0.150946 -0.969969 0 -5480.61 -95.2841 263.662 1 3
-0.980184 -0.077202 0.182424 0 -0.0480476 0.986085 0.159147 0 -0.192172 0.147228 -0.970255 0 -5480.17 -124.499 266.749 1 3
-0.979612 -0.0815956 0.183581 0 -0.0529014 0.986324 0.156099 0 -0.193807 0.143205 -0.970531 0 -5479.36 -155.163 271.108 1 3
-0.978952 -0.0861645 0.18501 0 -0.0580384 0.986614 0.152394 0 -0.195664 0.138449 -0.970849 0 -5478.35 -188.56 277.475 1 3
-0.978179 -0.0910744 0.186736 0 -0.0636195 0.986927 0.148083 0 -0.197782 0.132971 -0.971185 0 -5477.05 -224.683 285.371 1 3
-0.977428 -0.0950084 0.1887 0 -0.0682436 0.98728 0.143597 0 -0.199942 0.127478 -0.971479 0 -5475.87 -255.953 294.202 1 3
-0.976734 -0.0979991 0.190752 0 -0.0718742 0.987629 0.139368 0 -0.202051 0.122415 -0.971694 0 -5475.15 -281.679 304.005 1 3
-0.976094 -0.0996757 0.193144 0 -0.0739974 0.987956 0.135892 0 -0.204363 0.118352 -0.971714 0 -5475.13 -299.867 314.73 1 3
-0.975614 -0.0995184 0.195638 0 -0.0743264 0.988439 0.132152 0 -0.206528 0.114389 -0.971731 0 -5476.04 -310.279 325.821 1 3
-0.97524 -0.0976469 0.198422 0 -0.0731512 0.989169 0.12725 0 -0.208699 0.109585 -0.971821 0 -5477.82 -314.848 338.735 1 3
-0.974999 -0.0933085 0.201669 0 -0.0696812 0.990173 0.121251 0 -0.211 0.104167 -0.97192 0 -5480.8 -309.732 353.87 1 3
-0.974975 -0.0857485 0.205113 0 -0.0632805 0.991497 0.113706 0 -0.213119 0.0978804 -0.972111 0 -5485.39 -291.795 370.925 1 3
-0.974928 -0.0771264 0.208727 0 -0.0556695 0.992721 0.106796 0 -0.215444 0.0924991 -0.972125 0 -5490.77 -266.929 389.411 1 3
-0.974814 -0.0684796 0.212245 0 -0.0478895 0.993765 0.100682 0 -0.217817 0.0879821 -0.972016 0 -5496.04 -238.816 407.367 1 3
-0.974578 -0.0605587 0.215708 0 -0.0405474 0.994553 0.0960196 0 -0.220348 0.0848322 -0.971725 0 -5500.88 -210.443 425.393 1 3
-0.974274 -0.0534037 0.218948 0 -0.0337886 0.995151 0.0923751 0 -0.222819 0.0826007 -0.971354 0 -5505.16 -183.871 441.571 1 3
-0.973971 -0.0474052 0.221659 0 -0.0280801 0.995588 0.0895375 0 -0.224925 0.0809827 -0.971005 0 -5509.12 -161.22 454.777 1 3
-0.973666 -0.0425188 0.223981 0 -0.0233392 0.995883 0.0875932 0 -0.226783 0.080059 -0.970649 0 -5512.7 -142.001 465.671 1 3
-0.97338 -0.0385328 0.225933 0 -0.0194121 0.996084 0.0862494 0 -0.228372 0.0795676 -0.970317 0 -5515.97 -125.996 474.768 1 3
-0.973072 -0.0353761 0.227771 0 -0.0161473 0.996187 0.0857385 0 -0.229935 0.0797518 -0.969933 0 -5518.71 -112.611 483.27 1 3
-0.972817 -0.0329467 0.229219 0 -0.0135548 0.996232 0.0856655 0 -0.231178 0.0802298 -0.969598 0 -5521.24 -102.116 489.668 1 3
-0.972591 -0.0309682 0.23045 0 -0.0114389 0.996264 0.0856026 0 -0.23224 0.0806202 -0.969312 0 -5523.44 -93.3205 494.683 1 3
-0.972401 -0.0292997 0.231469 0 -0.00963339 0.99628 0.0856408 0 -0.233117 0.0810474 -0.969065 0 -5525.37 -86.0146 498.917 1 3
-0.972217 -0.0279903 0.232401 0 -0.00815614 0.996273 0.0858705 0 -0.233939 0.0815893 -0.968822 0 -5527.05 -80.0295 502.879 1 3
-0.97204 -0.0270429 0.233251 0 -0.00705861 0.996262 0.0860901 0 -0.234707 0.0820366 -0.968598 0 -5528.46 -75.8287 506.358 1 3
-0.971885 -0.0261301 0.234 0 -0.00599666 0.996248 0.0863418 0 -0.235378 0.0825111 -0.968395 0 -5529.71 -71.6619 509.432 1 3
-0.971717 -0.0255874 0.234759 0 -0.00538654 0.996255 0.0862901 0 -0.236088 0.082585 -0.968216 0 -5530.87 -69.1497 512.982 1 3
-0.971582 -0.0251124 0.235368 0 -0.00484436 0.996258 0.0862976 0 -0.236655 0.0827049 -0.968067 0 -5531.93 -67.2067 515.913 1 3
-0.971442 -0.0247073 0.235987 0 -0.00436823 0.996258 0.0863238 0 -0.237237 0.0828277 -0.967914 0 -5532.86 -65.468 518.726 1 3
-0.971308 -0.0245178 0.236557 0 -0.00412035 0.996257 0.0863382 0 -0.237788 0.0828863 -0.967774 0 -5533.75 -64.3767 521.226 1 3
-0.971195 -0.0242315 0.237053 0 -0.00375232 0.996248 0.0864632 0 -0.238258 0.0830831 -0.967642 0 -5534.6 -62.8134 523.232 1 3
-0.971102 -0.0240063 0.237455 0 -0.00344054 0.996233 0.0866471 0 -0.23864 0.0833262 -0.967526 0 -5535.4 -61.6814 524.59 1 3
-0.970916 -0.0241889 0.238195 0 -0.00342643 0.996185 0.087197 0 -0.239395 0.0838448 -0.967295 0 -5536.47 -62.1415 527.115 1 3
-0.970856 -0.0241597 0.238442 0 -0.00319589 0.996123 0.0879178 0 -0.239642 0.0845935 -0.967169 0 -5538.27 -60.8931 524.981 1 3
-0.970795 -0.0239602 0.238709 0 -0.00283535 0.996077 0.0884494 0 -0.239892 0.0851894 -0.967055 0 -5539.85 -59.2716 523.715 1 3
-0.970745 -0.023754 0.238937 0 -0.00248744 0.996036 0.0889154 0 -0.240102 0.0857198 -0.966956 0 -5541.2 -57.5407 522.871 1 3
-0.970676 -0.0236153 0.239229 0 -0.00223405 0.996006 0.0892551 0 -0.240382 0.0861033 -0.966852 0 -5542.38 -56.4 522.724 1 3
-0.970601 -0.0234147 0.239551 0 -0.00189441 0.995969 0.0896748 0 -0.240685 0.0865847 -0.966734 0 -5543.5 -54.7861 522.971 1 3
-0.970527 -0.0233006 0.239864 0 -0.00166656 0.99594 0.0900035 0 -0.240987 0.0869511 -0.966625 0 -5544.44 -53.5648 523.544 1 3
-0.970459 -0.0232084 0.240145 0 -0.00148849 0.99592 0.0902337 0 -0.24126 0.0872107 -0.966534 0 -5545.23 -52.5463 524.05 1 3
-0.970417 -0.0229784 0.240339 0 -0.00117487 0.995898 0.0904724 0 -0.241432 0.0875136 -0.966464 0 -5545.95 -51.1782 524.335 1 3
