0.215196 0 -0.976571 0 0 1 0 0 0.976571 0 0.215196 0 -2178.15 0 -1631.79 1 0
0.215196 0 -0.976571 0 0 1 0 0 0.976571 0 0.215196 0 -2178.15 0 -1631.79 1 0
0.215196 0 -0.976571 0 0 1 0 0 0.976571 0 0.215196 0 -2178.15 0 -1631.79 1 0
0.215196 0 -0.976571 0 0 1 0 0 0.976571 0 0.215196 0 -2178.15 0 -1631.79 1 0
0.215196 0 -0.976571 0 0 1 0 0 0.976571 0 0.215196 0 -2178.15 0 -1631.79 1 0
0.215196 0 -0.976571 0 0 1 0 0 0.976571 0 0.215196 0 -2178.15 0 -1631.79 1 0
0.215196 0 -0.976571 0 0 1 0 0 0.976571 0 0.215196 0 -2178.15 0 -1631.79 1 0
0.215196 0 -0.976571 0 0 1 0 0 0.976571 0 0.215196 0 -2178.15 0 -1631.79 1 0
0.215196 0 -0.976571 0 0 1 0 0 0.976571 0 0.215196 0 -2178.15 0 -1631.79 1 0
0.215196 0 -0.976571 0 0 1 0 0 0.976571 0 0.215196 0 -2178.15 0 -1631.79 1 0
0.215196 0 -0.976571 0 0 1 0 0 0.976571 0 0.215196 0 -2178.15 0 -1631.79 1 0
0.215196 0 -0.976571 0 0 1 0 0 0.976571 0 0.215196 0 -2178.15 0 -1631.79 1 0
0.215196 0 -0.976571 0 0 1 0 0 0.976571 0 0.215196 0 -2178.15 0 -1631.79 1 0
0.215196 0 -0.976571 0 0 1 0 0 0.976571 0 0.215196 0 -2178.15 0 -1631.79 1 0
0.215196 0 -0.976571 0 0 1 0 0 0.976571 0 0.215196 0 -2178.15 0 -1631.79 1 0
0.215196 0 -0.976571 0 0 1 0 0 0.976571 0 0.215196 0 -2178.15 0 -1631.79 1 0
0.215196 0 -0.976571 0 0 1 0 0 0.976571 0 0.215196 0 -2178.15 0 -1631.79 1 0
0.215196 0 -0.976571 0 0 1 0 0 0.976571 0 0.215196 0 -2178.15 0 -1631.79 1 0
0.215196 0 -0.976571 0 0 1 0 0 0.976571 0 0.215196 0 -2178.15 0 -1631.79 1 0
0.215196 0 -0.976571 0 0 1 0 0 0.976571 0 0.215196 0 -2178.15 0 -1631.79 1 0
0.215196 0 -0.976571 0 0 1 0 0 0.976571 0 0.215196 0 -2178.15 0 -1631.79 1 0
0.215196 0 -0.976571 0 0 1 0 0 0.976571 0 0.215196 0 -2178.15 0 -1631.79 1 0
0.215196 0 -0.976571 0 0 1 0 0 0.976571 0 0.215196 0 -2178.15 0 -1631.79 1 0
0.215196 0 -0.976571 0 0 1 0 0 0.976571 0 0.215196 0 -2178.15 0 -1631.79 1 0
0.215196 0 -0.976571 0 0 1 0 0 0.976571 0 0.215196 0 -2178.15 0 -1631.79 1 0
0.215196 0 -0.976571 0 0 1 0 0 0.976571 0 0.215196 0 -2178.15 0 -1631.79 1 0
0.215196 0 -0.976571 0 0 1 0 0 0.976571 0 0.215196 0 -2178.15 0 -1631.79 1 0
0.215196 0 -0.976571 0 0 1 0 0 0.976571 0 0.215196 0 -2178.15 0 -1631.79 1 0
0.215196 0 -0.976571 0 0 1 0 0 0.976571 0 0.215196 0 -2178.15 0 -1631.79 1 0
0.215196 0 -0.976571 0 0 1 0 0 0.976571 0 0.215196 0 -2178.15 0 -1631.79 1 0
0.215196 0 -0.976571 0 0 1 0 0 0.976571 0 0.215196 0 -2178.15 0 -1631.79 1 0
0.215196 0 -0.976571 0 0 1 0 0 0.976571 0 0.215196 0 -2178.15 0 -1631.79 1 0
0.215196 0 -0.976571 0 0 1 0 0 0.976571 0 0.215196 0 -2178.15 0 -1631.79 1 0
0.215196 0 -0.976571 0 0 1 0 0 0.976571 0 0.215196 0 -2178.15 0 -1631.79 1 0
0.215196 0 -0.976571 0 0 1 0 0 0.976571 0 0.215196 0 -2178.15 0 -1631.79 1 0
0.215196 0 -0.976571 0 0 1 0 0 0.976571 0 0.215196 0 -2178.15 0 -1631.79 1 0
0.215196 0 -0.976571 0 0 1 0 0 0.976571 0 0.215196 0 -2178.15 0 -1631.79 1 0
0.215196 0 -0.976571 0 0 1 0 0 0.976571 0 0.215196 0 -2178.15 0 -1631.79 1 0
0.215196 0 -0.976571 0 0 1 0 0 0.976571 0 0.215196 0 -2178.15 0 -1631.79 1 0
0.215196 0 -0.976571 0 0 1 0 0 0.976571 0 0.215196 0 -2178.15 0 -1631.79 1 0
0.215196 0 -0.976571 0 0 1 0 0 0.976571 0 0.215196 0 -2178.15 0 -1631.79 1 0
0.215196 0 -0.976571 0 0 1 0 0 0.976571 0 0.215196 0 -2178.15 0 -1631.79 1 0
0.215196 0 -0.976571 0 0 1 0 0 0.976571 0 0.215196 0 -2178.15 0 -1631.79 1 0
0.215196 0 -0.976571 0 0 1 0 0 0.976571 0 0.215196 0 -2178.15 0 -1631.79 1 0
0.215196 0 -0.976571 0 0 1 0 0 0.976571 0 0.215196 0 -2178.15 0 -1631.79 1 0
0.215196 0 -0.976571 0 0 1 0 0 0.976571 0 0.215196 0 -2178.15 0 -1631.79 1 0
0.215196 0 -0.976571 0 0 1 0 0 0.976571 0 0.215196 0 -2178.15 0 -1631.79 1 0
0.215196 0 -0.976571 0 0 1 0 0 0.976571 0 0.215196 0 -2178.15 0 -1631.79 1 0
0.215196 0 -0.976571 0 0 1 0 0 0.976571 0 0.215196 0 -2178.15 0 -1631.79 1 0
0.215196 0 -0.976571 0 0 1 0 0 0.976571 0 0.215196 0 -2178.15 0 -1631.79 1 0
0.215196 0 -0.976571 0 0 1 0 0 0.976571 0 0.215196 0 -2178.15 0 -1631.79 1 0
0.215196 0 -0.976571 0 0 1 0 0 0.976571 0 0.215196 0 -2178.15 0 -1631.79 1 0
0.215196 0 -0.976571 0 0 1 0 0 0.976571 0 0.215196 0 -2178.15 0 -1631.79 1 0
0.215196 0 -0.976571 0 0 1 0 0 0.976571 0 0.215196 0 -2178.15 0 -1631.79 1 0
0.215196 0 -0.976571 0 0 1 0 0 0.976571 0 0.215196 0 -2178.15 0 -1631.79 1 0
0.215196 0 -0.976571 0 0 1 0 0 0.976571 0 0.215196 0 -2178.15 0 -1631.79 1 0
0.215196 0 -0.976571 0 0 1 0 0 0.976571 0 0.215196 0 -2178.15 0 -1631.79 1 0
0.215196 0 -0.976571 0 0 1 0 0 0.976571 0 0.215196 0 -2178.15 0 -1631.79 1 0
0.215196 0 -0.976571 0 0 1 0 0 0.976571 0 0.215196 0 -2178.15 0 -1631.79 1 0
0.215196 0 -0.976571 0 0 1 0 0 0.976571 0 0.215196 0 -2178.15 0 -1631.79 1 0
0.215196 0 -0.976571 0 0 1 0 0 0.976571 0 0.215196 0 -2178.15 0 -1631.79 1 0
0.215196 0 -0.976571 0 0 1 0 0 0.976571 0 0.215196 0 -2178.15 0 -1631.79 1 0
0.215196 0 -0.976571 0 0 1 0 0 0.976571 0 0.215196 0 -2178.15 0 -1631.79 1 0
0.215196 0 -0.976571 0 0 1 0 0 0.976571 0 0.215196 0 -2178.15 0 -1631.79 1 0
0.215196 0 -0.976571 0 0 1 0 0 0.976571 0 0.215196 0 -2178.15 0 -1631.79 1 0
0.215196 0 -0.976571 0 0 1 0 0 0.976571 0 0.215196 0 -2178.15 0 -1631.79 1 0
0.215196 0 -0.976571 0 0 1 0 0 0.976571 0 0.215196 0 -2178.15 0 -1631.79 1 0
0.215196 0 -0.976571 0 0 1 0 0 0.976571 0 0.215196 0 -2178.15 0 -1631.79 1 0
0.215196 0 -0.976571 0 0 1 0 0 0.976571 0 0.215196 0 -2178.15 0 -1631.79 1 0
0.215196 0 -0.976571 0 0 1 0 0 0.976571 0 0.215196 0 -2178.15 0 -1631.79 1 0
0.215196 0 -0.976571 0 0 1 0 0 0.976571 0 0.215196 0 -2178.15 0 -1631.79 1 0
0.215196 0 -0.976571 0 0 1 0 0 0.976571 0 0.215196 0 -2178.15 0 -1631.79 1 0
0.215196 0 -0.976571 0 0 1 0 0 0.976571 0 0.215196 0 -2178.15 0 -1631.79 1 0
0.215196 0 -0.976571 0 0 1 0 0 0.976571 0 0.215196 0 -2178.15 0 -1631.79 1 0
0.215196 0 -0.976571 0 0 1 0 0 0.976571 0 0.215196 0 -2178.15 0 -1631.79 1 0
0.215196 0 -0.976571 0 0 1 0 0 0.976571 0 0.215196 0 -2178.15 0 -1631.79 1 0
0.215196 0 -0.976571 0 0 1 0 0 0.976571 0 0.215196 0 -2178.15 0 -1631.79 1 0
0.215196 0 -0.976571 0 0 1 0 0 0.976571 0 0.215196 0 -2178.15 0 -1631.79 1 0
0.215196 0 -0.976571 0 0 1 0 0 0.976571 0 0.215196 0 -2178.15 0 -1631.79 1 0
0.215196 0 -0.976571 0 0 1 0 0 0.976571 0 0.215196 0 -2178.15 0 -1631.79 1 0
0.215196 0 -0.976571 0 0 1 0 0 0.976571 0 0.215196 0 -2178.15 0 -1631.79 1 0
0.215196 0 -0.976571 0 0 1 0 0 0.976571 0 0.215196 0 -2178.15 0 -1631.79 1 0
0.215196 0 -0.976571 0 0 1 0 0 0.976571 0 0.215196 0 -2178.15 0 -1631.79 1 0
0.215196 0 -0.976571 0 0 1 0 0 0.976571 0 0.215196 0 -2178.15 0 -1631.79 1 0
0.215196 0 -0.976571 0 0 1 0 0 0.976571 0 0.215196 0 -2178.15 0 -1631.79 1 0
0.215196 0 -0.976571 0 0 1 0 0 0.976571 0 0.215196 0 -2178.15 0 -1631.79 1 0
0.215196 0 -0.976571 0 0 1 0 0 0.976571 0 0.215196 0 -2178.15 0 -1631.79 1 0
0.215196 0 -0.976571 0 0 1 0 0 0.976571 0 0.215196 0 -2178.15 0 -1631.79 1 0
0.215196 0 -0.976571 0 0 1 0 0 0.976571 0 0.215196 0 -2178.15 0 -1631.79 1 0
0.215196 0 -0.976571 0 0 1 0 0 0.976571 0 0.215196 0 -2178.15 0 -1631.79 1 0
0.215196 0 -0.976571 0 0 1 0 0 0.976571 0 0.215196 0 -2178.15 0 -1631.79 1 0
0.215196 0 -0.976571 0 0 1 0 0 0.976571 0 0.215196 0 -2178.15 0 -1631.79 1 0
0.215196 0 -0.976571 0 0 1 0 0 0.976571 0 0.215196 0 -2178.15 0 -1631.79 1 0
0.215196 0 -0.976571 0 0 1 0 0 0.976571 0 0.215196 0 -2178.15 0 -1631.79 1 0
0.215196 0 -0.976571 0 0 1 0 0 0.976571 0 0.215196 0 -2178.15 0 -1631.79 1 0
0.215196 0 -0.976571 0 0 1 0 0 0.976571 0 0.215196 0 -2178.15 0 -1631.79 1 0
0.215196 0 -0.976571 0 0 1 0 0 0.976571 0 0.215196 0 -2178.15 0 -1631.79 1 0
0.215196 0 -0.976571 0 0 1 0 0 0.976571 0 0.215196 0 -2178.15 0 -1631.79 1 0
0.215196 0 -0.976571 0 0 1 0 0 0.976571 0 0.215196 0 -2178.15 0 -1631.79 1 0
0.215196 0 -0.976571 0 0 1 0 0 0.976571 0 0.215196 0 -2178.15 0 -1631.79 1 0
0.215196 0 -0.976571 0 0 1 0 0 0.976571 0 0.215196 0 -2178.15 0 -1631.79 1 0
0.215196 0 -0.976571 0 0 1 0 0 0.976571 0 0.215196 0 -2178.15 0 -1631.79 1 0
0.0494074 0.0861488 -0.995056 0 -0.0142029 0.996233 0.0855455 0 0.998678 0.0099061 0.0504448 0 -2796.15 307.548 -849.314 1 1
0.0437337 0.0816738 -0.995699 0 -0.00907893 0.996644 0.0813525 0 0.999002 0.00548204 0.0443285 0 -2771.48 312.052 -923.585 1 1
0.0437337 0.0816738 -0.995699 0 -0.00907893 0.996644 0.0813525 0 0.999002 0.00548204 0.0443285 0 -2771.48 312.052 -923.585 1 2
0.0437337 0.0816738 -0.995699 0 -0.00907893 0.996644 0.0813525 0 0.999002 0.00548204 0.0443285 0 -2771.48 312.052 -923.585 1 2
0.0437337 0.0816738 -0.995699 0 -0.00907893 0.996644 0.0813525 0 0.999002 0.00548204 0.0443285 0 -2771.48 312.052 -923.585 1 2
0.0437337 0.0816738 -0.995699 0 -0.00907893 0.996644 0.0813525 0 0.999002 0.00548204 0.0443285 0 -2771.48 312.052 -923.585 1 2
0.0437337 0.0816738 -0.995699 0 -0.00907893 0.996644 0.0813525 0 0.999002 0.00548204 0.0443285 0 -2771.48 312.052 -923.585 1 2
0.0437337 0.0816738 -0.995699 0 -0.00907893 0.996644 0.0813525 0 0.999002 0.00548204 0.0443285 0 -2771.48 312.052 -923.585 1 2
0.0437337 0.0816738 -0.995699 0 -0.00907893 0.996644 0.0813525 0 0.999002 0.00548204 0.0443285 0 -2771.48 312.052 -923.585 1 2
0.0437337 0.0816738 -0.995699 0 -0.00907893 0.996644 0.0813525 0 0.999002 0.00548204 0.0443285 0 -2771.48 312.052 -923.585 1 2
0.0437337 0.0816738 -0.995699 0 -0.00907893 0.996644 0.0813525 0 0.999002 0.00548204 0.0443285 0 -2771.48 312.052 -923.585 1 2
0.0437337 0.0816738 -0.995699 0 -0.00907893 0.996644 0.0813525 0 0.999002 0.00548204 0.0443285 0 -2771.48 312.052 -923.585 1 2
0.0437337 0.0816738 -0.995699 0 -0.00907893 0.996644 0.0813525 0 0.999002 0.00548204 0.0443285 0 -2771.48 312.052 -923.585 1 2
0.0437337 0.0816738 -0.995699 0 -0.00907893 0.996644 0.0813525 0 0.999002 0.00548204 0.0443285 0 -2771.48 312.052 -923.585 1 2
0.0437337 0.0816738 -0.995699 0 -0.00907893 0.996644 0.0813525 0 0.999002 0.00548204 0.0443285 0 -2771.48 312.052 -923.585 1 2
0.0437337 0.0816738 -0.995699 0 -0.00907893 0.996644 0.0813525 0 0.999002 0.00548204 0.0443285 0 -2771.48 312.052 -923.585 1 2
0.0437337 0.0816738 -0.995699 0 -0.00907893 0.996644 0.0813525 0 0.999002 0.00548204 0.0443285 0 -2771.48 312.052 -923.585 1 2
0.0437337 0.0816738 -0.995699 0 -0.00907893 0.996644 0.0813525 0 0.999002 0.00548204 0.0443285 0 -2771.48 312.052 -923.585 1 2
0.0437337 0.0816738 -0.995699 0 -0.00907893 0.996644 0.0813525 0 0.999002 0.00548204 0.0443285 0 -2771.48 312.052 -923.585 1 2
0.0437337 0.0816738 -0.995699 0 -0.00907893 0.996644 0.0813525 0 0.999002 0.00548204 0.0443285 0 -2771.48 312.052 -923.585 1 2
0.0437337 0.0816738 -0.995699 0 -0.00907893 0.996644 0.0813525 0 0.999002 0.00548204 0.0443285 0 -2771.48 312.052 -923.585 1 2
0.0437337 0.0816738 -0.995699 0 -0.00907893 0.996644 0.0813525 0 0.999002 0.00548204 0.0443285 0 -2771.48 312.052 -923.585 1 2
0.0437337 0.0816738 -0.995699 0 -0.00907893 0.996644 0.0813525 0 0.999002 0.00548204 0.0443285 0 -2771.48 312.052 -923.585 1 2
0.0437337 0.0816738 -0.995699 0 -0.00907893 0.996644 0.0813525 0 0.999002 0.00548204 0.0443285 0 -2771.48 312.052 -923.585 1 2
0.0437337 0.0816738 -0.995699 0 -0.00907893 0.996644 0.0813525 0 0.999002 0.00548204 0.0443285 0 -2771.48 312.052 -923.585 1 2
0.0437337 0.0816738 -0.995699 0 -0.00907893 0.996644 0.0813525 0 0.999002 0.00548204 0.0443285 0 -2771.48 312.052 -923.585 1 2
0.0382571 0.0929877 -0.994932 0 -0.0119162 0.995633 0.092595 0 0.999197 0.00831339 0.0391981 0 -2769.89 313.23 -937.948 1 3
0.0343911 0.10396 -0.993987 0 -0.0137228 0.99453 0.103542 0 0.999314 0.0100794 0.0356296 0 -2770.2 312.368 -951.917 1 3
0.0313006 0.115101 -0.992861 0 -0.0152965 0.993286 0.114668 0 0.999393 0.0115981 0.0328511 0 -2771.2 308.402 -964.334 1 3
0.0283253 0.127056 -0.991491 0 -0.017029 0.991806 0.12661 0 0.999454 0.0132979 0.0302569 0 -2771.9 299.934 -974.5 1 3
0.0256874 0.137648 -0.990148 0 -0.0186557 0.990368 0.137195 0 0.999496 0.0149478 0.0280079 0 -2773.09 289.012 -982.619 1 3
0.0231866 0.145046 -0.989153 0 -0.0207399 0.989276 0.144578 0 0.999516 0.0171626 0.0259462 0 -2774.8 274.958 -988.658 1 3
0.0206383 0.150006 -0.98847 0 -0.0237597 0.988475 0.14951 0 0.999505 0.0204001 0.0239645 0 -2776.73 256.623 -993.207 1 3
0.0182662 0.153442 -0.987989 0 -0.0275414 0.987856 0.152912 0 0.999454 0.0244175 0.0222704 0 -2778.69 235.981 -996.942 1 3
0.0162154 0.155073 -0.98777 0 -0.0314379 0.98749 0.154513 0 0.999374 0.0285479 0.0208877 0 -2780.57 214.211 -999.87 1 3
0.0144628 0.156003 -0.987651 0 -0.0355365 0.98721 0.155413 0 0.999264 0.0328499 0.0198216 0 -2782.36 192.08 -1002.05 1 3
0.0129354 0.155983 -0.987675 0 -0.0395607 0.987064 0.155369 0 0.999133 0.0370634 0.0189388 0 -2784.45 169.302 -1003.33 1 3
0.0114217 0.155369 -0.98779 0 -0.0435931 0.986993 0.15474 0 0.998984 0.0412934 0.0180462 0 -2786.56 144.933 -1003.51 1 3
0.0096683 0.153692 -0.988072 0 -0.0477735 0.98706 0.153067 0 0.998811 0.0457237 0.0168856 0 -2788.78 117.414 -1002 1 3
0.00776178 0.151259 -0.988464 0 -0.0522816 0.987203 0.150655 0 0.998602 0.0505092 0.0155705 0 -2791.28 87.182 -999.271 1 3
0.0060609 0.148309 -0.988922 0 -0.0559203 0.987443 0.147745 0 0.998417 0.0544054 0.0142783 0 -2794 59.3225 -995.941 1 3
0.00428372 0.14506 -0.989414 0 -0.0585981 0.987759 0.144564 0 0.998272 0.0573585 0.0127315 0 -2796.95 34.9867 -991.79 1 3
0.00255075 0.141814 -0.98989 0 -0.0597814 0.988144 0.14141 0 0.998208 0.0588163 0.0109984 0 -2800.82 15.6312 -986.868 1 3
0.00103351 0.136952 -0.990577 0 -0.0592795 0.988844 0.13665 0 0.998241 0.0585797 0.00914042 0 -2805.13 -0.373951 -981.444 1 3
-0.000566322 0.12937 -0.991596 0 -0.0574216 0.989956 0.129188 0 0.99835 0.0570123 0.00686798 0 -2809.99 -15.4276 -974.668 1 3
-0.00210052 0.117909 -0.993022 0 -0.0531571 0.991607 0.117854 0 0.998584 0.0530337 0.00418483 0 -2815.96 -27.948 -966.137 1 3
-0.0036952 0.102119 -0.994765 0 -0.0461217 0.993696 0.10218 0 0.998929 0.0462578 0.00103798 0 -2822.93 -36.0112 -956.04 1 3
-0.00579745 0.0860858 -0.996271 0 -0.0388589 0.995516 0.0862467 0 0.999228 0.039214 -0.00242625 0 -2830.55 -37.1994 -944.5 1 3
-0.00806216 0.0706657 -0.997467 0 -0.0319175 0.996973 0.0708887 0 0.999458 0.0324081 -0.00578229 0 -2838.01 -33.4414 -932.872 1 3
-0.0108549 0.0570808 -0.998311 0 -0.0255382 0.998028 0.0573423 0 0.999615 0.0261175 -0.00937574 0 -2845.26 -26.4037 -921.599 1 3
-0.0138147 0.045697 -0.99886 0 -0.0198886 0.998745 0.0459668 0 0.999707 0.0205009 -0.0128885 0 -2852.08 -17.8938 -911.443 1 3
-0.0168603 0.0367611 -0.999182 0 -0.0153069 0.999197 0.0370199 0 0.999741 0.0159185 -0.0162841 0 -2858.21 -9.73282 -903.182 1 3
-0.0198505 0.0301471 -0.999348 0 -0.0115249 0.999472 0.0303797 0 0.999737 0.0121204 -0.0194926 0 -2863.78 -2.09963 -896.487 1 3
-0.0227053 0.0253048 -0.999422 0 -0.00857343 0.999638 0.0255051 0 0.999705 0.00914757 -0.0224801 0 -2868.73 4.66143 -891.1 1 3
-0.025357 0.0219572 -0.999437 0 -0.00603936 0.999737 0.022117 0 0.99966 0.00659678 -0.0252178 0 -2873.27 11.0239 -886.364 1 3
-0.0276038 0.0195058 -0.999429 0 -0.00401963 0.999799 0.019624 0 0.999611 0.00455903 -0.0275199 0 -2877.32 16.4155 -882.591 1 3
-0.0294767 0.0175354 -0.999412 0 -0.00244233 0.999842 0.017615 0 0.999562 0.00296013 -0.0294292 0 -2880.9 20.8606 -879.557 1 3
-0.0311953 0.0161789 -0.999382 0 -0.00108399 0.999868 0.0162206 0 0.999513 0.00158933 -0.0311736 0 -2884.1 24.6839 -877.042 1 3
-0.0328192 0.0153647 -0.999343 0 3.15568e-05 0.999882 0.015372 0 0.999461 0.00047296 -0.0328158 0 -2887 27.9484 -874.906 1 3
-0.0343009 0.0146411 -0.999304 0 0.000851238 0.999893 0.0146205 0 0.999411 -0.00034915 -0.0343097 0 -2889.62 30.3314 -873.168 1 3
-0.0356769 0.0140917 -0.999264 0 0.0016673 0.9999 0.0140411 0 0.999362 -0.00116513 -0.0356969 0 -2891.97 32.595 -871.675 1 3
-0.0371311 0.0136515 -0.999217 0 0.00211066 0.999906 0.0135824 0 0.999308 -0.00160468 -0.0371564 0 -2894.16 33.701 -869.972 1 3
-0.0384216 0.0133499 -0.999172 0 0.00245951 0.999909 0.0132652 0 0.999259 -0.00194781 -0.038451 0 -2896.08 34.5854 -868.651 1 3
-0.0396132 0.0131444 -0.999129 0 0.00284234 0.999911 0.013042 0 0.999211 -0.00232323 -0.0396471 0 -2897.92 35.4578 -867.514 1 3
-0.0407686 0.0129765 -0.999084 0 0.00311656 0.999912 0.01286 0 0.999164 -0.00258942 -0.0408055 0 -2899.71 36.0721 -866.626 1 3
-0.0417433 0.0129088 -0.999045 0 0.00350934 0.999912 0.0127733 0 0.999122 -0.00297279 -0.041785 0 -2901.37 37.0137 -866.118 1 3
-0.0425878 0.0129192 -0.999009 0 0.00381715 0.999911 0.0127682 0 0.999085 -0.0032696 -0.0426334 0 -2902.9 37.7672 -866.096 1 3
-0.0436515 0.0135263 -0.998955 0 0.00381429 0.999903 0.0133724 0 0.99904 -0.00322658 -0.0436989 0 -2905.21 38.1501 -865.627 1 3
-0.0438384 0.0146051 -0.998932 0 0.00411448 0.999887 0.0144385 0 0.99903 -0.00347713 -0.0438935 0 -2907.88 39.7053 -868.535 1 3
-0.0441141 0.0153066 -0.998909 0 0.00449289 0.999876 0.015123 0 0.999016 -0.00382085 -0.0441773 0 -2910.3 41.1641 -870.716 1 3
-0.0444453 0.0158474 -0.998886 0 0.00492856 0.999865 0.0156437 0 0.999 -0.00422778 -0.0445174 0 -2912.39 42.5269 -872.444 1 3
-0.0449284 0.0162031 -0.998859 0 0.00523469 0.999859 0.0159839 0 0.998976 -0.00451058 -0.0450069 0 -2914.32 43.4847 -873.625 1 3
-0.0454235 0.0165607 -0.998831 0 0.0056512 0.999851 0.0163206 0 0.998952 -0.00490325 -0.0455103 0 -2916.14 44.7695 -874.471 1 3
-0.0459432 0.0168265 -0.998802 0 0.00596706 0.999845 0.0165696 0 0.998926 -0.00519865 -0.0460364 0 -2917.75 45.827 -875.011 1 3
-0.0464127 0.017031 -0.998777 0 0.00624078 0.99984 0.0167591 0 0.998903 -0.00545532 -0.0465116 0 -2919.13 46.6587 -875.524 1 3
-0.0468514 0.0172013 -0.998754 0 0.00656106 0.999835 0.0169121 0 0.99888 -0.00576053 -0.0469565 0 -2920.27 47.6192 -876.04 1 3
