0.0844222 0 0.99643 0 0 1 0 0 -0.99643 0 0.0844222 0 -2128.15 0 427.575 1 0
0.0844222 0 0.99643 0 0 1 0 0 -0.99643 0 0.0844222 0 -2128.15 0 427.575 1 0
0.0844222 0 0.99643 0 0 1 0 0 -0.99643 0 0.0844222 0 -2128.15 0 427.575 1 0
0.0844222 0 0.99643 0 0 1 0 0 -0.99643 0 0.0844222 0 -2128.15 0 427.575 1 0
0.0844222 0 0.99643 0 0 1 0 0 -0.99643 0 0.0844222 0 -2128.15 0 427.575 1 0
0.0844222 0 0.99643 0 0 1 0 0 -0.99643 0 0.0844222 0 -2128.15 0 427.575 1 0
0.0844222 0 0.99643 0 0 1 0 0 -0.99643 0 0.0844222 0 -2128.15 0 427.575 1 0
0.0844222 0 0.99643 0 0 1 0 0 -0.99643 0 0.0844222 0 -2128.15 0 427.575 1 0
0.0844222 0 0.99643 0 0 1 0 0 -0.99643 0 0.0844222 0 -2128.15 0 427.575 1 0
0.0844222 0 0.99643 0 0 1 0 0 -0.99643 0 0.0844222 0 -2128.15 0 427.575 1 0
0.0844222 0 0.99643 0 0 1 0 0 -0.99643 0 0.0844222 0 -2128.15 0 427.575 1 0
0.0844222 0 0.99643 0 0 1 0 0 -0.99643 0 0.0844222 0 -2128.15 0 427.575 1 0
0.0844222 0 0.99643 0 0 1 0 0 -0.99643 0 0.0844222 0 -2128.15 0 427.575 1 0
0.0844222 0 0.99643 0 0 1 0 0 -0.99643 0 0.0844222 0 -2128.15 0 427.575 1 0
0.0844222 0 0.99643 0 0 1 0 0 -0.99643 0 0.0844222 0 -2128.15 0 427.575 1 0
0.0844222 0 0.99643 0 0 1 0 0 -0.99643 0 0.0844222 0 -2128.15 0 427.575 1 0
0.0844222 0 0.99643 0 0 1 0 0 -0.99643 0 0.0844222 0 -2128.15 0 427.575 1 0
0.0844222 0 0.99643 0 0 1 0 0 -0.99643 0 0.0844222 0 -2128.15 0 427.575 1 0
0.0844222 0 0.99643 0 0 1 0 0 -0.99643 0 0.0844222 0 -2128.15 0 427.575 1 0
0.0844222 0 0.99643 0 0 1 0 0 -0.99643 0 0.0844222 0 -2128.15 0 427.575 1 0
0.0844222 0 0.99643 0 0 1 0 0 -0.99643 0 0.0844222 0 -2128.15 0 427.575 1 0
0.0844222 0 0.99643 0 0 1 0 0 -0.99643 0 0.0844222 0 -2128.15 0 427.575 1 0
0.0844222 0 0.99643 0 0 1 0 0 -0.99643 0 0.0844222 0 -2128.15 0 427.575 1 0
0.0844222 0 0.99643 0 0 1 0 0 -0.99643 0 0.0844222 0 -2128.15 0 427.575 1 0
0.0844222 0 0.99643 0 0 1 0 0 -0.99643 0 0.0844222 0 -2128.15 0 427.575 1 0
0.0844222 0 0.99643 0 0 1 0 0 -0.99643 0 0.0844222 0 -2128.15 0 427.575 1 0
0.0844222 0 0.99643 0 0 1 0 0 -0.99643 0 0.0844222 0 -2128.15 0 427.575 1 0
0.0844222 0 0.99643 0 0 1 0 0 -0.99643 0 0.0844222 0 -2128.15 0 427.575 1 0
0.0844222 0 0.99643 0 0 1 0 0 -0.99643 0 0.0844222 0 -2128.15 0 427.575 1 0
0.0844222 0 0.99643 0 0 1 0 0 -0.99643 0 0.0844222 0 -2128.15 0 427.575 1 0
0.0844222 0 0.99643 0 0 1 0 0 -0.99643 0 0.0844222 0 -2128.15 0 427.575 1 0
0.0844222 0 0.99643 0 0 1 0 0 -0.99643 0 0.0844222 0 -2128.15 0 427.575 1 0
0.117856 -0.0698799 0.990569 0 -0.00386941 0.997481 0.0708279 0 -0.993023 -0.0121804 0.117288 0 -1837.13 -25.0846 1132.88 1 1
0.110265 -0.0673148 0.99162 0 -0.00369297 0.997669 0.0681361 0 -0.993895 -0.0111751 0.10976 0 -1844.22 -30.4322 1202.35 1 1
0.110265 -0.0673148 0.99162 0 -0.00369297 0.997669 0.0681361 0 -0.993895 -0.0111751 0.10976 0 -1844.22 -30.4322 1202.35 1 2
0.110265 -0.0673148 0.99162 0 -0.00369297 0.997669 0.0681361 0 -0.993895 -0.0111751 0.10976 0 -1844.22 -30.4322 1202.35 1 2
0.110265 -0.0673148 0.99162 0 -0.00369297 0.997669 0.0681361 0 -0.993895 -0.0111751 0.10976 0 -1844.22 -30.4322 1202.35 1 2
0.110265 -0.0673148 0.99162 0 -0.00369297 0.997669 0.0681361 0 -0.993895 -0.0111751 0.10976 0 -1844.22 -30.4322 1202.35 1 2
0.110265 -0.0673148 0.99162 0 -0.00369297 0.997669 0.0681361 0 -0.993895 -0.0111751 0.10976 0 -1844.22 -30.4322 1202.35 1 2
0.110265 -0.0673148 0.99162 0 -0.00369297 0.997669 0.0681361 0 -0.993895 -0.0111751 0.10976 0 -1844.22 -30.4322 1202.35 1 2
0.110265 -0.0673148 0.99162 0 -0.00369297 0.997669 0.0681361 0 -0.993895 -0.0111751 0.10976 0 -1844.22 -30.4322 1202.35 1 2
0.110265 -0.0673148 0.99162 0 -0.00369297 0.997669 0.0681361 0 -0.993895 -0.0111751 0.10976 0 -1844.22 -30.4322 1202.35 1 2
0.110265 -0.0673148 0.99162 0 -0.00369297 0.997669 0.0681361 0 -0.993895 -0.0111751 0.10976 0 -1844.22 -30.4322 1202.35 1 2
0.110265 -0.0673148 0.99162 0 -0.00369297 0.997669 0.0681361 0 -0.993895 -0.0111751 0.10976 0 -1844.22 -30.4322 1202.35 1 2
0.110265 -0.0673148 0.99162 0 -0.00369297 0.997669 0.0681361 0 -0.993895 -0.0111751 0.10976 0 -1844.22 -30.4322 1202.35 1 2
0.110265 -0.0673148 0.99162 0 -0.00369297 0.997669 0.0681361 0 -0.993895 -0.0111751 0.10976 0 -1844.22 -30.4322 1202.35 1 2
0.110265 -0.0673148 0.99162 0 -0.00369297 0.997669 0.0681361 0 -0.993895 -0.0111751 0.10976 0 -1844.22 -30.4322 1202.35 1 2
0.110265 -0.0673148 0.99162 0 -0.00369297 0.997669 0.0681361 0 -0.993895 -0.0111751 0.10976 0 -1844.22 -30.4322 1202.35 1 2
0.110265 -0.0673148 0.99162 0 -0.00369297 0.997669 0.0681361 0 -0.993895 -0.0111751 0.10976 0 -1844.22 -30.4322 1202.35 1 2
0.110265 -0.0673148 0.99162 0 -0.00369297 0.997669 0.0681361 0 -0.993895 -0.0111751 0.10976 0 -1844.22 -30.4322 1202.35 1 2
0.110265 -0.0673148 0.99162 0 -0.00369297 0.997669 0.0681361 0 -0.993895 -0.0111751 0.10976 0 -1844.22 -30.4322 1202.35 1 2
0.110265 -0.0673148 0.99162 0 -0.00369297 0.997669 0.0681361 0 -0.993895 -0.0111751 0.10976 0 -1844.22 -30.4322 1202.35 1 2
0.110265 -0.0673148 0.99162 0 -0.00369297 0.997669 0.0681361 0 -0.993895 -0.0111751 0.10976 0 -1844.22 -30.4322 1202.35 1 2
0.110265 -0.0673148 0.99162 0 -0.00369297 0.997669 0.0681361 0 -0.993895 -0.0111751 0.10976 0 -1844.22 -30.4322 1202.35 1 2
0.110265 -0.0673148 0.99162 0 -0.00369297 0.997669 0.0681361 0 -0.993895 -0.0111751 0.10976 0 -1844.22 -30.4322 1202.35 1 2
0.110265 -0.0673148 0.99162 0 -0.00369297 0.997669 0.0681361 0 -0.993895 -0.0111751 0.10976 0 -1844.22 -30.4322 1202.35 1 2
0.110265 -0.0673148 0.99162 0 -0.00369297 0.997669 0.0681361 0 -0.993895 -0.0111751 0.10976 0 -1844.22 -30.4322 1202.35 1 2
0.110265 -0.0673148 0.99162 0 -0.00369297 0.997669 0.0681361 0 -0.993895 -0.0111751 0.10976 0 -1844.22 -30.4322 1202.35 1 2
0.110265 -0.0673148 0.99162 0 -0.00369297 0.997669 0.0681361 0 -0.993895 -0.0111751 0.10976 0 -1844.22 -30.4322 1202.35 1 2
0.110265 -0.0673148 0.99162 0 -0.00369297 0.997669 0.0681361 0 -0.993895 -0.0111751 0.10976 0 -1844.22 -30.4322 1202.35 1 2
0.110265 -0.0673148 0.99162 0 -0.00369297 0.997669 0.0681361 0 -0.993895 -0.0111751 0.10976 0 -1844.22 -30.4322 1202.35 1 2
0.110265 -0.0673148 0.99162 0 -0.00369297 0.997669 0.0681361 0 -0.993895 -0.0111751 0.10976 0 -1844.22 -30.4322 1202.35 1 2
0.110265 -0.0673148 0.99162 0 -0.00369297 0.997669 0.0681361 0 -0.993895 -0.0111751 0.10976 0 -1844.22 -30.4322 1202.35 1 2
0.110265 -0.0673148 0.99162 0 -0.00369297 0.997669 0.0681361 0 -0.993895 -0.0111751 0.10976 0 -1844.22 -30.4322 1202.35 1 2
0.110265 -0.0673148 0.99162 0 -0.00369297 0.997669 0.0681361 0 -0.993895 -0.0111751 0.10976 0 -1844.22 -30.4322 1202.35 1 2
0.110265 -0.0673148 0.99162 0 -0.00369297 0.997669 0.0681361 0 -0.993895 -0.0111751 0.10976 0 -1844.22 -30.4322 1202.35 1 2
0.110265 -0.0673148 0.99162 0 -0.00369297 0.997669 0.0681361 0 -0.993895 -0.0111751 0.10976 0 -1844.22 -30.4322 1202.35 1 2
0.110265 -0.0673148 0.99162 0 -0.00369297 0.997669 0.0681361 0 -0.993895 -0.0111751 0.10976 0 -1844.22 -30.4322 1202.35 1 2
0.110265 -0.0673148 0.99162 0 -0.00369297 0.997669 0.0681361 0 -0.993895 -0.0111751 0.10976 0 -1844.22 -30.4322 1202.35 1 2
0.110265 -0.0673148 0.99162 0 -0.00369297 0.997669 0.0681361 0 -0.993895 -0.0111751 0.10976 0 -1844.22 -30.4322 1202.35 1 2
0.110265 -0.0673148 0.99162 0 -0.00369297 0.997669 0.0681361 0 -0.993895 -0.0111751 0.10976 0 -1844.22 -30.4322 1202.35 1 2
0.110265 -0.0673148 0.99162 0 -0.00369297 0.997669 0.0681361 0 -0.993895 -0.0111751 0.10976 0 -1844.22 -30.4322 1202.35 1 2
0.110265 -0.0673148 0.99162 0 -0.00369297 0.997669 0.0681361 0 -0.993895 -0.0111751 0.10976 0 -1844.22 -30.4322 1202.35 1 2
0.110265 -0.0673148 0.99162 0 -0.00369297 0.997669 0.0681361 0 -0.993895 -0.0111751 0.10976 0 -1844.22 -30.4322 1202.35 1 2
0.110265 -0.0673148 0.99162 0 -0.00369297 0.997669 0.0681361 0 -0.993895 -0.0111751 0.10976 0 -1844.22 -30.4322 1202.35 1 2
0.110265 -0.0673148 0.99162 0 -0.00369297 0.997669 0.0681361 0 -0.993895 -0.0111751 0.10976 0 -1844.22 -30.4322 1202.35 1 2
0.110265 -0.0673148 0.99162 0 -0.00369297 0.997669 0.0681361 0 -0.993895 -0.0111751 0.10976 0 -1844.22 -30.4322 1202.35 1 2
0.110265 -0.0673148 0.99162 0 -0.00369297 0.997669 0.0681361 0 -0.993895 -0.0111751 0.10976 0 -1844.22 -30.4322 1202.35 1 2
0.110265 -0.0673148 0.99162 0 -0.00369297 0.997669 0.0681361 0 -0.993895 -0.0111751 0.10976 0 -1844.22 -30.4322 1202.35 1 2
0.110265 -0.0673148 0.99162 0 -0.00369297 0.997669 0.0681361 0 -0.993895 -0.0111751 0.10976 0 -1844.22 -30.4322 1202.35 1 2
0.110265 -0.0673148 0.99162 0 -0.00369297 0.997669 0.0681361 0 -0.993895 -0.0111751 0.10976 0 -1844.22 -30.4322 1202.35 1 2
0.110265 -0.0673148 0.99162 0 -0.00369297 0.997669 0.0681361 0 -0.993895 -0.0111751 0.10976 0 -1844.22 -30.4322 1202.35 1 2
0.110265 -0.0673148 0.99162 0 -0.00369297 0.997669 0.0681361 0 -0.993895 -0.0111751 0.10976 0 -1844.22 -30.4322 1202.35 1 2
0.110265 -0.0673148 0.99162 0 -0.00369297 0.997669 0.0681361 0 -0.993895 -0.0111751 0.10976 0 -1844.22 -30.4322 1202.35 1 2
0.110265 -0.0673148 0.99162 0 -0.00369297 0.997669 0.0681361 0 -0.993895 -0.0111751 0.10976 0 -1844.22 -30.4322 1202.35 1 2
0.110265 -0.0673148 0.99162 0 -0.00369297 0.997669 0.0681361 0 -0.993895 -0.0111751 0.10976 0 -1844.22 -30.4322 1202.35 1 2
0.110265 -0.0673148 0.99162 0 -0.00369297 0.997669 0.0681361 0 -0.993895 -0.0111751 0.10976 0 -1844.22 -30.4322 1202.35 1 2
0.110265 -0.0673148 0.99162 0 -0.00369297 0.997669 0.0681361 0 -0.993895 -0.0111751 0.10976 0 -1844.22 -30.4322 1202.35 1 2
0.110265 -0.0673148 0.99162 0 -0.00369297 0.997669 0.0681361 0 -0.993895 -0.0111751 0.10976 0 -1844.22 -30.4322 1202.35 1 2
0.110265 -0.0673148 0.99162 0 -0.00369297 0.997669 0.0681361 0 -0.993895 -0.0111751 0.10976 0 -1844.22 -30.4322 1202.35 1 2
0.110265 -0.0673148 0.99162 0 -0.00369297 0.997669 0.0681361 0 -0.993895 -0.0111751 0.10976 0 -1844.22 -30.4322 1202.35 1 2
0.110265 -0.0673148 0.99162 0 -0.00369297 0.997669 0.0681361 0 -0.993895 -0.0111751 0.10976 0 -1844.22 -30.4322 1202.35 1 2
0.110265 -0.0673148 0.99162 0 -0.00369297 0.997669 0.0681361 0 -0.993895 -0.0111751 0.10976 0 -1844.22 -30.4322 1202.35 1 2
0.110265 -0.0673148 0.99162 0 -0.00369297 0.997669 0.0681361 0 -0.993895 -0.0111751 0.10976 0 -1844.22 -30.4322 1202.35 1 2
0.110265 -0.0673148 0.99162 0 -0.00369297 0.997669 0.0681361 0 -0.993895 -0.0111751 0.10976 0 -1844.22 -30.4322 1202.35 1 2
0.110265 -0.0673148 0.99162 0 -0.00369297 0.997669 0.0681361 0 -0.993895 -0.0111751 0.10976 0 -1844.22 -30.4322 1202.35 1 2
0.110265 -0.0673148 0.99162 0 -0.00369297 0.997669 0.0681361 0 -0.993895 -0.0111751 0.10976 0 -1844.22 -30.4322 1202.35 1 2
0.110265 -0.0673148 0.99162 0 -0.00369297 0.997669 0.0681361 0 -0.993895 -0.0111751 0.10976 0 -1844.22 -30.4322 1202.35 1 2
0.110265 -0.0673148 0.99162 0 -0.00369297 0.997669 0.0681361 0 -0.993895 -0.0111751 0.10976 0 -1844.22 -30.4322 1202.35 1 2
0.110265 -0.0673148 0.99162 0 -0.00369297 0.997669 0.0681361 0 -0.993895 -0.0111751 0.10976 0 -1844.22 -30.4322 1202.35 1 2
0.110265 -0.0673148 0.99162 0 -0.00369297 0.997669 0.0681361 0 -0.993895 -0.0111751 0.10976 0 -1844.22 -30.4322 1202.35 1 2
0.110265 -0.0673148 0.99162 0 -0.00369297 0.997669 0.0681361 0 -0.993895 -0.0111751 0.10976 0 -1844.22 -30.4322 1202.35 1 2
0.110265 -0.0673148 0.99162 0 -0.00369297 0.997669 0.0681361 0 -0.993895 -0.0111751 0.10976 0 -1844.22 -30.4322 1202.35 1 2
0.110265 -0.0673148 0.99162 0 -0.00369297 0.997669 0.0681361 0 -0.993895 -0.0111751 0.10976 0 -1844.22 -30.4322 1202.35 1 2
0.110265 -0.0673148 0.99162 0 -0.00369297 0.997669 0.0681361 0 -0.993895 -0.0111751 0.10976 0 -1844.22 -30.4322 1202.35 1 2
0.110265 -0.0673148 0.99162 0 -0.00369297 0.997669 0.0681361 0 -0.993895 -0.0111751 0.10976 0 -1844.22 -30.4322 1202.35 1 2
0.110265 -0.0673148 0.99162 0 -0.00369297 0.997669 0.0681361 0 -0.993895 -0.0111751 0.10976 0 -1844.22 -30.4322 1202.35 1 2
0.110265 -0.0673148 0.99162 0 -0.00369297 0.997669 0.0681361 0 -0.993895 -0.0111751 0.10976 0 -1844.22 -30.4322 1202.35 1 2
0.110265 -0.0673148 0.99162 0 -0.00369297 0.997669 0.0681361 0 -0.993895 -0.0111751 0.10976 0 -1844.22 -30.4322 1202.35 1 2
0.110265 -0.0673148 0.99162 0 -0.00369297 0.997669 0.0681361 0 -0.993895 -0.0111751 0.10976 0 -1844.22 -30.4322 1202.35 1 2
0.110265 -0.0673148 0.99162 0 -0.00369297 0.997669 0.0681361 0 -0.993895 -0.0111751 0.10976 0 -1844.22 -30.4322 1202.35 1 2
0.110265 -0.0673148 0.99162 0 -0.00369297 0.997669 0.0681361 0 -0.993895 -0.0111751 0.10976 0 -1844.22 -30.4322 1202.35 1 2
0.110265 -0.0673148 0.99162 0 -0.00369297 0.997669 0.0681361 0 -0.993895 -0.0111751 0.10976 0 -1844.22 -30.4322 1202.35 1 2
0.110265 -0.0673148 0.99162 0 -0.00369297 0.997669 0.0681361 0 -0.993895 -0.0111751 0.10976 0 -1844.22 -30.4322 1202.35 1 2
0.110265 -0.0673148 0.99162 0 -0.00369297 0.997669 0.0681361 0 -0.993895 -0.0111751 0.10976 0 -1844.22 -30.4322 1202.35 1 2
0.110265 -0.0673148 0.99162 0 -0.00369297 0.997669 0.0681361 0 -0.993895 -0.0111751 0.10976 0 -1844.22 -30.4322 1202.35 1 2
0.110265 -0.0673148 0.99162 0 -0.00369297 0.997669 0.0681361 0 -0.993895 -0.0111751 0.10976 0 -1844.22 -30.4322 1202.35 1 2
0.110265 -0.0673148 0.99162 0 -0.00369297 0.997669 0.0681361 0 -0.993895 -0.0111751 0.10976 0 -1844.22 -30.4322 1202.35 1 2
0.110265 -0.0673148 0.99162 0 -0.00369297 0.997669 0.0681361 0 -0.993895 -0.0111751 0.10976 0 -1844.22 -30.4322 1202.35 1 2
0.110265 -0.0673148 0.99162 0 -0.00369297 0.997669 0.0681361 0 -0.993895 -0.0111751 0.10976 0 -1844.22 -30.4322 1202.35 1 2
0.110265 -0.0673148 0.99162 0 -0.00369297 0.997669 0.0681361 0 -0.993895 -0.0111751 0.10976 0 -1844.22 -30.4322 1202.35 1 2
0.110265 -0.0673148 0.99162 0 -0.00369297 0.997669 0.0681361 0 -0.993895 -0.0111751 0.10976 0 -1844.22 -30.4322 1202.35 1 2
0.110265 -0.0673148 0.99162 0 -0.00369297 0.997669 0.0681361 0 -0.993895 -0.0111751 0.10976 0 -1844.22 -30.4322 1202.35 1 2
0.110265 -0.0673148 0.99162 0 -0.00369297 0.997669 0.0681361 0 -0.993895 -0.0111751 0.10976 0 -1844.22 -30.4322 1202.35 1 2
0.110265 -0.0673148 0.99162 0 -0.00369297 0.997669 0.0681361 0 -0.993895 -0.0111751 0.10976 0 -1844.22 -30.4322 1202.35 1 2
0.110265 -0.0673148 0.99162 0 -0.00369297 0.997669 0.0681361 0 -0.993895 -0.0111751 0.10976 0 -1844.22 -30.4322 1202.35 1 2
0.110265 -0.0673148 0.99162 0 -0.00369297 0.997669 0.0681361 0 -0.993895 -0.0111751 0.10976 0 -1844.22 -30.4322 1202.35 1 2
0.110265 -0.0673148 0.99162 0 -0.00369297 0.997669 0.0681361 0 -0.993895 -0.0111751 0.10976 0 -1844.22 -30.4322 1202.35 1 2
0.112457 -0.0702015 0.991174 0 -0.00385524 0.997463 0.0710844 0 -0.993649 -0.0118151 0.111901 0 -1844.75 -37.3891 1203.86 1 3
0.113236 -0.072006 0.990955 0 -0.00525039 0.997313 0.073068 0 -0.993554 -0.0134769 0.112554 0 -1844.92 -42.0119 1204.06 1 3
0.113529 -0.0728861 0.990858 0 -0.00752789 0.997214 0.0742162 0 -0.993506 -0.0158847 0.112664 0 -1844.61 -46.5907 1203.79 1 3
0.114086 -0.0735052 0.990748 0 -0.0114717 0.997095 0.0752971 0 -0.993405 -0.019956 0.112912 0 -1844.88 -53.2152 1204.74 1 3
0.114495 -0.0737866 0.99068 0 -0.0155334 0.996983 0.0760513 0 -0.993302 -0.0240961 0.113004 0 -1844.91 -59.5007 1205.17 1 3
0.115041 -0.0733708 0.990647 0 -0.01977 0.996902 0.0761298 0 -0.993164 -0.0283431 0.113234 0 -1844.28 -65.483 1205.83 1 3
0.115652 -0.0722555 0.990658 0 -0.0244886 0.99684 0.0755652 0 -0.992988 -0.0329991 0.113517 0 -1843.08 -71.5983 1206.75 1 3
0.116193 -0.0708602 0.990696 0 -0.0293197 0.996772 0.0747336 0 -0.992794 -0.0377304 0.11374 0 -1841.62 -77.7236 1207.55 1 3
0.116638 -0.0693568 0.99075 0 -0.0341073 0.996691 0.073788 0 -0.992589 -0.0423983 0.113887 0 -1840.04 -84.0469 1208.69 1 3
0.117081 -0.0678345 0.990803 0 -0.0390959 0.996576 0.0728496 0 -0.992353 -0.0472657 0.114028 0 -1838.42 -90.4654 1209.49 1 3
0.117655 -0.0658426 0.990869 0 -0.0440051 0.996474 0.0714401 0 -0.992079 -0.0520086 0.114343 0 -1836.7 -96.556 1210.54 1 3
0.118433 -0.0638599 0.990906 0 -0.0491038 0.996332 0.0700785 0 -0.991747 -0.0569569 0.114863 0 -1834.56 -103.285 1211.89 1 3
0.119524 -0.0614873 0.990925 0 -0.0546283 0.996161 0.0684014 0 -0.991327 -0.0623082 0.115706 0 -1832.05 -110.419 1213.84 1 3
0.120832 -0.0589473 0.990921 0 -0.060392 0.99595 0.0666106 0 -0.990834 -0.0678924 0.116783 0 -1829.25 -117.901 1216.11 1 3
0.122245 -0.0565017 0.99089 0 -0.0650774 0.995773 0.0648086 0 -0.990364 -0.0724071 0.118051 0 -1826.57 -124.079 1218.5 1 3
0.123689 -0.0543788 0.99083 0 -0.0687651 0.995627 0.0632263 0 -0.989936 -0.0759549 0.119409 0 -1824.19 -128.838 1220.99 1 3
0.125253 -0.052869 0.990715 0 -0.0711471 0.99553 0.0621208 0 -0.989571 -0.0782673 0.120931 0 -1821.89 -132.055 1223.2 1 3
0.12682 -0.0512019 0.990603 0 -0.0722269 0.995539 0.0607037 0 -0.989293 -0.0792467 0.122556 0 -1820.17 -133.227 1225.5 1 3
0.128653 -0.0492234 0.990467 0 -0.0721103 0.995659 0.058848 0 -0.989064 -0.0789938 0.124545 0 -1818.81 -132.698 1228.27 1 3
0.130702 -0.0472356 0.990296 0 -0.0701036 0.995924 0.0567565 0 -0.98894 -0.0768415 0.126857 0 -1817.95 -129.565 1231.63 1 3
0.132793 -0.0445674 0.990141 0 -0.0657177 0.996394 0.0536626 0 -0.988963 -0.0721959 0.129385 0 -1818.07 -122.773 1235.69 1 3
0.135133 -0.0423768 0.989921 0 -0.0600546 0.996898 0.0508735 0 -0.989006 -0.066324 0.132169 0 -1818.7 -115.06 1240.21 1 3
0.137439 -0.0408267 0.989668 0 -0.0539679 0.997357 0.0486386 0 -0.989039 -0.0600952 0.134873 0 -1819.37 -106.914 1244.34 1 3
0.139919 -0.0396155 0.98937 0 -0.0480765 0.997749 0.0467501 0 -0.988995 -0.0541067 0.137699 0 -1819.95 -98.9328 1248.4 1 3
0.142181 -0.0387283 0.989083 0 -0.042912 0.998054 0.0452482 0 -0.98891 -0.048877 0.140243 0 -1820.34 -91.9429 1251.98 1 3
0.144069 -0.0382059 0.98883 0 -0.0386099 0.998277 0.0441962 0 -0.988814 -0.0445459 0.142345 0 -1821.04 -86.2832 1254.6 1 3
0.145538 -0.0379981 0.988623 0 -0.0350074 0.998439 0.043529 0 -0.988733 -0.0409442 0.143981 0 -1821.82 -81.2685 1256.82 1 3
0.146815 -0.0379364 0.988436 0 -0.0319572 0.998561 0.0430717 0 -0.988648 -0.0379112 0.145392 0 -1822.72 -77.4269 1258.43 1 3
0.14808 -0.0383122 0.988233 0 -0.0293712 0.998638 0.0431167 0 -0.988539 -0.0354103 0.146753 0 -1823.33 -74.6199 1259.93 1 3
0.148965 -0.0387643 0.988082 0 -0.0274565 0.998684 0.0433196 0 -0.988461 -0.0335824 0.147704 0 -1824.13 -72.5688 1260.84 1 3
0.149646 -0.0391208 0.987965 0 -0.0258651 0.99872 0.0434645 0 -0.988401 -0.0320581 0.148443 0 -1824.84 -70.8718 1261.4 1 3
0.150261 -0.039415 0.98786 0 -0.0245641 0.998748 0.0435858 0 -0.988341 -0.0308151 0.149105 0 -1825.47 -69.6012 1261.78 1 3
0.150845 -0.0396935 0.98776 0 -0.023533 0.998766 0.0437296 0 -0.988277 -0.0298414 0.149724 0 -1825.97 -68.7173 1262.12 1 3
0.151398 -0.0399741 0.987664 0 -0.0228006 0.998775 0.0439188 0 -0.98821 -0.0291686 0.150301 0 -1826.31 -68.2433 1262.37 1 3
0.151849 -0.0402292 0.987585 0 -0.02211 0.998783 0.044085 0 -0.988156 -0.0285297 0.150775 0 -1826.55 -67.6674 1262.6 1 3
0.152253 -0.0401037 0.987528 0 -0.0216914 0.9988 0.0439058 0 -0.988104 -0.0281057 0.1512 0 -1826.76 -66.9404 1263.43 1 3
0.152611 -0.0400578 0.987474 0 -0.0213465 0.998812 0.0438168 0 -0.988056 -0.027766 0.151575 0 -1827 -66.5258 1264.05 1 3
0.152962 -0.0400771 0.987419 0 -0.0210543 0.998818 0.0438014 0 -0.988008 -0.0274893 0.151938 0 -1827.12 -66.1498 1264.55 1 3
0.153341 -0.0400358 0.987362 0 -0.0208514 0.998825 0.0437389 0 -0.987953 -0.0272949 0.152326 0 -1827.28 -65.8591 1265.07 1 3
0.153611 -0.0400818 0.987318 0 -0.0206011 0.99883 0.0437544 0 -0.987917 -0.027061 0.152606 0 -1827.5 -65.5422 1265.43 1 3
0.153756 -0.0401913 0.987291 0 -0.0204325 0.998829 0.0438431 0 -0.987898 -0.026914 0.152755 0 -1827.73 -65.3892 1265.5 1 3
0.154188 -0.0405573 0.987209 0 -0.0205385 0.99881 0.0442418 0 -0.987828 -0.0270973 0.153172 0 -1827.87 -65.9646 1265.71 1 3
0.153697 -0.0409491 0.987269 0 -0.0204203 0.998796 0.0446062 0 -0.987907 -0.0270161 0.152676 0 -1828.78 -66.0787 1264.7 1 3
0.153399 -0.0412726 0.987302 0 -0.020194 0.998788 0.0448904 0 -0.987958 -0.0268237 0.15238 0 -1829.47 -66.0876 1264 1 3
0.153158 -0.0415933 0.987326 0 -0.0199597 0.99878 0.045172 0 -0.988 -0.0266252 0.152141 0 -1830.05 -66.0549 1263.42 1 3
0.153041 -0.0417833 0.987336 0 -0.0198201 0.998775 0.0453396 0 -0.988021 -0.0265079 0.152025 0 -1830.41 -66.0335 1263.02 1 3
0.152979 -0.042029 0.987335 0 -0.0195834 0.99877 0.04555 0 -0.988035 -0.0263035 0.151968 0 -1830.73 -65.9178 1262.75 1 3
0.153 -0.0421963 0.987325 0 -0.0194009 0.998767 0.0456918 0 -0.988036 -0.0261459 0.151992 0 -1830.95 -65.803 1262.67 1 3
0.153027 -0.0422768 0.987317 0 -0.0192485 0.998767 0.0457505 0 -0.988035 -0.0260054 0.152024 0 -1831.1 -65.6457 1262.61 1 3
0.153036 -0.0424492 0.987309 0 -0.0190483 0.998765 0.0458943 0 -0.988037 -0.02583 0.152038 0 -1831.29 -65.5051 1262.53 1 3
