0.0844326 0 0.996429 0 0 1 0 0 -0.996429 0 0.0844326 0 -2585.38 0 303.175 1 0
0.0844326 0 0.996429 0 0 1 0 0 -0.996429 0 0.0844326 0 -2585.38 0 303.175 1 0
0.0844326 0 0.996429 0 0 1 0 0 -0.996429 0 0.0844326 0 -2585.38 0 303.175 1 0
0.0844326 0 0.996429 0 0 1 0 0 -0.996429 0 0.0844326 0 -2585.38 0 303.175 1 0
0.0844326 0 0.996429 0 0 1 0 0 -0.996429 0 0.0844326 0 -2585.38 0 303.175 1 0
0.0844326 0 0.996429 0 0 1 0 0 -0.996429 0 0.0844326 0 -2585.38 0 303.175 1 0
0.0844326 0 0.996429 0 0 1 0 0 -0.996429 0 0.0844326 0 -2585.38 0 303.175 1 0
0.0844326 0 0.996429 0 0 1 0 0 -0.996429 0 0.0844326 0 -2585.38 0 303.175 1 0
0.0844326 0 0.996429 0 0 1 0 0 -0.996429 0 0.0844326 0 -2585.38 0 303.175 1 0
0.0844326 0 0.996429 0 0 1 0 0 -0.996429 0 0.0844326 0 -2585.38 0 303.175 1 0
0.0844326 0 0.996429 0 0 1 0 0 -0.996429 0 0.0844326 0 -2585.38 0 303.175 1 0
0.0844326 0 0.996429 0 0 1 0 0 -0.996429 0 0.0844326 0 -2585.38 0 303.175 1 0
0.0844326 0 0.996429 0 0 1 0 0 -0.996429 0 0.0844326 0 -2585.38 0 303.175 1 0
0.0844326 0 0.996429 0 0 1 0 0 -0.996429 0 0.0844326 0 -2585.38 0 303.175 1 0
0.0844326 0 0.996429 0 0 1 0 0 -0.996429 0 0.0844326 0 -2585.38 0 303.175 1 0
0.0844326 0 0.996429 0 0 1 0 0 -0.996429 0 0.0844326 0 -2585.38 0 303.175 1 0
0.0844326 0 0.996429 0 0 1 0 0 -0.996429 0 0.0844326 0 -2585.38 0 303.175 1 0
0.0844326 0 0.996429 0 0 1 0 0 -0.996429 0 0.0844326 0 -2585.38 0 303.175 1 0
0.0844326 0 0.996429 0 0 1 0 0 -0.996429 0 0.0844326 0 -2585.38 0 303.175 1 0
0.0844326 0 0.996429 0 0 1 0 0 -0.996429 0 0.0844326 0 -2585.38 0 303.175 1 0
0.0844326 0 0.996429 0 0 1 0 0 -0.996429 0 0.0844326 0 -2585.38 0 303.175 1 0
0.0844326 0 0.996429 0 0 1 0 0 -0.996429 0 0.0844326 0 -2585.38 0 303.175 1 0
0.0844326 0 0.996429 0 0 1 0 0 -0.996429 0 0.0844326 0 -2585.38 0 303.175 1 0
0.0844326 0 0.996429 0 0 1 0 0 -0.996429 0 0.0844326 0 -2585.38 0 303.175 1 0
0.0844326 0 0.996429 0 0 1 0 0 -0.996429 0 0.0844326 0 -2585.38 0 303.175 1 0
0.0844326 0 0.996429 0 0 1 0 0 -0.996429 0 0.0844326 0 -2585.38 0 303.175 1 0
0.0844326 0 0.996429 0 0 1 0 0 -0.996429 0 0.0844326 0 -2585.38 0 303.175 1 0
0.0844326 0 0.996429 0 0 1 0 0 -0.996429 0 0.0844326 0 -2585.38 0 303.175 1 0
0.0844326 0 0.996429 0 0 1 0 0 -0.996429 0 0.0844326 0 -2585.38 0 303.175 1 0
0.0844326 0 0.996429 0 0 1 0 0 -0.996429 0 0.0844326 0 -2585.38 0 303.175 1 0
0.0844326 0 0.996429 0 0 1 0 0 -0.996429 0 0.0844326 0 -2585.38 0 303.175 1 0
0.0844326 0 0.996429 0 0 1 0 0 -0.996429 0 0.0844326 0 -2585.38 0 303.175 1 0
0.0844326 0 0.996429 0 0 1 0 0 -0.996429 0 0.0844326 0 -2585.38 0 303.175 1 0
0.0844326 0 0.996429 0 0 1 0 0 -0.996429 0 0.0844326 0 -2585.38 0 303.175 1 0
0.0844326 0 0.996429 0 0 1 0 0 -0.996429 0 0.0844326 0 -2585.38 0 303.175 1 0
0.0844326 0 0.996429 0 0 1 0 0 -0.996429 0 0.0844326 0 -2585.38 0 303.175 1 0
0.116195 -0.0764053 0.990283 0 -0.00511566 0.996978 0.077522 0 -0.993213 -0.0140736 0.115453 0 -2313 -30.0511 1188.11 1 1
0.104408 -0.0675057 0.992241 0 0.0131178 0.9977 0.0664968 0 -0.994448 0.00607318 0.105054 0 -2317.02 -35.5517 1253.55 1 1
0.104408 -0.0675057 0.992241 0 0.0131178 0.9977 0.0664968 0 -0.994448 0.00607318 0.105054 0 -2317.02 -35.5517 1253.55 1 2
0.104408 -0.0675057 0.992241 0 0.0131178 0.9977 0.0664968 0 -0.994448 0.00607318 0.105054 0 -2317.02 -35.5517 1253.55 1 2
0.104408 -0.0675057 0.992241 0 0.0131178 0.9977 0.0664968 0 -0.994448 0.00607318 0.105054 0 -2317.02 -35.5517 1253.55 1 2
0.104408 -0.0675057 0.992241 0 0.0131178 0.9977 0.0664968 0 -0.994448 0.00607318 0.105054 0 -2317.02 -35.5517 1253.55 1 2
0.104408 -0.0675057 0.992241 0 0.0131178 0.9977 0.0664968 0 -0.994448 0.00607318 0.105054 0 -2317.02 -35.5517 1253.55 1 2
0.104408 -0.0675057 0.992241 0 0.0131178 0.9977 0.0664968 0 -0.994448 0.00607318 0.105054 0 -2317.02 -35.5517 1253.55 1 2
0.104408 -0.0675057 0.992241 0 0.0131178 0.9977 0.0664968 0 -0.994448 0.00607318 0.105054 0 -2317.02 -35.5517 1253.55 1 2
0.104408 -0.0675057 0.992241 0 0.0131178 0.9977 0.0664968 0 -0.994448 0.00607318 0.105054 0 -2317.02 -35.5517 1253.55 1 2
0.104408 -0.0675057 0.992241 0 0.0131178 0.9977 0.0664968 0 -0.994448 0.00607318 0.105054 0 -2317.02 -35.5517 1253.55 1 2
0.104408 -0.0675057 0.992241 0 0.0131178 0.9977 0.0664968 0 -0.994448 0.00607318 0.105054 0 -2317.02 -35.5517 1253.55 1 2
0.104408 -0.0675057 0.992241 0 0.0131178 0.9977 0.0664968 0 -0.994448 0.00607318 0.105054 0 -2317.02 -35.5517 1253.55 1 2
0.104408 -0.0675057 0.992241 0 0.0131178 0.9977 0.0664968 0 -0.994448 0.00607318 0.105054 0 -2317.02 -35.5517 1253.55 1 2
0.104408 -0.0675057 0.992241 0 0.0131178 0.9977 0.0664968 0 -0.994448 0.00607318 0.105054 0 -2317.02 -35.5517 1253.55 1 2
0.104408 -0.0675057 0.992241 0 0.0131178 0.9977 0.0664968 0 -0.994448 0.00607318 0.105054 0 -2317.02 -35.5517 1253.55 1 2
0.104408 -0.0675057 0.992241 0 0.0131178 0.9977 0.0664968 0 -0.994448 0.00607318 0.105054 0 -2317.02 -35.5517 1253.55 1 2
0.104408 -0.0675057 0.992241 0 0.0131178 0.9977 0.0664968 0 -0.994448 0.00607318 0.105054 0 -2317.02 -35.5517 1253.55 1 2
0.104408 -0.0675057 0.992241 0 0.0131178 0.9977 0.0664968 0 -0.994448 0.00607318 0.105054 0 -2317.02 -35.5517 1253.55 1 2
0.104408 -0.0675057 0.992241 0 0.0131178 0.9977 0.0664968 0 -0.994448 0.00607318 0.105054 0 -2317.02 -35.5517 1253.55 1 2
0.104408 -0.0675057 0.992241 0 0.0131178 0.9977 0.0664968 0 -0.994448 0.00607318 0.105054 0 -2317.02 -35.5517 1253.55 1 2
0.104408 -0.0675057 0.992241 0 0.0131178 0.9977 0.0664968 0 -0.994448 0.00607318 0.105054 0 -2317.02 -35.5517 1253.55 1 2
0.104408 -0.0675057 0.992241 0 0.0131178 0.9977 0.0664968 0 -0.994448 0.00607318 0.105054 0 -2317.02 -35.5517 1253.55 1 2
0.104408 -0.0675057 0.992241 0 0.0131178 0.9977 0.0664968 0 -0.994448 0.00607318 0.105054 0 -2317.02 -35.5517 1253.55 1 2
0.104408 -0.0675057 0.992241 0 0.0131178 0.9977 0.0664968 0 -0.994448 0.00607318 0.105054 0 -2317.02 -35.5517 1253.55 1 2
0.104408 -0.0675057 0.992241 0 0.0131178 0.9977 0.0664968 0 -0.994448 0.00607318 0.105054 0 -2317.02 -35.5517 1253.55 1 2
0.104408 -0.0675057 0.992241 0 0.0131178 0.9977 0.0664968 0 -0.994448 0.00607318 0.105054 0 -2317.02 -35.5517 1253.55 1 2
0.104408 -0.0675057 0.992241 0 0.0131178 0.9977 0.0664968 0 -0.994448 0.00607318 0.105054 0 -2317.02 -35.5517 1253.55 1 2
0.104408 -0.0675057 0.992241 0 0.0131178 0.9977 0.0664968 0 -0.994448 0.00607318 0.105054 0 -2317.02 -35.5517 1253.55 1 2
0.104408 -0.0675057 0.992241 0 0.0131178 0.9977 0.0664968 0 -0.994448 0.00607318 0.105054 0 -2317.02 -35.5517 1253.55 1 2
0.104408 -0.0675057 0.992241 0 0.0131178 0.9977 0.0664968 0 -0.994448 0.00607318 0.105054 0 -2317.02 -35.5517 1253.55 1 2
0.104408 -0.0675057 0.992241 0 0.0131178 0.9977 0.0664968 0 -0.994448 0.00607318 0.105054 0 -2317.02 -35.5517 1253.55 1 2
0.104408 -0.0675057 0.992241 0 0.0131178 0.9977 0.0664968 0 -0.994448 0.00607318 0.105054 0 -2317.02 -35.5517 1253.55 1 2
0.104408 -0.0675057 0.992241 0 0.0131178 0.9977 0.0664968 0 -0.994448 0.00607318 0.105054 0 -2317.02 -35.5517 1253.55 1 2
0.104408 -0.0675057 0.992241 0 0.0131178 0.9977 0.0664968 0 -0.994448 0.00607318 0.105054 0 -2317.02 -35.5517 1253.55 1 2
0.104408 -0.0675057 0.992241 0 0.0131178 0.9977 0.0664968 0 -0.994448 0.00607318 0.105054 0 -2317.02 -35.5517 1253.55 1 2
0.104408 -0.0675057 0.992241 0 0.0131178 0.9977 0.0664968 0 -0.994448 0.00607318 0.105054 0 -2317.02 -35.5517 1253.55 1 2
0.104408 -0.0675057 0.992241 0 0.0131178 0.9977 0.0664968 0 -0.994448 0.00607318 0.105054 0 -2317.02 -35.5517 1253.55 1 2
0.104408 -0.0675057 0.992241 0 0.0131178 0.9977 0.0664968 0 -0.994448 0.00607318 0.105054 0 -2317.02 -35.5517 1253.55 1 2
0.104408 -0.0675057 0.992241 0 0.0131178 0.9977 0.0664968 0 -0.994448 0.00607318 0.105054 0 -2317.02 -35.5517 1253.55 1 2
0.104408 -0.0675057 0.992241 0 0.0131178 0.9977 0.0664968 0 -0.994448 0.00607318 0.105054 0 -2317.02 -35.5517 1253.55 1 2
0.104408 -0.0675057 0.992241 0 0.0131178 0.9977 0.0664968 0 -0.994448 0.00607318 0.105054 0 -2317.02 -35.5517 1253.55 1 2
0.104408 -0.0675057 0.992241 0 0.0131178 0.9977 0.0664968 0 -0.994448 0.00607318 0.105054 0 -2317.02 -35.5517 1253.55 1 2
0.104408 -0.0675057 0.992241 0 0.0131178 0.9977 0.0664968 0 -0.994448 0.00607318 0.105054 0 -2317.02 -35.5517 1253.55 1 2
0.104408 -0.0675057 0.992241 0 0.0131178 0.9977 0.0664968 0 -0.994448 0.00607318 0.105054 0 -2317.02 -35.5517 1253.55 1 2
0.104408 -0.0675057 0.992241 0 0.0131178 0.9977 0.0664968 0 -0.994448 0.00607318 0.105054 0 -2317.02 -35.5517 1253.55 1 2
0.104408 -0.0675057 0.992241 0 0.0131178 0.9977 0.0664968 0 -0.994448 0.00607318 0.105054 0 -2317.02 -35.5517 1253.55 1 2
0.104408 -0.0675057 0.992241 0 0.0131178 0.9977 0.0664968 0 -0.994448 0.00607318 0.105054 0 -2317.02 -35.5517 1253.55 1 2
0.104408 -0.0675057 0.992241 0 0.0131178 0.9977 0.0664968 0 -0.994448 0.00607318 0.105054 0 -2317.02 -35.5517 1253.55 1 2
0.104408 -0.0675057 0.992241 0 0.0131178 0.9977 0.0664968 0 -0.994448 0.00607318 0.105054 0 -2317.02 -35.5517 1253.55 1 2
0.104408 -0.0675057 0.992241 0 0.0131178 0.9977 0.0664968 0 -0.994448 0.00607318 0.105054 0 -2317.02 -35.5517 1253.55 1 2
0.104408 -0.0675057 0.992241 0 0.0131178 0.9977 0.0664968 0 -0.994448 0.00607318 0.105054 0 -2317.02 -35.5517 1253.55 1 2
0.104408 -0.0675057 0.992241 0 0.0131178 0.9977 0.0664968 0 -0.994448 0.00607318 0.105054 0 -2317.02 -35.5517 1253.55 1 2
0.104408 -0.0675057 0.992241 0 0.0131178 0.9977 0.0664968 0 -0.994448 0.00607318 0.105054 0 -2317.02 -35.5517 1253.55 1 2
0.104408 -0.0675057 0.992241 0 0.0131178 0.9977 0.0664968 0 -0.994448 0.00607318 0.105054 0 -2317.02 -35.5517 1253.55 1 2
0.104408 -0.0675057 0.992241 0 0.0131178 0.9977 0.0664968 0 -0.994448 0.00607318 0.105054 0 -2317.02 -35.5517 1253.55 1 2
0.104408 -0.0675057 0.992241 0 0.0131178 0.9977 0.0664968 0 -0.994448 0.00607318 0.105054 0 -2317.02 -35.5517 1253.55 1 2
0.104408 -0.0675057 0.992241 0 0.0131178 0.9977 0.0664968 0 -0.994448 0.00607318 0.105054 0 -2317.02 -35.5517 1253.55 1 2
0.104408 -0.0675057 0.992241 0 0.0131178 0.9977 0.0664968 0 -0.994448 0.00607318 0.105054 0 -2317.02 -35.5517 1253.55 1 2
0.104408 -0.0675057 0.992241 0 0.0131178 0.9977 0.0664968 0 -0.994448 0.00607318 0.105054 0 -2317.02 -35.5517 1253.55 1 2
0.104408 -0.0675057 0.992241 0 0.0131178 0.9977 0.0664968 0 -0.994448 0.00607318 0.105054 0 -2317.02 -35.5517 1253.55 1 2
0.104408 -0.0675057 0.992241 0 0.0131178 0.9977 0.0664968 0 -0.994448 0.00607318 0.105054 0 -2317.02 -35.5517 1253.55 1 2
0.104408 -0.0675057 0.992241 0 0.0131178 0.9977 0.0664968 0 -0.994448 0.00607318 0.105054 0 -2317.02 -35.5517 1253.55 1 2
0.104408 -0.0675057 0.992241 0 0.0131178 0.9977 0.0664968 0 -0.994448 0.00607318 0.105054 0 -2317.02 -35.5517 1253.55 1 2
0.104408 -0.0675057 0.992241 0 0.0131178 0.9977 0.0664968 0 -0.994448 0.00607318 0.105054 0 -2317.02 -35.5517 1253.55 1 2
0.104408 -0.0675057 0.992241 0 0.0131178 0.9977 0.0664968 0 -0.994448 0.00607318 0.105054 0 -2317.02 -35.5517 1253.55 1 2
0.104408 -0.0675057 0.992241 0 0.0131178 0.9977 0.0664968 0 -0.994448 0.00607318 0.105054 0 -2317.02 -35.5517 1253.55 1 2
0.104408 -0.0675057 0.992241 0 0.0131178 0.9977 0.0664968 0 -0.994448 0.00607318 0.105054 0 -2317.02 -35.5517 1253.55 1 2
0.104408 -0.0675057 0.992241 0 0.0131178 0.9977 0.0664968 0 -0.994448 0.00607318 0.105054 0 -2317.02 -35.5517 1253.55 1 2
0.104408 -0.0675057 0.992241 0 0.0131178 0.9977 0.0664968 0 -0.994448 0.00607318 0.105054 0 -2317.02 -35.5517 1253.55 1 2
0.104408 -0.0675057 0.992241 0 0.0131178 0.9977 0.0664968 0 -0.994448 0.00607318 0.105054 0 -2317.02 -35.5517 1253.55 1 2
0.104408 -0.0675057 0.992241 0 0.0131178 0.9977 0.0664968 0 -0.994448 0.00607318 0.105054 0 -2317.02 -35.5517 1253.55 1 2
0.104408 -0.0675057 0.992241 0 0.0131178 0.9977 0.0664968 0 -0.994448 0.00607318 0.105054 0 -2317.02 -35.5517 1253.55 1 2
0.104408 -0.0675057 0.992241 0 0.0131178 0.9977 0.0664968 0 -0.994448 0.00607318 0.105054 0 -2317.02 -35.5517 1253.55 1 2
0.104408 -0.0675057 0.992241 0 0.0131178 0.9977 0.0664968 0 -0.994448 0.00607318 0.105054 0 -2317.02 -35.5517 1253.55 1 2
0.104408 -0.0675057 0.992241 0 0.0131178 0.9977 0.0664968 0 -0.994448 0.00607318 0.105054 0 -2317.02 -35.5517 1253.55 1 2
0.104408 -0.0675057 0.992241 0 0.0131178 0.9977 0.0664968 0 -0.994448 0.00607318 0.105054 0 -2317.02 -35.5517 1253.55 1 2
0.104408 -0.0675057 0.992241 0 0.0131178 0.9977 0.0664968 0 -0.994448 0.00607318 0.105054 0 -2317.02 -35.5517 1253.55 1 2
0.104408 -0.0675057 0.992241 0 0.0131178 0.9977 0.0664968 0 -0.994448 0.00607318 0.105054 0 -2317.02 -35.5517 1253.55 1 2
0.104408 -0.0675057 0.992241 0 0.0131178 0.9977 0.0664968 0 -0.994448 0.00607318 0.105054 0 -2317.02 -35.5517 1253.55 1 2
0.104408 -0.0675057 0.992241 0 0.0131178 0.9977 0.0664968 0 -0.994448 0.00607318 0.105054 0 -2317.02 -35.5517 1253.55 1 2
0.104408 -0.0675057 0.992241 0 0.0131178 0.9977 0.0664968 0 -0.994448 0.00607318 0.105054 0 -2317.02 -35.5517 1253.55 1 2
0.104408 -0.0675057 0.992241 0 0.0131178 0.9977 0.0664968 0 -0.994448 0.00607318 0.105054 0 -2317.02 -35.5517 1253.55 1 2
0.104408 -0.0675057 0.992241 0 0.0131178 0.9977 0.0664968 0 -0.994448 0.00607318 0.105054 0 -2317.02 -35.5517 1253.55 1 2
0.104408 -0.0675057 0.992241 0 0.0131178 0.9977 0.0664968 0 -0.994448 0.00607318 0.105054 0 -2317.02 -35.5517 1253.55 1 2
0.104408 -0.0675057 0.992241 0 0.0131178 0.9977 0.0664968 0 -0.994448 0.00607318 0.105054 0 -2317.02 -35.5517 1253.55 1 2
0.104408 -0.0675057 0.992241 0 0.0131178 0.9977 0.0664968 0 -0.994448 0.00607318 0.105054 0 -2317.02 -35.5517 1253.55 1 2
0.104408 -0.0675057 0.992241 0 0.0131178 0.9977 0.0664968 0 -0.994448 0.00607318 0.105054 0 -2317.02 -35.5517 1253.55 1 2
0.104408 -0.0675057 0.992241 0 0.0131178 0.9977 0.0664968 0 -0.994448 0.00607318 0.105054 0 -2317.02 -35.5517 1253.55 1 2
0.104408 -0.0675057 0.992241 0 0.0131178 0.9977 0.0664968 0 -0.994448 0.00607318 0.105054 0 -2317.02 -35.5517 1253.55 1 2
0.104408 -0.0675057 0.992241 0 0.0131178 0.9977 0.0664968 0 -0.994448 0.00607318 0.105054 0 -2317.02 -35.5517 1253.55 1 2
0.104408 -0.0675057 0.992241 0 0.0131178 0.9977 0.0664968 0 -0.994448 0.00607318 0.105054 0 -2317.02 -35.5517 1253.55 1 2
0.106339 -0.0712734 0.991772 0 0.0130925 0.997442 0.070277 0 -0.994244 0.00551165 0.107 0 -2318.03 -43.4022 1255.49 1 3
0.10696 -0.0737774 0.991522 0 0.0117939 0.997267 0.0729326 0 -0.994193 0.00389307 0.107538 0 -2318.74 -49.1407 1255.56 1 3
0.107313 -0.0752675 0.991372 0 0.00972522 0.997162 0.0746543 0 -0.994178 0.00162992 0.107741 0 -2318.94 -55.0015 1255 1 3
0.107739 -0.0764749 0.991233 0 0.00600645 0.997069 0.0762723 0 -0.994161 -0.00226374 0.107883 0 -2319.6 -63.6263 1255.74 1 3
0.108096 -0.0771324 0.991144 0 0.0019563 0.997 0.0773748 0 -0.994139 -0.00642494 0.107923 0 -2319.91 -71.9096 1256.01 1 3
0.108612 -0.0769575 0.991101 0 -0.0023569 0.996976 0.077672 0 -0.994081 -0.010772 0.108102 0 -2319.49 -79.9445 1256.64 1 3
0.109257 -0.0760195 0.991102 0 -0.0073192 0.996983 0.0772774 0 -0.993987 -0.0156971 0.108371 0 -2318.39 -88.3898 1257.62 1 3
0.109948 -0.0746327 0.991131 0 -0.0123972 0.996996 0.0764495 0 -0.99386 -0.0206927 0.108693 0 -2316.96 -96.8817 1258.52 1 3
0.110531 -0.0730327 0.991186 0 -0.0174399 0.997 0.0754059 0 -0.99372 -0.0256208 0.108926 0 -2315.4 -105.503 1259.76 1 3
0.111213 -0.0714331 0.991226 0 -0.0226184 0.996973 0.074385 0 -0.993539 -0.0306925 0.109261 0 -2313.75 -114.312 1260.63 1 3
0.112012 -0.0693416 0.991285 0 -0.0277074 0.996957 0.0728692 0 -0.99332 -0.0356282 0.10975 0 -2312.02 -122.739 1261.87 1 3
0.112985 -0.06722 0.99132 0 -0.0330073 0.996904 0.0713607 0 -0.993048 -0.0407835 0.110417 0 -2309.85 -131.921 1263.53 1 3
0.114247 -0.0646586 0.991346 0 -0.0387303 0.996831 0.0694798 0 -0.992697 -0.0463329 0.11138 0 -2307.24 -141.716 1265.96 1 3
0.115717 -0.0618858 0.991352 0 -0.0448007 0.996716 0.0674501 0 -0.992271 -0.0522184 0.112564 0 -2304.28 -151.978 1268.86 1 3
0.117312 -0.0591712 0.991331 0 -0.049772 0.996619 0.0653767 0 -0.991847 -0.05701 0.113971 0 -2301.43 -160.429 1271.98 1 3
0.119026 -0.0567578 0.991268 0 -0.053754 0.996532 0.0635137 0 -0.991435 -0.0608444 0.115562 0 -2298.94 -166.972 1275.23 1 3
0.120876 -0.0550069 0.991142 0 -0.0564232 0.996469 0.0621837 0 -0.991063 -0.06344 0.117345 0 -2296.56 -171.429 1278.29 1 3
0.122739 -0.0531132 0.991017 0 -0.0577103 0.996495 0.0605543 0 -0.99076 -0.0646242 0.119244 0 -2294.81 -173.17 1281.49 1 3
0.124823 -0.0507632 0.99088 0 -0.0576785 0.99663 0.0583237 0 -0.990501 -0.0644326 0.121475 0 -2293.49 -172.58 1285.36 1 3
0.12705 -0.0483004 0.99072 0 -0.0555624 0.996899 0.055727 0 -0.990339 -0.0621269 0.123972 0 -2292.75 -168.454 1290.08 1 3
0.129306 -0.0451266 0.990577 0 -0.0508201 0.99735 0.052069 0 -0.990302 -0.0570741 0.12667 0 -2293.14 -159.434 1295.66 1 3
0.131754 -0.0424199 0.990374 0 -0.0446752 0.997815 0.048682 0 -0.990275 -0.0506592 0.129571 0 -2294.07 -148.865 1301.84 1 3
0.134233 -0.0403178 0.990129 0 -0.03803 0.998226 0.0458033 0 -0.99022 -0.0438029 0.132461 0 -2295.04 -137.652 1307.6 1 3
0.136905 -0.0387164 0.989827 0 -0.031596 0.998557 0.043428 0 -0.99008 -0.0372201 0.135484 0 -2295.9 -126.72 1313.3 1 3
0.139381 -0.0375805 0.989525 0 -0.0258726 0.9988 0.0415771 0 -0.989901 -0.0313967 0.138242 0 -2296.55 -117.105 1318.33 1 3
0.141549 -0.0367739 0.989248 0 -0.021009 0.998973 0.0401416 0 -0.989708 -0.0264651 0.140631 0 -2297.51 -109.244 1322.16 1 3
0.143303 -0.0364124 0.989009 0 -0.0170413 0.999084 0.0392525 0 -0.989532 -0.022479 0.142551 0 -2298.52 -102.452 1325.3 1 3
0.144831 -0.0362451 0.988792 0 -0.0137035 0.99916 0.0386323 0 -0.989361 -0.0191451 0.144213 0 -2299.64 -97.1188 1327.7 1 3
0.146281 -0.036554 0.988568 0 -0.0108887 0.999197 0.0385583 0 -0.989183 -0.0164046 0.145765 0 -2300.43 -93.0821 1329.93 1 3
0.14736 -0.0370142 0.98839 0 -0.00877409 0.999211 0.0387276 0 -0.989044 -0.0143791 0.146919 0 -2301.4 -90.1365 1331.38 1 3
0.148232 -0.0374014 0.988245 0 -0.00701096 0.99922 0.0388683 0 -0.988928 -0.0126901 0.147854 0 -2302.25 -87.6885 1332.34 1 3
0.148974 -0.0376893 0.988123 0 -0.00556516 0.999226 0.0389518 0 -0.988825 -0.0113019 0.148649 0 -2303.02 -85.8102 1333.08 1 3
0.149675 -0.0380249 0.988004 0 -0.00437926 0.999225 0.0391202 0 -0.988725 -0.0101821 0.149393 0 -2303.66 -84.4596 1333.76 1 3
0.150333 -0.0383508 0.987891 0 -0.00352639 0.99922 0.0393273 0 -0.988629 -0.00939587 0.15008 0 -2304.12 -83.653 1334.31 1 3
0.150902 -0.0386366 0.987793 0 -0.00272228 0.999216 0.0394992 0 -0.988545 -0.00864958 0.150679 0 -2304.49 -82.7759 1334.8 1 3
0.151423 -0.0385271 0.987718 0 -0.0022644 0.999224 0.0393231 0 -0.988466 -0.00819102 0.151219 0 -2304.84 -81.8485 1335.88 1 3
0.151908 -0.0385148 0.987644 0 -0.00189054 0.999227 0.0392573 0 -0.988393 -0.00783067 0.151718 0 -2305.19 -81.271 1336.73 1 3
0.152366 -0.0385708 0.987571 0 -0.00156921 0.999227 0.0392681 0 -0.988323 -0.00753282 0.152187 0 -2305.44 -80.762 1337.45 1 3
0.152798 -0.038534 0.987506 0 -0.00136044 0.99923 0.039202 0 -0.988257 -0.00733343 0.152628 0 -2305.69 -80.3708 1338.17 1 3
0.153122 -0.0385902 0.987454 0 -0.00108336 0.99923 0.0392185 0 -0.988207 -0.00707495 0.152962 0 -2305.99 -79.9377 1338.67 1 3
0.153309 -0.03875 0.987418 0 -0.000896778 0.999225 0.0393525 0 -0.988178 -0.0069186 0.153156 0 -2306.3 -79.7163 1338.8 1 3
0.153814 -0.0391763 0.987323 0 -0.000986284 0.999207 0.0398015 0 -0.988099 -0.00709579 0.153653 0 -2306.51 -80.385 1339.2 1 3
0.153358 -0.039671 0.987374 0 -0.000851362 0.999188 0.0402779 0 -0.98817 -0.00701756 0.1532 0 -2307.58 -80.4541 1337.91 1 3
0.153071 -0.0400671 0.987403 0 -0.000594496 0.999174 0.0406369 0 -0.988215 -0.00680733 0.152921 0 -2308.43 -80.3519 1337.04 1 3
0.152889 -0.0404533 0.987415 0 -0.000257929 0.99916 0.0409744 0 -0.988243 -0.00651923 0.15275 0 -2309.17 -80.1664 1336.33 1 3
0.152814 -0.0406949 0.987417 0 -1.58744e-05 0.999152 0.041181 0 -0.988255 -0.00630871 0.152684 0 -2309.68 -80.0535 1335.87 1 3
0.152791 -0.041002 0.987408 0 0.000302641 0.999141 0.0414424 0 -0.988259 -0.00603318 0.152672 0 -2310.14 -79.794 1335.58 1 3
0.152855 -0.0412321 0.987388 0 0.000529573 0.999133 0.0416406 0 -0.988248 -0.00584208 0.152744 0 -2310.49 -79.5656 1335.52 1 3
0.152909 -0.0413809 0.987374 0 0.000717082 0.999127 0.0417625 0 -0.98824 -0.00567782 0.152805 0 -2310.76 -79.3065 1335.49 1 3
0.152935 -0.0415831 0.987361 0 0.00097752 0.99912 0.0419269 0 -0.988236 -0.00544692 0.152841 0 -2311.06 -79.0473 1335.44 1 3
