-0.875152 0 0.483848 0 0 1 0 0 -0.483848 0 -0.875152 0 -5118.56 0 -828.536 1 0
-0.875152 0 0.483848 0 0 1 0 0 -0.483848 0 -0.875152 0 -5118.56 0 -828.536 1 0
-0.875152 0 0.483848 0 0 1 0 0 -0.483848 0 -0.875152 0 -5118.56 0 -828.536 1 0
-0.875152 0 0.483848 0 0 1 0 0 -0.483848 0 -0.875152 0 -5118.56 0 -828.536 1 0
-0.875152 0 0.483848 0 0 1 0 0 -0.483848 0 -0.875152 0 -5118.56 0 -828.536 1 0
-0.875152 0 0.483848 0 0 1 0 0 -0.483848 0 -0.875152 0 -5118.56 0 -828.536 1 0
-0.875152 0 0.483848 0 0 1 0 0 -0.483848 0 -0.875152 0 -5118.56 0 -828.536 1 0
-0.875152 0 0.483848 0 0 1 0 0 -0.483848 0 -0.875152 0 -5118.56 0 -828.536 1 0
-0.875152 0 0.483848 0 0 1 0 0 -0.483848 0 -0.875152 0 -5118.56 0 -828.536 1 0
-0.875152 0 0.483848 0 0 1 0 0 -0.483848 0 -0.875152 0 -5118.56 0 -828.536 1 0
-0.875152 0 0.483848 0 0 1 0 0 -0.483848 0 -0.875152 0 -5118.56 0 -828.536 1 0
-0.875152 0 0.483848 0 0 1 0 0 -0.483848 0 -0.875152 0 -5118.56 0 -828.536 1 0
-0.875152 0 0.483848 0 0 1 0 0 -0.483848 0 -0.875152 0 -5118.56 0 -828.536 1 0
-0.875152 0 0.483848 0 0 1 0 0 -0.483848 0 -0.875152 0 -5118.56 0 -828.536 1 0
-0.875152 0 0.483848 0 0 1 0 0 -0.483848 0 -0.875152 0 -5118.56 0 -828.536 1 0
-0.875152 0 0.483848 0 0 1 0 0 -0.483848 0 -0.875152 0 -5118.56 0 -828.536 1 0
-0.875152 0 0.483848 0 0 1 0 0 -0.483848 0 -0.875152 0 -5118.56 0 -828.536 1 0
-0.875152 0 0.483848 0 0 1 0 0 -0.483848 0 -0.875152 0 -5118.56 0 -828.536 1 0
-0.875152 0 0.483848 0 0 1 0 0 -0.483848 0 -0.875152 0 -5118.56 0 -828.536 1 0
-0.875152 0 0.483848 0 0 1 0 0 -0.483848 0 -0.875152 0 -5118.56 0 -828.536 1 0
-0.875152 0 0.483848 0 0 1 0 0 -0.483848 0 -0.875152 0 -5118.56 0 -828.536 1 0
-0.875152 0 0.483848 0 0 1 0 0 -0.483848 0 -0.875152 0 -5118.56 0 -828.536 1 0
-0.875152 0 0.483848 0 0 1 0 0 -0.483848 0 -0.875152 0 -5118.56 0 -828.536 1 0
-0.875152 0 0.483848 0 0 1 0 0 -0.483848 0 -0.875152 0 -5118.56 0 -828.536 1 0
-0.875152 0 0.483848 0 0 1 0 0 -0.483848 0 -0.875152 0 -5118.56 0 -828.536 1 0
-0.875152 0 0.483848 0 0 1 0 0 -0.483848 0 -0.875152 0 -5118.56 0 -828.536 1 0
-0.875152 0 0.483848 0 0 1 0 0 -0.483848 0 -0.875152 0 -5118.56 0 -828.536 1 0
-0.875152 0 0.483848 0 0 1 0 0 -0.483848 0 -0.875152 0 -5118.56 0 -828.536 1 0
-0.875152 0 0.483848 0 0 1 0 0 -0.483848 0 -0.875152 0 -5118.56 0 -828.536 1 0
-0.875152 0 0.483848 0 0 1 0 0 -0.483848 0 -0.875152 0 -5118.56 0 -828.536 1 0
-0.875152 0 0.483848 0 0 1 0 0 -0.483848 0 -0.875152 0 -5118.56 0 -828.536 1 0
-0.875152 0 0.483848 0 0 1 0 0 -0.483848 0 -0.875152 0 -5118.56 0 -828.536 1 0
-0.875152 0 0.483848 0 0 1 0 0 -0.483848 0 -0.875152 0 -5118.56 0 -828.536 1 0
-0.875152 0 0.483848 0 0 1 0 0 -0.483848 0 -0.875152 0 -5118.56 0 -828.536 1 0
-0.875152 0 0.483848 0 0 1 0 0 -0.483848 0 -0.875152 0 -5118.56 0 -828.536 1 0
-0.875152 0 0.483848 0 0 1 0 0 -0.483848 0 -0.875152 0 -5118.56 0 -828.536 1 0
-0.875152 0 0.483848 0 0 1 0 0 -0.483848 0 -0.875152 0 -5118.56 0 -828.536 1 0
-0.875152 0 0.483848 0 0 1 0 0 -0.483848 0 -0.875152 0 -5118.56 0 -828.536 1 0
-0.875152 0 0.483848 0 0 1 0 0 -0.483848 0 -0.875152 0 -5118.56 0 -828.536 1 0
-0.875152 0 0.483848 0 0 1 0 0 -0.483848 0 -0.875152 0 -5118.56 0 -828.536 1 0
-0.875152 0 0.483848 0 0 1 0 0 -0.483848 0 -0.875152 0 -5118.56 0 -828.536 1 0
-0.875152 0 0.483848 0 0 1 0 0 -0.483848 0 -0.875152 0 -5118.56 0 -828.536 1 0
-0.875152 0 0.483848 0 0 1 0 0 -0.483848 0 -0.875152 0 -5118.56 0 -828.536 1 0
-0.875152 0 0.483848 0 0 1 0 0 -0.483848 0 -0.875152 0 -5118.56 0 -828.536 1 0
-0.875152 0 0.483848 0 0 1 0 0 -0.483848 0 -0.875152 0 -5118.56 0 -828.536 1 0
-0.875152 0 0.483848 0 0 1 0 0 -0.483848 0 -0.875152 0 -5118.56 0 -828.536 1 0
-0.875152 0 0.483848 0 0 1 0 0 -0.483848 0 -0.875152 0 -5118.56 0 -828.536 1 0
-0.875152 0 0.483848 0 0 1 0 0 -0.483848 0 -0.875152 0 -5118.56 0 -828.536 1 0
-0.875152 0 0.483848 0 0 1 0 0 -0.483848 0 -0.875152 0 -5118.56 0 -828.536 1 0
-0.875152 0 0.483848 0 0 1 0 0 -0.483848 0 -0.875152 0 -5118.56 0 -828.536 1 0
-0.875152 0 0.483848 0 0 1 0 0 -0.483848 0 -0.875152 0 -5118.56 0 -828.536 1 0
-0.875152 0 0.483848 0 0 1 0 0 -0.483848 0 -0.875152 0 -5118.56 0 -828.536 1 0
-0.875152 0 0.483848 0 0 1 0 0 -0.483848 0 -0.875152 0 -5118.56 0 -828.536 1 0
-0.875152 0 0.483848 0 0 1 0 0 -0.483848 0 -0.875152 0 -5118.56 0 -828.536 1 0
-0.875152 0 0.483848 0 0 1 0 0 -0.483848 0 -0.875152 0 -5118.56 0 -828.536 1 0
-0.875152 0 0.483848 0 0 1 0 0 -0.483848 0 -0.875152 0 -5118.56 0 -828.536 1 0
-0.875152 0 0.483848 0 0 1 0 0 -0.483848 0 -0.875152 0 -5118.56 0 -828.536 1 0
-0.875152 0 0.483848 0 0 1 0 0 -0.483848 0 -0.875152 0 -5118.56 0 -828.536 1 0
-0.875152 0 0.483848 0 0 1 0 0 -0.483848 0 -0.875152 0 -5118.56 0 -828.536 1 0
-0.875152 0 0.483848 0 0 1 0 0 -0.483848 0 -0.875152 0 -5118.56 0 -828.536 1 0
-0.844581 -0.0253556 0.534828 0 0.0233585 0.996182 0.084115 0 -0.534918 0.0835347 -0.840764 0 -5069.57 44.8082 1175.42 1 1
-0.84305 -0.0326115 0.536845 0 0.014328 0.996444 0.083031 0 -0.537644 0.0776912 -0.839585 0 -5150.56 41.6572 1204.42 1 1
-0.84305 -0.0326115 0.536845 0 0.014328 0.996444 0.083031 0 -0.537644 0.0776912 -0.839585 0 -5150.56 41.6572 1204.42 1 2
-0.84305 -0.0326115 0.536845 0 0.014328 0.996444 0.083031 0 -0.537644 0.0776912 -0.839585 0 -5150.56 41.6572 1204.42 1 2
-0.84305 -0.0326115 0.536845 0 0.014328 0.996444 0.083031 0 -0.537644 0.0776912 -0.839585 0 -5150.56 41.6572 1204.42 1 2
-0.84305 -0.0326115 0.536845 0 0.014328 0.996444 0.083031 0 -0.537644 0.0776912 -0.839585 0 -5150.56 41.6572 1204.42 1 2
-0.84305 -0.0326115 0.536845 0 0.014328 0.996444 0.083031 0 -0.537644 0.0776912 -0.839585 0 -5150.56 41.6572 1204.42 1 2
-0.84305 -0.0326115 0.536845 0 0.014328 0.996444 0.083031 0 -0.537644 0.0776912 -0.839585 0 -5150.56 41.6572 1204.42 1 2
-0.84305 -0.0326115 0.536845 0 0.014328 0.996444 0.083031 0 -0.537644 0.0776912 -0.839585 0 -5150.56 41.6572 1204.42 1 2
-0.84305 -0.0326115 0.536845 0 0.014328 0.996444 0.083031 0 -0.537644 0.0776912 -0.839585 0 -5150.56 41.6572 1204.42 1 2
-0.84305 -0.0326115 0.536845 0 0.014328 0.996444 0.083031 0 -0.537644 0.0776912 -0.839585 0 -5150.56 41.6572 1204.42 1 2
-0.84305 -0.0326115 0.536845 0 0.014328 0.996444 0.083031 0 -0.537644 0.0776912 -0.839585 0 -5150.56 41.6572 1204.42 1 2
-0.84305 -0.0326115 0.536845 0 0.014328 0.996444 0.083031 0 -0.537644 0.0776912 -0.839585 0 -5150.56 41.6572 1204.42 1 2
-0.84305 -0.0326115 0.536845 0 0.014328 0.996444 0.083031 0 -0.537644 0.0776912 -0.839585 0 -5150.56 41.6572 1204.42 1 2
-0.84305 -0.0326115 0.536845 0 0.014328 0.996444 0.083031 0 -0.537644 0.0776912 -0.839585 0 -5150.56 41.6572 1204.42 1 2
-0.84305 -0.0326115 0.536845 0 0.014328 0.996444 0.083031 0 -0.537644 0.0776912 -0.839585 0 -5150.56 41.6572 1204.42 1 2
-0.84305 -0.0326115 0.536845 0 0.014328 0.996444 0.083031 0 -0.537644 0.0776912 -0.839585 0 -5150.56 41.6572 1204.42 1 2
-0.84305 -0.0326115 0.536845 0 0.014328 0.996444 0.083031 0 -0.537644 0.0776912 -0.839585 0 -5150.56 41.6572 1204.42 1 2
-0.84305 -0.0326115 0.536845 0 0.014328 0.996444 0.083031 0 -0.537644 0.0776912 -0.839585 0 -5150.56 41.6572 1204.42 1 2
-0.84305 -0.0326115 0.536845 0 0.014328 0.996444 0.083031 0 -0.537644 0.0776912 -0.839585 0 -5150.56 41.6572 1204.42 1 2
-0.84305 -0.0326115 0.536845 0 0.014328 0.996444 0.083031 0 -0.537644 0.0776912 -0.839585 0 -5150.56 41.6572 1204.42 1 2
-0.84305 -0.0326115 0.536845 0 0.014328 0.996444 0.083031 0 -0.537644 0.0776912 -0.839585 0 -5150.56 41.6572 1204.42 1 2
-0.84305 -0.0326115 0.536845 0 0.014328 0.996444 0.083031 0 -0.537644 0.0776912 -0.839585 0 -5150.56 41.6572 1204.42 1 2
-0.84305 -0.0326115 0.536845 0 0.014328 0.996444 0.083031 0 -0.537644 0.0776912 -0.839585 0 -5150.56 41.6572 1204.42 1 2
-0.84305 -0.0326115 0.536845 0 0.014328 0.996444 0.083031 0 -0.537644 0.0776912 -0.839585 0 -5150.56 41.6572 1204.42 1 2
-0.84305 -0.0326115 0.536845 0 0.014328 0.996444 0.083031 0 -0.537644 0.0776912 -0.839585 0 -5150.56 41.6572 1204.42 1 2
-0.84305 -0.0326115 0.536845 0 0.014328 0.996444 0.083031 0 -0.537644 0.0776912 -0.839585 0 -5150.56 41.6572 1204.42 1 2
-0.84305 -0.0326115 0.536845 0 0.014328 0.996444 0.083031 0 -0.537644 0.0776912 -0.839585 0 -5150.56 41.6572 1204.42 1 2
-0.84305 -0.0326115 0.536845 0 0.014328 0.996444 0.083031 0 -0.537644 0.0776912 -0.839585 0 -5150.56 41.6572 1204.42 1 2
-0.84305 -0.0326115 0.536845 0 0.014328 0.996444 0.083031 0 -0.537644 0.0776912 -0.839585 0 -5150.56 41.6572 1204.42 1 2
-0.84305 -0.0326115 0.536845 0 0.014328 0.996444 0.083031 0 -0.537644 0.0776912 -0.839585 0 -5150.56 41.6572 1204.42 1 2
-0.84305 -0.0326115 0.536845 0 0.014328 0.996444 0.083031 0 -0.537644 0.0776912 -0.839585 0 -5150.56 41.6572 1204.42 1 2
-0.84305 -0.0326115 0.536845 0 0.014328 0.996444 0.083031 0 -0.537644 0.0776912 -0.839585 0 -5150.56 41.6572 1204.42 1 2
-0.84305 -0.0326115 0.536845 0 0.014328 0.996444 0.083031 0 -0.537644 0.0776912 -0.839585 0 -5150.56 41.6572 1204.42 1 2
-0.84305 -0.0326115 0.536845 0 0.014328 0.996444 0.083031 0 -0.537644 0.0776912 -0.839585 0 -5150.56 41.6572 1204.42 1 2
-0.84305 -0.0326115 0.536845 0 0.014328 0.996444 0.083031 0 -0.537644 0.0776912 -0.839585 0 -5150.56 41.6572 1204.42 1 2
-0.84305 -0.0326115 0.536845 0 0.014328 0.996444 0.083031 0 -0.537644 0.0776912 -0.839585 0 -5150.56 41.6572 1204.42 1 2
-0.84305 -0.0326115 0.536845 0 0.014328 0.996444 0.083031 0 -0.537644 0.0776912 -0.839585 0 -5150.56 41.6572 1204.42 1 2
-0.84305 -0.0326115 0.536845 0 0.014328 0.996444 0.083031 0 -0.537644 0.0776912 -0.839585 0 -5150.56 41.6572 1204.42 1 2
-0.84305 -0.0326115 0.536845 0 0.014328 0.996444 0.083031 0 -0.537644 0.0776912 -0.839585 0 -5150.56 41.6572 1204.42 1 2
-0.84305 -0.0326115 0.536845 0 0.014328 0.996444 0.083031 0 -0.537644 0.0776912 -0.839585 0 -5150.56 41.6572 1204.42 1 2
-0.84305 -0.0326115 0.536845 0 0.014328 0.996444 0.083031 0 -0.537644 0.0776912 -0.839585 0 -5150.56 41.6572 1204.42 1 2
-0.84305 -0.0326115 0.536845 0 0.014328 0.996444 0.083031 0 -0.537644 0.0776912 -0.839585 0 -5150.56 41.6572 1204.42 1 2
-0.84305 -0.0326115 0.536845 0 0.014328 0.996444 0.083031 0 -0.537644 0.0776912 -0.839585 0 -5150.56 41.6572 1204.42 1 2
-0.84305 -0.0326115 0.536845 0 0.014328 0.996444 0.083031 0 -0.537644 0.0776912 -0.839585 0 -5150.56 41.6572 1204.42 1 2
-0.84305 -0.0326115 0.536845 0 0.014328 0.996444 0.083031 0 -0.537644 0.0776912 -0.839585 0 -5150.56 41.6572 1204.42 1 2
-0.84305 -0.0326115 0.536845 0 0.014328 0.996444 0.083031 0 -0.537644 0.0776912 -0.839585 0 -5150.56 41.6572 1204.42 1 2
-0.84305 -0.0326115 0.536845 0 0.014328 0.996444 0.083031 0 -0.537644 0.0776912 -0.839585 0 -5150.56 41.6572 1204.42 1 2
-0.84305 -0.0326115 0.536845 0 0.014328 0.996444 0.083031 0 -0.537644 0.0776912 -0.839585 0 -5150.56 41.6572 1204.42 1 2
-0.84305 -0.0326115 0.536845 0 0.014328 0.996444 0.083031 0 -0.537644 0.0776912 -0.839585 0 -5150.56 41.6572 1204.42 1 2
-0.84305 -0.0326115 0.536845 0 0.014328 0.996444 0.083031 0 -0.537644 0.0776912 -0.839585 0 -5150.56 41.6572 1204.42 1 2
-0.84305 -0.0326115 0.536845 0 0.014328 0.996444 0.083031 0 -0.537644 0.0776912 -0.839585 0 -5150.56 41.6572 1204.42 1 2
-0.84305 -0.0326115 0.536845 0 0.014328 0.996444 0.083031 0 -0.537644 0.0776912 -0.839585 0 -5150.56 41.6572 1204.42 1 2
-0.84305 -0.0326115 0.536845 0 0.014328 0.996444 0.083031 0 -0.537644 0.0776912 -0.839585 0 -5150.56 41.6572 1204.42 1 2
-0.84305 -0.0326115 0.536845 0 0.014328 0.996444 0.083031 0 -0.537644 0.0776912 -0.839585 0 -5150.56 41.6572 1204.42 1 2
-0.84305 -0.0326115 0.536845 0 0.014328 0.996444 0.083031 0 -0.537644 0.0776912 -0.839585 0 -5150.56 41.6572 1204.42 1 2
-0.84305 -0.0326115 0.536845 0 0.014328 0.996444 0.083031 0 -0.537644 0.0776912 -0.839585 0 -5150.56 41.6572 1204.42 1 2
-0.84305 -0.0326115 0.536845 0 0.014328 0.996444 0.083031 0 -0.537644 0.0776912 -0.839585 0 -5150.56 41.6572 1204.42 1 2
-0.84305 -0.0326115 0.536845 0 0.014328 0.996444 0.083031 0 -0.537644 0.0776912 -0.839585 0 -5150.56 41.6572 1204.42 1 2
-0.84305 -0.0326115 0.536845 0 0.014328 0.996444 0.083031 0 -0.537644 0.0776912 -0.839585 0 -5150.56 41.6572 1204.42 1 2
-0.84305 -0.0326115 0.536845 0 0.014328 0.996444 0.083031 0 -0.537644 0.0776912 -0.839585 0 -5150.56 41.6572 1204.42 1 2
-0.84305 -0.0326115 0.536845 0 0.014328 0.996444 0.083031 0 -0.537644 0.0776912 -0.839585 0 -5150.56 41.6572 1204.42 1 2
-0.84305 -0.0326115 0.536845 0 0.014328 0.996444 0.083031 0 -0.537644 0.0776912 -0.839585 0 -5150.56 41.6572 1204.42 1 2
-0.84305 -0.0326115 0.536845 0 0.014328 0.996444 0.083031 0 -0.537644 0.0776912 -0.839585 0 -5150.56 41.6572 1204.42 1 2
-0.84305 -0.0326115 0.536845 0 0.014328 0.996444 0.083031 0 -0.537644 0.0776912 -0.839585 0 -5150.56 41.6572 1204.42 1 2
-0.84305 -0.0326115 0.536845 0 0.014328 0.996444 0.083031 0 -0.537644 0.0776912 -0.839585 0 -5150.56 41.6572 1204.42 1 2
-0.84305 -0.0326115 0.536845 0 0.014328 0.996444 0.083031 0 -0.537644 0.0776912 -0.839585 0 -5150.56 41.6572 1204.42 1 2
-0.84305 -0.0326115 0.536845 0 0.014328 0.996444 0.083031 0 -0.537644 0.0776912 -0.839585 0 -5150.56 41.6572 1204.42 1 2
-0.845858 -0.0445821 0.531542 0 0.00694482 0.995496 0.0945469 0 -0.533363 0.0836647 -0.841739 0 -5154.03 15.462 1198.76 1 3
-0.847551 -0.0529282 0.528068 0 0.0012235 0.994817 0.101674 0 -0.530712 0.0868201 -0.843094 0 -5157.07 -4.93012 1191.68 1 3
-0.848516 -0.0597679 0.525784 0 -0.00388203 0.994277 0.106759 0 -0.529156 0.0885453 -0.843892 0 -5159.23 -23.9095 1185.43 1 3
-0.849312 -0.0666054 0.523673 0 -0.00939033 0.993758 0.111165 0 -0.527808 0.0894965 -0.844635 0 -5161.41 -47.5216 1181.15 1 3
-0.849755 -0.0723806 0.522186 0 -0.0143383 0.993337 0.114354 0 -0.526983 0.0896859 -0.84513 0 -5162.97 -70.4466 1178.03 1 3
-0.849755 -0.0772963 0.521481 0 -0.0193102 0.993092 0.115735 0 -0.526824 0.0882763 -0.845378 0 -5163.59 -93.2916 1177.03 1 3
-0.849474 -0.0815032 0.521298 0 -0.0244949 0.993024 0.115341 0 -0.527062 0.0852096 -0.845544 0 -5163.41 -117.851 1177.77 1 3
-0.849013 -0.0853553 0.521432 0 -0.0298642 0.99304 0.113929 0 -0.527527 0.0811548 -0.845653 0 -5162.72 -143.239 1179.32 1 3
-0.848468 -0.088755 0.521752 0 -0.0351109 0.993106 0.11184 0 -0.528081 0.0765731 -0.845734 0 -5161.63 -168.465 1181.57 1 3
-0.847818 -0.0921642 0.522217 0 -0.0404461 0.993151 0.109613 0 -0.528743 0.0718106 -0.845739 0 -5160.3 -194.1 1183.99 1 3
-0.847041 -0.0951245 0.522946 0 -0.0455625 0.993229 0.10687 0 -0.529571 0.0666963 -0.845639 0 -5158.75 -219.015 1187.35 1 3
-0.84611 -0.0981234 0.523899 0 -0.0508193 0.993282 0.103962 0 -0.53058 0.0613391 -0.845412 0 -5156.6 -245.093 1191.85 1 3
-0.84495 -0.101128 0.525198 0 -0.0564683 0.993341 0.100423 0 -0.531856 0.0551952 -0.845034 0 -5153.93 -273.161 1198.24 1 3
-0.843569 -0.104293 0.526797 0 -0.0626351 0.993373 0.0963661 0 -0.533356 0.0482954 -0.844511 0 -5150.69 -303.227 1206.03 1 3
-0.842162 -0.106493 0.528605 0 -0.0677504 0.993433 0.0921993 0 -0.534952 0.0418335 -0.843846 0 -5147.51 -328.601 1214.65 1 3
-0.840798 -0.107902 0.530487 0 -0.0718203 0.993506 0.0882492 0 -0.536564 0.0361 -0.843087 0 -5144.8 -348.999 1224.17 1 3
-0.839347 -0.108431 0.532671 0 -0.0743817 0.993596 0.0850523 0 -0.538483 0.0317674 -0.842038 0 -5142.51 -362.997 1234.37 1 3
-0.838066 -0.10729 0.534914 0 -0.0751155 0.993826 0.0816507 0 -0.540372 0.0282484 -0.840952 0 -5141.19 -369.657 1244.88 1 3
-0.836797 -0.104344 0.537479 0 -0.0744197 0.994238 0.0771536 0 -0.542432 0.0245629 -0.83974 0 -5140.61 -369.91 1257.14 1 3
-0.835584 -0.0990046 0.540368 0 -0.0714859 0.994859 0.0717347 0 -0.544692 0.0213117 -0.838365 0 -5141.03 -360.364 1271.49 1 3
-0.834556 -0.0904799 0.543442 0 -0.0656336 0.995725 0.0649898 0 -0.546999 0.0185696 -0.836927 0 -5143.14 -337.689 1287.7 1 3
-0.83346 -0.0810472 0.546603 0 -0.0583777 0.996564 0.0587506 0 -0.549487 0.0170568 -0.835328 0 -5145.9 -309.144 1305.17 1 3
-0.832293 -0.071726 0.549676 0 -0.0507149 0.997288 0.0533438 0 -0.552012 0.0165208 -0.833673 0 -5148.54 -278.298 1322.03 1 3
-0.830967 -0.0634728 0.552689 0 -0.0434955 0.997841 0.0492004 0 -0.554619 0.0168444 -0.831934 0 -5150.7 -248.349 1338.86 1 3
-0.829659 -0.0561286 0.555441 0 -0.0367196 0.998265 0.0460291 0 -0.557061 0.0177929 -0.830281 0 -5152.49 -220.984 1353.8 1 3
-0.828481 -0.0500708 0.557774 0 -0.0310034 0.998568 0.04359 0 -0.559158 0.0188206 -0.828847 0 -5154.29 -197.905 1365.86 1 3
-0.827437 -0.0453657 0.559723 0 -0.026349 0.99877 0.0419988 0 -0.56094 0.0200032 -0.827615 0 -5155.98 -178.693 1375.74 1 3
-0.826505 -0.0416368 0.561388 0 -0.0224837 0.998907 0.0409847 0 -0.562481 0.021252 -0.826537 0 -5157.57 -162.938 1383.91 1 3
-0.825572 -0.0389045 0.562955 0 -0.0192979 0.998984 0.0407371 0 -0.563967 0.0227675 -0.825483 0 -5158.73 -150.291 1391.51 1 3
-0.824833 -0.0369032 0.56417 0 -0.0167602 0.999025 0.0408438 0 -0.565127 0.0242337 -0.824648 0 -5160.04 -140.644 1397.13 1 3
-0.824206 -0.0352521 0.565192 0 -0.0146739 0.999055 0.0409143 0 -0.5661 0.0254282 -0.823944 0 -5161.21 -132.544 1401.48 1 3
-0.823679 -0.0338855 0.566043 0 -0.0128908 0.999074 0.0410504 0 -0.56691 0.0265156 -0.823353 0 -5162.29 -125.925 1405.14 1 3
-0.823172 -0.0328737 0.56684 0 -0.0114316 0.99908 0.0413401 0 -0.567677 0.0275501 -0.82279 0 -5163.15 -120.676 1408.57 1 3
-0.822701 -0.0321615 0.567564 0 -0.0103591 0.999081 0.0415979 0 -0.56838 0.0283432 -0.822278 0 -5163.82 -117.038 1411.57 1 3
-0.822278 -0.0314717 0.568216 0 -0.00931062 0.99908 0.0418624 0 -0.56901 0.029132 -0.821814 0 -5164.41 -113.456 1414.25 1 3
-0.821845 -0.0309681 0.568868 0 -0.00872829 0.999089 0.0417787 0 -0.569644 0.0293704 -0.821367 0 -5164.9 -111.066 1417.44 1 3
-0.82149 -0.0305768 0.569403 0 -0.00822422 0.999093 0.0417858 0 -0.570164 0.0296437 -0.820996 0 -5165.4 -109.301 1420.06 1 3
-0.821139 -0.0302616 0.569926 0 -0.00778556 0.999094 0.0418321 0 -0.570676 0.0299127 -0.820631 0 -5165.77 -107.741 1422.55 1 3
-0.820818 -0.0300923 0.570397 0 -0.00754925 0.999096 0.0418454 0 -0.57114 0.0300414 -0.820303 0 -5166.15 -106.738 1424.77 1 3
-0.820551 -0.0298831 0.570792 0 -0.00721179 0.999094 0.041939 0 -0.571528 0.0302966 -0.820023 0 -5166.56 -105.406 1426.54 1 3
-0.82032 -0.0297762 0.571129 0 -0.00693788 0.999088 0.0421232 0 -0.571863 0.030592 -0.819779 0 -5167 -104.537 1427.69 1 3
-0.819891 -0.0301384 0.571726 0 -0.00697329 0.999065 0.0426653 0 -0.572477 0.0309941 -0.819335 0 -5167.36 -105.47 1429.86 1 3
-0.819847 -0.0303537 0.571777 0 -0.00675113 0.999037 0.0433552 0 -0.572543 0.0316845 -0.819262 0 -5168.92 -104.941 1427.65 1 3
-0.819777 -0.0303609 0.571878 0 -0.00641363 0.999018 0.043844 0 -0.572647 0.0322744 -0.819166 0 -5170.27 -103.907 1426.29 1 3
-0.81971 -0.0303392 0.571975 0 -0.00606655 0.999 0.0442958 0 -0.572747 0.0328398 -0.819074 0 -5171.44 -102.713 1425.39 1 3
-0.819558 -0.0303447 0.572192 0 -0.00582519 0.998986 0.0446351 0 -0.572967 0.0332479 -0.818904 0 -5172.35 -101.965 1425.14 1 3
-0.819385 -0.0303302 0.572441 0 -0.00550077 0.998969 0.0450557 0 -0.573218 0.0337691 -0.818707 0 -5173.16 -100.846 1425.25 1 3
-0.819216 -0.0303512 0.572681 0 -0.00528422 0.998956 0.0453841 0 -0.573461 0.0341532 -0.818521 0 -5173.82 -99.9994 1425.7 1 3
-0.819075 -0.0303632 0.572883 0 -0.00512411 0.998946 0.0456187 0 -0.573664 0.0344296 -0.818367 0 -5174.36 -99.2462 1426.1 1 3
-0.818981 -0.0302945 0.573021 0 -0.00484551 0.998935 0.0458863 0 -0.5738 0.0348035 -0.818255 0 -5174.91 -98.213 1426.29 1 3
