-0.967285 0 0.25369 0 0 1 0 0 -0.25369 0 -0.967285 0 -5082.29 0 -1549 1 0
-0.967285 0 0.25369 0 0 1 0 0 -0.25369 0 -0.967285 0 -5082.29 0 -1549 1 0
-0.967285 0 0.25369 0 0 1 0 0 -0.25369 0 -0.967285 0 -5082.29 0 -1549 1 0
-0.967285 0 0.25369 0 0 1 0 0 -0.25369 0 -0.967285 0 -5082.29 0 -1549 1 0
-0.967285 0 0.25369 0 0 1 0 0 -0.25369 0 -0.967285 0 -5082.29 0 -1549 1 0
-0.967285 0 0.25369 0 0 1 0 0 -0.25369 0 -0.967285 0 -5082.29 0 -1549 1 0
-0.967285 0 0.25369 0 0 1 0 0 -0.25369 0 -0.967285 0 -5082.29 0 -1549 1 0
-0.967285 0 0.25369 0 0 1 0 0 -0.25369 0 -0.967285 0 -5082.29 0 -1549 1 0
-0.967285 0 0.25369 0 0 1 0 0 -0.25369 0 -0.967285 0 -5082.29 0 -1549 1 0
-0.967285 0 0.25369 0 0 1 0 0 -0.25369 0 -0.967285 0 -5082.29 0 -1549 1 0
-0.967285 0 0.25369 0 0 1 0 0 -0.25369 0 -0.967285 0 -5082.29 0 -1549 1 0
-0.967285 0 0.25369 0 0 1 0 0 -0.25369 0 -0.967285 0 -5082.29 0 -1549 1 0
-0.967285 0 0.25369 0 0 1 0 0 -0.25369 0 -0.967285 0 -5082.29 0 -1549 1 0
-0.967285 0 0.25369 0 0 1 0 0 -0.25369 0 -0.967285 0 -5082.29 0 -1549 1 0
-0.967285 0 0.25369 0 0 1 0 0 -0.25369 0 -0.967285 0 -5082.29 0 -1549 1 0
-0.967285 0 0.25369 0 0 1 0 0 -0.25369 0 -0.967285 0 -5082.29 0 -1549 1 0
-0.967285 0 0.25369 0 0 1 0 0 -0.25369 0 -0.967285 0 -5082.29 0 -1549 1 0
-0.967285 0 0.25369 0 0 1 0 0 -0.25369 0 -0.967285 0 -5082.29 0 -1549 1 0
-0.967285 0 0.25369 0 0 1 0 0 -0.25369 0 -0.967285 0 -5082.29 0 -1549 1 0
-0.967285 0 0.25369 0 0 1 0 0 -0.25369 0 -0.967285 0 -5082.29 0 -1549 1 0
-0.967285 0 0.25369 0 0 1 0 0 -0.25369 0 -0.967285 0 -5082.29 0 -1549 1 0
-0.967285 0 0.25369 0 0 1 0 0 -0.25369 0 -0.967285 0 -5082.29 0 -1549 1 0
-0.967285 0 0.25369 0 0 1 0 0 -0.25369 0 -0.967285 0 -5082.29 0 -1549 1 0
-0.967285 0 0.25369 0 0 1 0 0 -0.25369 0 -0.967285 0 -5082.29 0 -1549 1 0
-0.967285 0 0.25369 0 0 1 0 0 -0.25369 0 -0.967285 0 -5082.29 0 -1549 1 0
-0.967285 0 0.25369 0 0 1 0 0 -0.25369 0 -0.967285 0 -5082.29 0 -1549 1 0
-0.967285 0 0.25369 0 0 1 0 0 -0.25369 0 -0.967285 0 -5082.29 0 -1549 1 0
-0.967285 0 0.25369 0 0 1 0 0 -0.25369 0 -0.967285 0 -5082.29 0 -1549 1 0
-0.967285 0 0.25369 0 0 1 0 0 -0.25369 0 -0.967285 0 -5082.29 0 -1549 1 0
-0.967285 0 0.25369 0 0 1 0 0 -0.25369 0 -0.967285 0 -5082.29 0 -1549 1 0
-0.967285 0 0.25369 0 0 1 0 0 -0.25369 0 -0.967285 0 -5082.29 0 -1549 1 0
-0.967285 0 0.25369 0 0 1 0 0 -0.25369 0 -0.967285 0 -5082.29 0 -1549 1 0
-0.967285 0 0.25369 0 0 1 0 0 -0.25369 0 -0.967285 0 -5082.29 0 -1549 1 0
-0.967285 0 0.25369 0 0 1 0 0 -0.25369 0 -0.967285 0 -5082.29 0 -1549 1 0
-0.967285 0 0.25369 0 0 1 0 0 -0.25369 0 -0.967285 0 -5082.29 0 -1549 1 0
-0.967285 0 0.25369 0 0 1 0 0 -0.25369 0 -0.967285 0 -5082.29 0 -1549 1 0
-0.967285 0 0.25369 0 0 1 0 0 -0.25369 0 -0.967285 0 -5082.29 0 -1549 1 0
-0.967285 0 0.25369 0 0 1 0 0 -0.25369 0 -0.967285 0 -5082.29 0 -1549 1 0
-0.967285 0 0.25369 0 0 1 0 0 -0.25369 0 -0.967285 0 -5082.29 0 -1549 1 0
-0.967285 0 0.25369 0 0 1 0 0 -0.25369 0 -0.967285 0 -5082.29 0 -1549 1 0
-0.967285 0 0.25369 0 0 1 0 0 -0.25369 0 -0.967285 0 -5082.29 0 -1549 1 0
-0.967285 0 0.25369 0 0 1 0 0 -0.25369 0 -0.967285 0 -5082.29 0 -1549 1 0
-0.967285 0 0.25369 0 0 1 0 0 -0.25369 0 -0.967285 0 -5082.29 0 -1549 1 0
-0.967285 0 0.25369 0 0 1 0 0 -0.25369 0 -0.967285 0 -5082.29 0 -1549 1 0
-0.967285 0 0.25369 0 0 1 0 0 -0.25369 0 -0.967285 0 -5082.29 0 -1549 1 0
-0.967285 0 0.25369 0 0 1 0 0 -0.25369 0 -0.967285 0 -5082.29 0 -1549 1 0
-0.967285 0 0.25369 0 0 1 0 0 -0.25369 0 -0.967285 0 -5082.29 0 -1549 1 0
-0.967285 0 0.25369 0 0 1 0 0 -0.25369 0 -0.967285 0 -5082.29 0 -1549 1 0
-0.967285 0 0.25369 0 0 1 0 0 -0.25369 0 -0.967285 0 -5082.29 0 -1549 1 0
-0.967285 0 0.25369 0 0 1 0 0 -0.25369 0 -0.967285 0 -5082.29 0 -1549 1 0
-0.967285 0 0.25369 0 0 1 0 0 -0.25369 0 -0.967285 0 -5082.29 0 -1549 1 0
-0.967285 0 0.25369 0 0 1 0 0 -0.25369 0 -0.967285 0 -5082.29 0 -1549 1 0
-0.967285 0 0.25369 0 0 1 0 0 -0.25369 0 -0.967285 0 -5082.29 0 -1549 1 0
-0.967285 0 0.25369 0 0 1 0 0 -0.25369 0 -0.967285 0 -5082.29 0 -1549 1 0
-0.967285 0 0.25369 0 0 1 0 0 -0.25369 0 -0.967285 0 -5082.29 0 -1549 1 0
-0.967285 0 0.25369 0 0 1 0 0 -0.25369 0 -0.967285 0 -5082.29 0 -1549 1 0
-0.967285 0 0.25369 0 0 1 0 0 -0.25369 0 -0.967285 0 -5082.29 0 -1549 1 0
-0.967285 0 0.25369 0 0 1 0 0 -0.25369 0 -0.967285 0 -5082.29 0 -1549 1 0
-0.967285 0 0.25369 0 0 1 0 0 -0.25369 0 -0.967285 0 -5082.29 0 -1549 1 0
-0.967285 0 0.25369 0 0 1 0 0 -0.25369 0 -0.967285 0 -5082.29 0 -1549 1 0
-0.967285 0 0.25369 0 0 1 0 0 -0.25369 0 -0.967285 0 -5082.29 0 -1549 1 0
-0.967285 0 0.25369 0 0 1 0 0 -0.25369 0 -0.967285 0 -5082.29 0 -1549 1 0
-0.967285 0 0.25369 0 0 1 0 0 -0.25369 0 -0.967285 0 -5082.29 0 -1549 1 0
-0.967285 0 0.25369 0 0 1 0 0 -0.25369 0 -0.967285 0 -5082.29 0 -1549 1 0
-0.967285 0 0.25369 0 0 1 0 0 -0.25369 0 -0.967285 0 -5082.29 0 -1549 1 0
-0.967285 0 0.25369 0 0 1 0 0 -0.25369 0 -0.967285 0 -5082.29 0 -1549 1 0
-0.94934 -0.0788728 0.304193 0 -0.0479705 0.993018 0.107767 0 -0.310569 0.0877149 -0.946495 0 -5338.91 100.369 516.849 1 1
-0.953081 -0.022799 0.301857 0 0.019623 0.990409 0.136762 0 -0.30208 0.136269 -0.943493 0 -5414.9 109.036 525.792 1 1
-0.953081 -0.022799 0.301857 0 0.019623 0.990409 0.136762 0 -0.30208 0.136269 -0.943493 0 -5414.9 109.036 525.792 1 2
-0.953081 -0.022799 0.301857 0 0.019623 0.990409 0.136762 0 -0.30208 0.136269 -0.943493 0 -5414.9 109.036 525.792 1 2
-0.953081 -0.022799 0.301857 0 0.019623 0.990409 0.136762 0 -0.30208 0.136269 -0.943493 0 -5414.9 109.036 525.792 1 2
-0.953081 -0.022799 0.301857 0 0.019623 0.990409 0.136762 0 -0.30208 0.136269 -0.943493 0 -5414.9 109.036 525.792 1 2
-0.953081 -0.022799 0.301857 0 0.019623 0.990409 0.136762 0 -0.30208 0.136269 -0.943493 0 -5414.9 109.036 525.792 1 2
-0.953081 -0.022799 0.301857 0 0.019623 0.990409 0.136762 0 -0.30208 0.136269 -0.943493 0 -5414.9 109.036 525.792 1 2
-0.953081 -0.022799 0.301857 0 0.019623 0.990409 0.136762 0 -0.30208 0.136269 -0.943493 0 -5414.9 109.036 525.792 1 2
-0.953081 -0.022799 0.301857 0 0.019623 0.990409 0.136762 0 -0.30208 0.136269 -0.943493 0 -5414.9 109.036 525.792 1 2
-0.953081 -0.022799 0.301857 0 0.019623 0.990409 0.136762 0 -0.30208 0.136269 -0.943493 0 -5414.9 109.036 525.792 1 2
-0.953081 -0.022799 0.301857 0 0.019623 0.990409 0.136762 0 -0.30208 0.136269 -0.943493 0 -5414.9 109.036 525.792 1 2
-0.953081 -0.022799 0.301857 0 0.019623 0.990409 0.136762 0 -0.30208 0.136269 -0.943493 0 -5414.9 109.036 525.792 1 2
-0.953081 -0.022799 0.301857 0 0.019623 0.990409 0.136762 0 -0.30208 0.136269 -0.943493 0 -5414.9 109.036 525.792 1 2
-0.953081 -0.022799 0.301857 0 0.019623 0.990409 0.136762 0 -0.30208 0.136269 -0.943493 0 -5414.9 109.036 525.792 1 2
-0.953081 -0.022799 0.301857 0 0.019623 0.990409 0.136762 0 -0.30208 0.136269 -0.943493 0 -5414.9 109.036 525.792 1 2
-0.953081 -0.022799 0.301857 0 0.019623 0.990409 0.136762 0 -0.30208 0.136269 -0.943493 0 -5414.9 109.036 525.792 1 2
-0.953081 -0.022799 0.301857 0 0.019623 0.990409 0.136762 0 -0.30208 0.136269 -0.943493 0 -5414.9 109.036 525.792 1 2
-0.953081 -0.022799 0.301857 0 0.019623 0.990409 0.136762 0 -0.30208 0.136269 -0.943493 0 -5414.9 109.036 525.792 1 2
-0.953081 -0.022799 0.301857 0 0.019623 0.990409 0.136762 0 -0.30208 0.136269 -0.943493 0 -5414.9 109.036 525.792 1 2
-0.953081 -0.022799 0.301857 0 0.019623 0.990409 0.136762 0 -0.30208 0.136269 -0.943493 0 -5414.9 109.036 525.792 1 2
-0.953081 -0.022799 0.301857 0 0.019623 0.990409 0.136762 0 -0.30208 0.136269 -0.943493 0 -5414.9 109.036 525.792 1 2
-0.953081 -0.022799 0.301857 0 0.019623 0.990409 0.136762 0 -0.30208 0.136269 -0.943493 0 -5414.9 109.036 525.792 1 2
-0.953081 -0.022799 0.301857 0 0.019623 0.990409 0.136762 0 -0.30208 0.136269 -0.943493 0 -5414.9 109.036 525.792 1 2
-0.953081 -0.022799 0.301857 0 0.019623 0.990409 0.136762 0 -0.30208 0.136269 -0.943493 0 -5414.9 109.036 525.792 1 2
-0.953081 -0.022799 0.301857 0 0.019623 0.990409 0.136762 0 -0.30208 0.136269 -0.943493 0 -5414.9 109.036 525.792 1 2
-0.953081 -0.022799 0.301857 0 0.019623 0.990409 0.136762 0 -0.30208 0.136269 -0.943493 0 -5414.9 109.036 525.792 1 2
-0.953081 -0.022799 0.301857 0 0.019623 0.990409 0.136762 0 -0.30208 0.136269 -0.943493 0 -5414.9 109.036 525.792 1 2
-0.953081 -0.022799 0.301857 0 0.019623 0.990409 0.136762 0 -0.30208 0.136269 -0.943493 0 -5414.9 109.036 525.792 1 2
-0.953081 -0.022799 0.301857 0 0.019623 0.990409 0.136762 0 -0.30208 0.136269 -0.943493 0 -5414.9 109.036 525.792 1 2
-0.953081 -0.022799 0.301857 0 0.019623 0.990409 0.136762 0 -0.30208 0.136269 -0.943493 0 -5414.9 109.036 525.792 1 2
-0.953081 -0.022799 0.301857 0 0.019623 0.990409 0.136762 0 -0.30208 0.136269 -0.943493 0 -5414.9 109.036 525.792 1 2
-0.953081 -0.022799 0.301857 0 0.019623 0.990409 0.136762 0 -0.30208 0.136269 -0.943493 0 -5414.9 109.036 525.792 1 2
-0.953081 -0.022799 0.301857 0 0.019623 0.990409 0.136762 0 -0.30208 0.136269 -0.943493 0 -5414.9 109.036 525.792 1 2
-0.953081 -0.022799 0.301857 0 0.019623 0.990409 0.136762 0 -0.30208 0.136269 -0.943493 0 -5414.9 109.036 525.792 1 2
-0.953081 -0.022799 0.301857 0 0.019623 0.990409 0.136762 0 -0.30208 0.136269 -0.943493 0 -5414.9 109.036 525.792 1 2
-0.953081 -0.022799 0.301857 0 0.019623 0.990409 0.136762 0 -0.30208 0.136269 -0.943493 0 -5414.9 109.036 525.792 1 2
-0.953081 -0.022799 0.301857 0 0.019623 0.990409 0.136762 0 -0.30208 0.136269 -0.943493 0 -5414.9 109.036 525.792 1 2
-0.953081 -0.022799 0.301857 0 0.019623 0.990409 0.136762 0 -0.30208 0.136269 -0.943493 0 -5414.9 109.036 525.792 1 2
-0.953081 -0.022799 0.301857 0 0.019623 0.990409 0.136762 0 -0.30208 0.136269 -0.943493 0 -5414.9 109.036 525.792 1 2
-0.953081 -0.022799 0.301857 0 0.019623 0.990409 0.136762 0 -0.30208 0.136269 -0.943493 0 -5414.9 109.036 525.792 1 2
-0.953081 -0.022799 0.301857 0 0.019623 0.990409 0.136762 0 -0.30208 0.136269 -0.943493 0 -5414.9 109.036 525.792 1 2
-0.953081 -0.022799 0.301857 0 0.019623 0.990409 0.136762 0 -0.30208 0.136269 -0.943493 0 -5414.9 109.036 525.792 1 2
-0.953081 -0.022799 0.301857 0 0.019623 0.990409 0.136762 0 -0.30208 0.136269 -0.943493 0 -5414.9 109.036 525.792 1 2
-0.953081 -0.022799 0.301857 0 0.019623 0.990409 0.136762 0 -0.30208 0.136269 -0.943493 0 -5414.9 109.036 525.792 1 2
-0.953081 -0.022799 0.301857 0 0.019623 0.990409 0.136762 0 -0.30208 0.136269 -0.943493 0 -5414.9 109.036 525.792 1 2
-0.953081 -0.022799 0.301857 0 0.019623 0.990409 0.136762 0 -0.30208 0.136269 -0.943493 0 -5414.9 109.036 525.792 1 2
-0.953081 -0.022799 0.301857 0 0.019623 0.990409 0.136762 0 -0.30208 0.136269 -0.943493 0 -5414.9 109.036 525.792 1 2
-0.953081 -0.022799 0.301857 0 0.019623 0.990409 0.136762 0 -0.30208 0.136269 -0.943493 0 -5414.9 109.036 525.792 1 2
-0.953081 -0.022799 0.301857 0 0.019623 0.990409 0.136762 0 -0.30208 0.136269 -0.943493 0 -5414.9 109.036 525.792 1 2
-0.953081 -0.022799 0.301857 0 0.019623 0.990409 0.136762 0 -0.30208 0.136269 -0.943493 0 -5414.9 109.036 525.792 1 2
-0.953081 -0.022799 0.301857 0 0.019623 0.990409 0.136762 0 -0.30208 0.136269 -0.943493 0 -5414.9 109.036 525.792 1 2
-0.953081 -0.022799 0.301857 0 0.019623 0.990409 0.136762 0 -0.30208 0.136269 -0.943493 0 -5414.9 109.036 525.792 1 2
-0.953081 -0.022799 0.301857 0 0.019623 0.990409 0.136762 0 -0.30208 0.136269 -0.943493 0 -5414.9 109.036 525.792 1 2
-0.953081 -0.022799 0.301857 0 0.019623 0.990409 0.136762 0 -0.30208 0.136269 -0.943493 0 -5414.9 109.036 525.792 1 2
-0.953081 -0.022799 0.301857 0 0.019623 0.990409 0.136762 0 -0.30208 0.136269 -0.943493 0 -5414.9 109.036 525.792 1 2
-0.953081 -0.022799 0.301857 0 0.019623 0.990409 0.136762 0 -0.30208 0.136269 -0.943493 0 -5414.9 109.036 525.792 1 2
-0.953081 -0.022799 0.301857 0 0.019623 0.990409 0.136762 0 -0.30208 0.136269 -0.943493 0 -5414.9 109.036 525.792 1 2
-0.953081 -0.022799 0.301857 0 0.019623 0.990409 0.136762 0 -0.30208 0.136269 -0.943493 0 -5414.9 109.036 525.792 1 2
-0.953081 -0.022799 0.301857 0 0.019623 0.990409 0.136762 0 -0.30208 0.136269 -0.943493 0 -5414.9 109.036 525.792 1 2
-0.953081 -0.022799 0.301857 0 0.019623 0.990409 0.136762 0 -0.30208 0.136269 -0.943493 0 -5414.9 109.036 525.792 1 2
-0.953081 -0.022799 0.301857 0 0.019623 0.990409 0.136762 0 -0.30208 0.136269 -0.943493 0 -5414.9 109.036 525.792 1 2
-0.95425 -0.0346513 0.296995 0 0.0102554 0.988885 0.148327 0 -0.298834 0.144587 -0.943288 0 -5415.26 87.3521 518.94 1 3
-0.95482 -0.0430961 0.294044 0 0.00337093 0.987795 0.155721 0 -0.297166 0.149676 -0.943021 0 -5416.34 69.8941 510.992 1 3
-0.955035 -0.049776 0.292286 0 -0.00208517 0.98691 0.161256 0 -0.296487 0.153396 -0.942637 0 -5417.29 52.9807 504.1 1 3
-0.955175 -0.0565239 0.290596 0 -0.00777709 0.986055 0.166235 0 -0.29594 0.156524 -0.942295 0 -5418.32 31.0859 499.251 1 3
-0.955186 -0.0621803 0.289401 0 -0.0126701 0.98538 0.169899 0 -0.295734 0.158618 -0.942009 0 -5419.25 9.21825 495.662 1 3
-0.95497 -0.0672275 0.288985 0 -0.0174168 0.985014 0.171592 0 -0.29619 0.158832 -0.94183 0 -5419.78 -13.9061 494.319 1 3
-0.954582 -0.0719351 0.289135 0 -0.0223177 0.984954 0.171369 0 -0.297112 0.157133 -0.941825 0 -5419.85 -40.0353 494.707 1 3
-0.954101 -0.0764996 0.289549 0 -0.0273676 0.985051 0.170073 0 -0.298231 0.154343 -0.941932 0 -5419.62 -67.7792 495.935 1 3
-0.953575 -0.0807319 0.290133 0 -0.0323348 0.985276 0.167887 0 -0.299415 0.150711 -0.942145 0 -5419.09 -95.8212 497.927 1 3
-0.953018 -0.0849637 0.290755 0 -0.0373289 0.985483 0.165621 0 -0.300606 0.146986 -0.942354 0 -5418.44 -124.421 500.128 1 3
-0.952394 -0.0888589 0.291633 0 -0.0421216 0.98576 0.162797 0 -0.301946 0.142763 -0.942575 0 -5417.7 -152.647 503.367 1 3
-0.951673 -0.0927806 0.292764 0 -0.0469918 0.986041 0.159735 0 -0.303498 0.138258 -0.942748 0 -5416.55 -182.251 507.831 1 3
-0.95083 -0.0968182 0.294191 0 -0.0521583 0.986373 0.156039 0 -0.30529 0.133022 -0.942923 0 -5415.13 -214.402 514.276 1 3
-0.949834 -0.10115 0.295944 0 -0.0578022 0.986729 0.151737 0 -0.307365 0.127018 -0.943076 0 -5413.35 -249.098 522.241 1 3
-0.948856 -0.104489 0.297916 0 -0.0624699 0.987124 0.147253 0 -0.309466 0.121111 -0.943166 0 -5411.67 -278.953 531.127 1 3
-0.947935 -0.106938 0.299971 0 -0.0661303 0.987502 0.143061 0 -0.311521 0.115775 -0.94316 0 -5410.46 -303.396 540.979 1 3
-0.947036 -0.108174 0.302359 0 -0.068265 0.987851 0.139605 0 -0.313787 0.111571 -0.942916 0 -5409.9 -320.552 551.702 1 3
-0.946308 -0.107588 0.304839 0 -0.0685819 0.988343 0.13592 0 -0.315909 0.107716 -0.942655 0 -5410.27 -329.996 562.789 1 3
-0.945665 -0.105233 0.307641 0 -0.0674272 0.989078 0.131063 0 -0.318073 0.103199 -0.942433 0 -5411.49 -333.43 575.7 1 3
-0.94514 -0.100385 0.310859 0 -0.0640033 0.990074 0.125126 0 -0.320334 0.0983655 -0.942184 0 -5413.84 -327.071 590.807 1 3
-0.944834 -0.0922752 0.314282 0 -0.0576677 0.991373 0.117705 0 -0.322432 0.0930883 -0.942004 0 -5417.84 -307.742 607.818 1 3
-0.944492 -0.0831743 0.317831 0 -0.050084 0.992567 0.110915 0 -0.324694 0.0888397 -0.941638 0 -5422.59 -281.73 626.212 1 3
-0.944068 -0.0740909 0.321319 0 -0.0422443 0.993576 0.104984 0 -0.327033 0.0855385 -0.941134 0 -5427.22 -252.698 644.048 1 3
-0.943515 -0.0658671 0.324717 0 -0.0348451 0.994332 0.100447 0 -0.329492 0.0834588 -0.940462 0 -5431.4 -223.732 661.909 1 3
-0.942905 -0.0585055 0.327884 0 -0.0280457 0.994902 0.096872 0 -0.33188 0.0821453 -0.939738 0 -5435.05 -196.754 677.925 1 3
-0.942338 -0.0523823 0.330538 0 -0.0223256 0.995314 0.0940847 0 -0.333918 0.0812801 -0.939091 0 -5438.45 -173.824 690.98 1 3
-0.941806 -0.0474325 0.332795 0 -0.0175669 0.995587 0.0921846 0 -0.335699 0.0809738 -0.938483 0 -5441.55 -154.477 701.728 1 3
-0.941325 -0.0434028 0.3347 0 -0.0136123 0.995772 0.0908447 0 -0.337227 0.0809584 -0.937936 0 -5444.4 -138.424 710.695 1 3
-0.940829 -0.0402718 0.336481 0 -0.0103234 0.995859 0.0903244 0 -0.338725 0.0815062 -0.937348 0 -5446.75 -125.142 719.065 1 3
-0.940424 -0.0379078 0.337883 0 -0.00772141 0.99589 0.0902402 0 -0.339915 0.0822551 -0.936852 0 -5448.96 -114.806 725.35 1 3
-0.940072 -0.0359835 0.339073 0 -0.00559817 0.995911 0.0901685 0 -0.340931 0.0828666 -0.936429 0 -5450.89 -106.139 730.269 1 3
-0.939777 -0.0343698 0.340055 0 -0.00378356 0.995916 0.0902025 0 -0.341766 0.0834836 -0.93607 0 -5452.6 -98.9657 734.415 1 3
-0.939498 -0.033124 0.34095 0 -0.00229584 0.9959 0.0904275 0 -0.342547 0.0841737 -0.935722 0 -5454.07 -93.1354 738.293 1 3
-0.939232 -0.0322336 0.341767 0 -0.00119423 0.995883 0.0906441 0 -0.343282 0.0847277 -0.935403 0 -5455.29 -89.0605 741.7 1 3
-0.938996 -0.0313807 0.342493 0 -0.000129446 0.995861 0.0908902 0 -0.343928 0.0853012 -0.935113 0 -5456.37 -85.0252 744.713 1 3
-0.938746 -0.0308496 0.343226 0 0.000482735 0.995866 0.0908299 0 -0.344609 0.0854319 -0.934851 0 -5457.35 -82.5383 748.206 1 3
-0.938545 -0.0303925 0.343816 0 0.00102562 0.995866 0.0908319 0 -0.345155 0.0856025 -0.934634 0 -5458.27 -80.632 751.09 1 3
-0.938338 -0.0300017 0.344414 0 0.00150632 0.995863 0.0908528 0 -0.345715 0.0857694 -0.934411 0 -5459.05 -78.9298 753.854 1 3
-0.938142 -0.0298166 0.344964 0 0.00175954 0.995862 0.0908615 0 -0.346245 0.085848 -0.934208 0 -5459.81 -77.8562 756.311 1 3
-0.937975 -0.0295546 0.345441 0 0.00212909 0.99585 0.0909823 0 -0.346697 0.0860746 -0.93402 0 -5460.54 -76.346 758.277 1 3
-0.937839 -0.0293593 0.345827 0 0.00244137 0.995833 0.0911628 0 -0.347062 0.0863403 -0.933859 0 -5461.25 -75.2775 759.602 1 3
-0.93757 -0.0295987 0.346534 0 0.00245857 0.995783 0.0917052 0 -0.347787 0.0868321 -0.933544 0 -5462.13 -75.8618 762.063 1 3
-0.937489 -0.0296516 0.34675 0 0.00268921 0.995717 0.0924174 0 -0.348005 0.0875727 -0.933394 0 -5463.87 -74.7974 759.907 1 3
-0.937404 -0.0295109 0.346991 0 0.00305796 0.995667 0.0929409 0 -0.34823 0.0881842 -0.933252 0 -5465.38 -73.3304 758.615 1 3
-0.937333 -0.0293635 0.347195 0 0.00340688 0.995623 0.0934009 0 -0.348418 0.0887306 -0.93313 0 -5466.68 -71.7324 757.751 1 3
-0.937233 -0.0292664 0.347472 0 0.00366425 0.99559 0.0937386 0 -0.348684 0.0891281 -0.932993 0 -5467.79 -70.6888 757.577 1 3
-0.937125 -0.0291201 0.347777 0 0.0040063 0.995549 0.094155 0 -0.348971 0.0896283 -0.932838 0 -5468.83 -69.1965 757.792 1 3
-0.937017 -0.0290476 0.348074 0 0.00423596 0.995518 0.0944816 0 -0.349258 0.0900053 -0.932694 0 -5469.7 -68.0679 758.336 1 3
-0.936919 -0.028986 0.348342 0 0.00441468 0.995495 0.0947104 0 -0.349518 0.0902738 -0.932571 0 -5470.43 -67.1154 758.814 1 3
-0.936856 -0.0287939 0.348528 0 0.00472752 0.995471 0.0949492 0 -0.349683 0.0906014 -0.932477 0 -5471.1 -65.826 759.08 1 3
