0.998546 0 -0.0539049 0 0 1 0 0 0.0539049 0 0.998546 0 -804.016 0 479.635 1 0
0.998546 0 -0.0539049 0 0 1 0 0 0.0539049 0 0.998546 0 -804.016 0 479.635 1 0
0.998546 0 -0.0539049 0 0 1 0 0 0.0539049 0 0.998546 0 -804.016 0 479.635 1 0
0.998546 0 -0.0539049 0 0 1 0 0 0.0539049 0 0.998546 0 -804.016 0 479.635 1 0
0.998546 0 -0.0539049 0 0 1 0 0 0.0539049 0 0.998546 0 -804.016 0 479.635 1 0
0.998546 0 -0.0539049 0 0 1 0 0 0.0539049 0 0.998546 0 -804.016 0 479.635 1 0
0.998546 0 -0.0539049 0 0 1 0 0 0.0539049 0 0.998546 0 -804.016 0 479.635 1 0
0.998546 0 -0.0539049 0 0 1 0 0 0.0539049 0 0.998546 0 -804.016 0 479.635 1 0
0.998546 0 -0.0539049 0 0 1 0 0 0.0539049 0 0.998546 0 -804.016 0 479.635 1 0
0.998546 0 -0.0539049 0 0 1 0 0 0.0539049 0 0.998546 0 -804.016 0 479.635 1 0
0.998546 0 -0.0539049 0 0 1 0 0 0.0539049 0 0.998546 0 -804.016 0 479.635 1 0
0.998546 0 -0.0539049 0 0 1 0 0 0.0539049 0 0.998546 0 -804.016 0 479.635 1 0
0.998546 0 -0.0539049 0 0 1 0 0 0.0539049 0 0.998546 0 -804.016 0 479.635 1 0
0.998546 0 -0.0539049 0 0 1 0 0 0.0539049 0 0.998546 0 -804.016 0 479.635 1 0
0.998546 0 -0.0539049 0 0 1 0 0 0.0539049 0 0.998546 0 -804.016 0 479.635 1 0
0.998546 0 -0.0539049 0 0 1 0 0 0.0539049 0 0.998546 0 -804.016 0 479.635 1 0
0.995431 -0.0292616 -0.0908862 0 0.0307487 0.999415 0.0150052 0 0.0903939 -0.0177312 0.995748 0 -615.22 -12.0655 733.544 1 1
0.994542 -0.0495322 -0.0918328 0 0.050631 0.998671 0.00967352 0 0.0912316 -0.0142703 0.995727 0 -590.474 -14.0259 740.05 1 1
0.994542 -0.0495322 -0.0918328 0 0.050631 0.998671 0.00967352 0 0.0912316 -0.0142703 0.995727 0 -590.474 -14.0259 740.05 1 2
0.994542 -0.0495322 -0.0918328 0 0.050631 0.998671 0.00967352 0 0.0912316 -0.0142703 0.995727 0 -590.474 -14.0259 740.05 1 2
0.994542 -0.0495322 -0.0918328 0 0.050631 0.998671 0.00967352 0 0.0912316 -0.0142703 0.995727 0 -590.474 -14.0259 740.05 1 2
0.994542 -0.0495322 -0.0918328 0 0.050631 0.998671 0.00967352 0 0.0912316 -0.0142703 0.995727 0 -590.474 -14.0259 740.05 1 2
0.994542 -0.0495322 -0.0918328 0 0.050631 0.998671 0.00967352 0 0.0912316 -0.0142703 0.995727 0 -590.474 -14.0259 740.05 1 2
0.994542 -0.0495322 -0.0918328 0 0.050631 0.998671 0.00967352 0 0.0912316 -0.0142703 0.995727 0 -590.474 -14.0259 740.05 1 2
0.994542 -0.0495322 -0.0918328 0 0.050631 0.998671 0.00967352 0 0.0912316 -0.0142703 0.995727 0 -590.474 -14.0259 740.05 1 2
0.994542 -0.0495322 -0.0918328 0 0.050631 0.998671 0.00967352 0 0.0912316 -0.0142703 0.995727 0 -590.474 -14.0259 740.05 1 2
0.994542 -0.0495322 -0.0918328 0 0.050631 0.998671 0.00967352 0 0.0912316 -0.0142703 0.995727 0 -590.474 -14.0259 740.05 1 2
0.994542 -0.0495322 -0.0918328 0 0.050631 0.998671 0.00967352 0 0.0912316 -0.0142703 0.995727 0 -590.474 -14.0259 740.05 1 2
0.994542 -0.0495322 -0.0918328 0 0.050631 0.998671 0.00967352 0 0.0912316 -0.0142703 0.995727 0 -590.474 -14.0259 740.05 1 2
0.994542 -0.0495322 -0.0918328 0 0.050631 0.998671 0.00967352 0 0.0912316 -0.0142703 0.995727 0 -590.474 -14.0259 740.05 1 2
0.994542 -0.0495322 -0.0918328 0 0.050631 0.998671 0.00967352 0 0.0912316 -0.0142703 0.995727 0 -590.474 -14.0259 740.05 1 2
0.994542 -0.0495322 -0.0918328 0 0.050631 0.998671 0.00967352 0 0.0912316 -0.0142703 0.995727 0 -590.474 -14.0259 740.05 1 2
0.994542 -0.0495322 -0.0918328 0 0.050631 0.998671 0.00967352 0 0.0912316 -0.0142703 0.995727 0 -590.474 -14.0259 740.05 1 2
0.994542 -0.0495322 -0.0918328 0 0.050631 0.998671 0.00967352 0 0.0912316 -0.0142703 0.995727 0 -590.474 -14.0259 740.05 1 2
0.994542 -0.0495322 -0.0918328 0 0.050631 0.998671 0.00967352 0 0.0912316 -0.0142703 0.995727 0 -590.474 -14.0259 740.05 1 2
0.994542 -0.0495322 -0.0918328 0 0.050631 0.998671 0.00967352 0 0.0912316 -0.0142703 0.995727 0 -590.474 -14.0259 740.05 1 2
0.994542 -0.0495322 -0.0918328 0 0.050631 0.998671 0.00967352 0 0.0912316 -0.0142703 0.995727 0 -590.474 -14.0259 740.05 1 2
0.994542 -0.0495322 -0.0918328 0 0.050631 0.998671 0.00967352 0 0.0912316 -0.0142703 0.995727 0 -590.474 -14.0259 740.05 1 2
0.994542 -0.0495322 -0.0918328 0 0.050631 0.998671 0.00967352 0 0.0912316 -0.0142703 0.995727 0 -590.474 -14.0259 740.05 1 2
0.994542 -0.0495322 -0.0918328 0 0.050631 0.998671 0.00967352 0 0.0912316 -0.0142703 0.995727 0 -590.474 -14.0259 740.05 1 2
0.994542 -0.0495322 -0.0918328 0 0.050631 0.998671 0.00967352 0 0.0912316 -0.0142703 0.995727 0 -590.474 -14.0259 740.05 1 2
0.994542 -0.0495322 -0.0918328 0 0.050631 0.998671 0.00967352 0 0.0912316 -0.0142703 0.995727 0 -590.474 -14.0259 740.05 1 2
0.994542 -0.0495322 -0.0918328 0 0.050631 0.998671 0.00967352 0 0.0912316 -0.0142703 0.995727 0 -590.474 -14.0259 740.05 1 2
0.994542 -0.0495322 -0.0918328 0 0.050631 0.998671 0.00967352 0 0.0912316 -0.0142703 0.995727 0 -590.474 -14.0259 740.05 1 2
0.994542 -0.0495322 -0.0918328 0 0.050631 0.998671 0.00967352 0 0.0912316 -0.0142703 0.995727 0 -590.474 -14.0259 740.05 1 2
0.994542 -0.0495322 -0.0918328 0 0.050631 0.998671 0.00967352 0 0.0912316 -0.0142703 0.995727 0 -590.474 -14.0259 740.05 1 2
0.994542 -0.0495322 -0.0918328 0 0.050631 0.998671 0.00967352 0 0.0912316 -0.0142703 0.995727 0 -590.474 -14.0259 740.05 1 2
0.994542 -0.0495322 -0.0918328 0 0.050631 0.998671 0.00967352 0 0.0912316 -0.0142703 0.995727 0 -590.474 -14.0259 740.05 1 2
0.994542 -0.0495322 -0.0918328 0 0.050631 0.998671 0.00967352 0 0.0912316 -0.0142703 0.995727 0 -590.474 -14.0259 740.05 1 2
0.994542 -0.0495322 -0.0918328 0 0.050631 0.998671 0.00967352 0 0.0912316 -0.0142703 0.995727 0 -590.474 -14.0259 740.05 1 2
0.994542 -0.0495322 -0.0918328 0 0.050631 0.998671 0.00967352 0 0.0912316 -0.0142703 0.995727 0 -590.474 -14.0259 740.05 1 2
0.994542 -0.0495322 -0.0918328 0 0.050631 0.998671 0.00967352 0 0.0912316 -0.0142703 0.995727 0 -590.474 -14.0259 740.05 1 2
0.994542 -0.0495322 -0.0918328 0 0.050631 0.998671 0.00967352 0 0.0912316 -0.0142703 0.995727 0 -590.474 -14.0259 740.05 1 2
0.994542 -0.0495322 -0.0918328 0 0.050631 0.998671 0.00967352 0 0.0912316 -0.0142703 0.995727 0 -590.474 -14.0259 740.05 1 2
0.994542 -0.0495322 -0.0918328 0 0.050631 0.998671 0.00967352 0 0.0912316 -0.0142703 0.995727 0 -590.474 -14.0259 740.05 1 2
0.994542 -0.0495322 -0.0918328 0 0.050631 0.998671 0.00967352 0 0.0912316 -0.0142703 0.995727 0 -590.474 -14.0259 740.05 1 2
0.994542 -0.0495322 -0.0918328 0 0.050631 0.998671 0.00967352 0 0.0912316 -0.0142703 0.995727 0 -590.474 -14.0259 740.05 1 2
0.994542 -0.0495322 -0.0918328 0 0.050631 0.998671 0.00967352 0 0.0912316 -0.0142703 0.995727 0 -590.474 -14.0259 740.05 1 2
0.994542 -0.0495322 -0.0918328 0 0.050631 0.998671 0.00967352 0 0.0912316 -0.0142703 0.995727 0 -590.474 -14.0259 740.05 1 2
0.994542 -0.0495322 -0.0918328 0 0.050631 0.998671 0.00967352 0 0.0912316 -0.0142703 0.995727 0 -590.474 -14.0259 740.05 1 2
0.994542 -0.0495322 -0.0918328 0 0.050631 0.998671 0.00967352 0 0.0912316 -0.0142703 0.995727 0 -590.474 -14.0259 740.05 1 2
0.994542 -0.0495322 -0.0918328 0 0.050631 0.998671 0.00967352 0 0.0912316 -0.0142703 0.995727 0 -590.474 -14.0259 740.05 1 2
0.994542 -0.0495322 -0.0918328 0 0.050631 0.998671 0.00967352 0 0.0912316 -0.0142703 0.995727 0 -590.474 -14.0259 740.05 1 2
0.994542 -0.0495322 -0.0918328 0 0.050631 0.998671 0.00967352 0 0.0912316 -0.0142703 0.995727 0 -590.474 -14.0259 740.05 1 2
0.994542 -0.0495322 -0.0918328 0 0.050631 0.998671 0.00967352 0 0.0912316 -0.0142703 0.995727 0 -590.474 -14.0259 740.05 1 2
0.994542 -0.0495322 -0.0918328 0 0.050631 0.998671 0.00967352 0 0.0912316 -0.0142703 0.995727 0 -590.474 -14.0259 740.05 1 2
0.994542 -0.0495322 -0.0918328 0 0.050631 0.998671 0.00967352 0 0.0912316 -0.0142703 0.995727 0 -590.474 -14.0259 740.05 1 2
0.994542 -0.0495322 -0.0918328 0 0.050631 0.998671 0.00967352 0 0.0912316 -0.0142703 0.995727 0 -590.474 -14.0259 740.05 1 2
0.994542 -0.0495322 -0.0918328 0 0.050631 0.998671 0.00967352 0 0.0912316 -0.0142703 0.995727 0 -590.474 -14.0259 740.05 1 2
0.994542 -0.0495322 -0.0918328 0 0.050631 0.998671 0.00967352 0 0.0912316 -0.0142703 0.995727 0 -590.474 -14.0259 740.05 1 2
0.994542 -0.0495322 -0.0918328 0 0.050631 0.998671 0.00967352 0 0.0912316 -0.0142703 0.995727 0 -590.474 -14.0259 740.05 1 2
0.994542 -0.0495322 -0.0918328 0 0.050631 0.998671 0.00967352 0 0.0912316 -0.0142703 0.995727 0 -590.474 -14.0259 740.05 1 2
0.994542 -0.0495322 -0.0918328 0 0.050631 0.998671 0.00967352 0 0.0912316 -0.0142703 0.995727 0 -590.474 -14.0259 740.05 1 2
0.994542 -0.0495322 -0.0918328 0 0.050631 0.998671 0.00967352 0 0.0912316 -0.0142703 0.995727 0 -590.474 -14.0259 740.05 1 2
0.994542 -0.0495322 -0.0918328 0 0.050631 0.998671 0.00967352 0 0.0912316 -0.0142703 0.995727 0 -590.474 -14.0259 740.05 1 2
0.994542 -0.0495322 -0.0918328 0 0.050631 0.998671 0.00967352 0 0.0912316 -0.0142703 0.995727 0 -590.474 -14.0259 740.05 1 2
0.994542 -0.0495322 -0.0918328 0 0.050631 0.998671 0.00967352 0 0.0912316 -0.0142703 0.995727 0 -590.474 -14.0259 740.05 1 2
0.994542 -0.0495322 -0.0918328 0 0.050631 0.998671 0.00967352 0 0.0912316 -0.0142703 0.995727 0 -590.474 -14.0259 740.05 1 2
0.994542 -0.0495322 -0.0918328 0 0.050631 0.998671 0.00967352 0 0.0912316 -0.0142703 0.995727 0 -590.474 -14.0259 740.05 1 2
0.994542 -0.0495322 -0.0918328 0 0.050631 0.998671 0.00967352 0 0.0912316 -0.0142703 0.995727 0 -590.474 -14.0259 740.05 1 2
0.994542 -0.0495322 -0.0918328 0 0.050631 0.998671 0.00967352 0 0.0912316 -0.0142703 0.995727 0 -590.474 -14.0259 740.05 1 2
0.994542 -0.0495322 -0.0918328 0 0.050631 0.998671 0.00967352 0 0.0912316 -0.0142703 0.995727 0 -590.474 -14.0259 740.05 1 2
0.994542 -0.0495322 -0.0918328 0 0.050631 0.998671 0.00967352 0 0.0912316 -0.0142703 0.995727 0 -590.474 -14.0259 740.05 1 2
0.994542 -0.0495322 -0.0918328 0 0.050631 0.998671 0.00967352 0 0.0912316 -0.0142703 0.995727 0 -590.474 -14.0259 740.05 1 2
0.994542 -0.0495322 -0.0918328 0 0.050631 0.998671 0.00967352 0 0.0912316 -0.0142703 0.995727 0 -590.474 -14.0259 740.05 1 2
0.994542 -0.0495322 -0.0918328 0 0.050631 0.998671 0.00967352 0 0.0912316 -0.0142703 0.995727 0 -590.474 -14.0259 740.05 1 2
0.994542 -0.0495322 -0.0918328 0 0.050631 0.998671 0.00967352 0 0.0912316 -0.0142703 0.995727 0 -590.474 -14.0259 740.05 1 2
0.994542 -0.0495322 -0.0918328 0 0.050631 0.998671 0.00967352 0 0.0912316 -0.0142703 0.995727 0 -590.474 -14.0259 740.05 1 2
0.994542 -0.0495322 -0.0918328 0 0.050631 0.998671 0.00967352 0 0.0912316 -0.0142703 0.995727 0 -590.474 -14.0259 740.05 1 2
0.994542 -0.0495322 -0.0918328 0 0.050631 0.998671 0.00967352 0 0.0912316 -0.0142703 0.995727 0 -590.474 -14.0259 740.05 1 2
0.994542 -0.0495322 -0.0918328 0 0.050631 0.998671 0.00967352 0 0.0912316 -0.0142703 0.995727 0 -590.474 -14.0259 740.05 1 2
0.994542 -0.0495322 -0.0918328 0 0.050631 0.998671 0.00967352 0 0.0912316 -0.0142703 0.995727 0 -590.474 -14.0259 740.05 1 2
0.994542 -0.0495322 -0.0918328 0 0.050631 0.998671 0.00967352 0 0.0912316 -0.0142703 0.995727 0 -590.474 -14.0259 740.05 1 2
0.994542 -0.0495322 -0.0918328 0 0.050631 0.998671 0.00967352 0 0.0912316 -0.0142703 0.995727 0 -590.474 -14.0259 740.05 1 2
0.994542 -0.0495322 -0.0918328 0 0.050631 0.998671 0.00967352 0 0.0912316 -0.0142703 0.995727 0 -590.474 -14.0259 740.05 1 2
0.994542 -0.0495322 -0.0918328 0 0.050631 0.998671 0.00967352 0 0.0912316 -0.0142703 0.995727 0 -590.474 -14.0259 740.05 1 2
0.994542 -0.0495322 -0.0918328 0 0.050631 0.998671 0.00967352 0 0.0912316 -0.0142703 0.995727 0 -590.474 -14.0259 740.05 1 2
0.994542 -0.0495322 -0.0918328 0 0.050631 0.998671 0.00967352 0 0.0912316 -0.0142703 0.995727 0 -590.474 -14.0259 740.05 1 2
0.994542 -0.0495322 -0.0918328 0 0.050631 0.998671 0.00967352 0 0.0912316 -0.0142703 0.995727 0 -590.474 -14.0259 740.05 1 2
0.994542 -0.0495322 -0.0918328 0 0.050631 0.998671 0.00967352 0 0.0912316 -0.0142703 0.995727 0 -590.474 -14.0259 740.05 1 2
0.994542 -0.0495322 -0.0918328 0 0.050631 0.998671 0.00967352 0 0.0912316 -0.0142703 0.995727 0 -590.474 -14.0259 740.05 1 2
0.994542 -0.0495322 -0.0918328 0 0.050631 0.998671 0.00967352 0 0.0912316 -0.0142703 0.995727 0 -590.474 -14.0259 740.05 1 2
0.994542 -0.0495322 -0.0918328 0 0.050631 0.998671 0.00967352 0 0.0912316 -0.0142703 0.995727 0 -590.474 -14.0259 740.05 1 2
0.994542 -0.0495322 -0.0918328 0 0.050631 0.998671 0.00967352 0 0.0912316 -0.0142703 0.995727 0 -590.474 -14.0259 740.05 1 2
0.994542 -0.0495322 -0.0918328 0 0.050631 0.998671 0.00967352 0 0.0912316 -0.0142703 0.995727 0 -590.474 -14.0259 740.05 1 2
0.994542 -0.0495322 -0.0918328 0 0.050631 0.998671 0.00967352 0 0.0912316 -0.0142703 0.995727 0 -590.474 -14.0259 740.05 1 2
0.994542 -0.0495322 -0.0918328 0 0.050631 0.998671 0.00967352 0 0.0912316 -0.0142703 0.995727 0 -590.474 -14.0259 740.05 1 2
0.994542 -0.0495322 -0.0918328 0 0.050631 0.998671 0.00967352 0 0.0912316 -0.0142703 0.995727 0 -590.474 -14.0259 740.05 1 2
0.994542 -0.0495322 -0.0918328 0 0.050631 0.998671 0.00967352 0 0.0912316 -0.0142703 0.995727 0 -590.474 -14.0259 740.05 1 2
0.994542 -0.0495322 -0.0918328 0 0.050631 0.998671 0.00967352 0 0.0912316 -0.0142703 0.995727 0 -590.474 -14.0259 740.05 1 2
0.994542 -0.0495322 -0.0918328 0 0.050631 0.998671 0.00967352 0 0.0912316 -0.0142703 0.995727 0 -590.474 -14.0259 740.05 1 2
0.994542 -0.0495322 -0.0918328 0 0.050631 0.998671 0.00967352 0 0.0912316 -0.0142703 0.995727 0 -590.474 -14.0259 740.05 1 2
0.994542 -0.0495322 -0.0918328 0 0.050631 0.998671 0.00967352 0 0.0912316 -0.0142703 0.995727 0 -590.474 -14.0259 740.05 1 2
0.994542 -0.0495322 -0.0918328 0 0.050631 0.998671 0.00967352 0 0.0912316 -0.0142703 0.995727 0 -590.474 -14.0259 740.05 1 2
0.994542 -0.0495322 -0.0918328 0 0.050631 0.998671 0.00967352 0 0.0912316 -0.0142703 0.995727 0 -590.474 -14.0259 740.05 1 2
0.994542 -0.0495322 -0.0918328 0 0.050631 0.998671 0.00967352 0 0.0912316 -0.0142703 0.995727 0 -590.474 -14.0259 740.05 1 2
0.994542 -0.0495322 -0.0918328 0 0.050631 0.998671 0.00967352 0 0.0912316 -0.0142703 0.995727 0 -590.474 -14.0259 740.05 1 2
0.994542 -0.0495322 -0.0918328 0 0.050631 0.998671 0.00967352 0 0.0912316 -0.0142703 0.995727 0 -590.474 -14.0259 740.05 1 2
0.994542 -0.0495322 -0.0918328 0 0.050631 0.998671 0.00967352 0 0.0912316 -0.0142703 0.995727 0 -590.474 -14.0259 740.05 1 2
0.994542 -0.0495322 -0.0918328 0 0.050631 0.998671 0.00967352 0 0.0912316 -0.0142703 0.995727 0 -590.474 -14.0259 740.05 1 2
0.994542 -0.0495322 -0.0918328 0 0.050631 0.998671 0.00967352 0 0.0912316 -0.0142703 0.995727 0 -590.474 -14.0259 740.05 1 2
0.994542 -0.0495322 -0.0918328 0 0.050631 0.998671 0.00967352 0 0.0912316 -0.0142703 0.995727 0 -590.474 -14.0259 740.05 1 2
0.994542 -0.0495322 -0.0918328 0 0.050631 0.998671 0.00967352 0 0.0912316 -0.0142703 0.995727 0 -590.474 -14.0259 740.05 1 2
0.994542 -0.0495322 -0.0918328 0 0.050631 0.998671 0.00967352 0 0.0912316 -0.0142703 0.995727 0 -590.474 -14.0259 740.05 1 2
0.994542 -0.0495322 -0.0918328 0 0.050631 0.998671 0.00967352 0 0.0912316 -0.0142703 0.995727 0 -590.474 -14.0259 740.05 1 2
0.994542 -0.0495322 -0.0918328 0 0.050631 0.998671 0.00967352 0 0.0912316 -0.0142703 0.995727 0 -590.474 -14.0259 740.05 1 2
0.994542 -0.0495322 -0.0918328 0 0.050631 0.998671 0.00967352 0 0.0912316 -0.0142703 0.995727 0 -590.474 -14.0259 740.05 1 2
0.994542 -0.0495322 -0.0918328 0 0.050631 0.998671 0.00967352 0 0.0912316 -0.0142703 0.995727 0 -590.474 -14.0259 740.05 1 2
0.994354 -0.0506057 -0.093273 0 0.0520016 0.998568 0.0125951 0 0.092502 -0.0173744 0.995561 0 -590.559 -18.041 739.332 1 3
0.994312 -0.0509556 -0.0935281 0 0.0525189 0.998517 0.0143283 0 0.0926593 -0.0191587 0.995514 0 -589.936 -19.7364 738.931 1 3
0.994329 -0.0503899 -0.0936474 0 0.0520394 0.998529 0.0152548 0 0.0927409 -0.0200417 0.995489 0 -589.095 -21.0134 738.516 1 3
0.994363 -0.048061 -0.0945085 0 0.0497529 0.998639 0.015627 0 0.0936288 -0.0202409 0.995401 0 -589.326 -22.6504 738.888 1 3
0.994427 -0.0457295 -0.0949954 0 0.0474351 0.99875 0.0157738 0 0.0941554 -0.020192 0.995353 0 -589.308 -24.0091 739.035 1 3
0.9945 -0.0433039 -0.0953664 0 0.0449932 0.998865 0.0156346 0 0.0945812 -0.0198395 0.995319 0 -588.897 -25.1221 739.236 1 3
0.994585 -0.0407664 -0.0956001 0 0.0424222 0.998982 0.0153511 0 0.0948769 -0.0193236 0.995301 0 -588.258 -26.1643 739.471 1 3
0.994672 -0.0382328 -0.0957341 0 0.0398491 0.999093 0.0150281 0 0.0950727 -0.0187629 0.995293 0 -587.478 -27.1554 739.612 1 3
0.994739 -0.03584 -0.0959712 0 0.0374478 0.999186 0.0150039 0 0.0953553 -0.0185188 0.995271 0 -586.703 -28.2718 739.906 1 3
0.994805 -0.0335104 -0.0961257 0 0.0351142 0.99927 0.0150414 0 0.0955515 -0.0183386 0.995256 0 -585.957 -29.3848 739.932 1 3
0.994868 -0.0311814 -0.0962532 0 0.0327447 0.999356 0.0147051 0 0.0957326 -0.0177814 0.995248 0 -585.228 -30.3562 740.063 1 3
0.994934 -0.028724 -0.0963431 0 0.0302527 0.999438 0.0144444 0 0.0958741 -0.0172858 0.995243 0 -584.274 -31.5736 740.352 1 3
0.994987 -0.0260294 -0.0965616 0 0.0275148 0.999522 0.0140828 0 0.0961489 -0.0166691 0.995227 0 -583.195 -32.7806 740.761 1 3
0.995025 -0.0229595 -0.0969475 0 0.0244056 0.999607 0.0137569 0 0.0965936 -0.0160545 0.995194 0 -581.944 -34.0465 741.175 1 3
0.99504 -0.0203793 -0.0973676 0 0.0217868 0.999673 0.0134144 0 0.0970624 -0.0154692 0.995158 0 -580.67 -35.2109 741.609 1 3
0.995035 -0.018423 -0.0978066 0 0.0198137 0.999716 0.0132666 0 0.0975344 -0.0151386 0.995117 0 -579.552 -36.0265 742.03 1 3
0.995014 -0.0170597 -0.0982622 0 0.0184538 0.999741 0.0132966 0 0.0980099 -0.0150437 0.995072 0 -578.276 -36.5123 742.173 1 3
0.994977 -0.0164581 -0.098738 0 0.0178305 0.999756 0.0130332 0 0.0984994 -0.0147283 0.995028 0 -577.288 -36.5546 742.393 1 3
0.994911 -0.0164472 -0.0994034 0 0.0177769 0.999764 0.0125053 0 0.0991743 -0.0142088 0.994969 0 -576.415 -36.2175 742.783 1 3
0.994799 -0.0174812 -0.100341 0 0.018804 0.999748 0.012252 0 0.100102 -0.0140751 0.994878 0 -575.742 -35.3124 743.139 1 3
0.994652 -0.0197561 -0.101372 0 0.0209808 0.999719 0.0110287 0 0.101126 -0.0130966 0.994787 0 -575.571 -33.7922 743.739 1 3
0.994477 -0.0225537 -0.102505 0 0.0237278 0.999666 0.0102483 0 0.10224 -0.0126239 0.99468 0 -575.678 -32.3713 744.444 1 3
0.994284 -0.0258122 -0.103598 0 0.026961 0.999589 0.00970375 0 0.103305 -0.0124414 0.994572 0 -575.821 -30.9758 744.986 1 3
0.994074 -0.0289133 -0.104793 0 0.0300198 0.999509 0.00899638 0 0.104482 -0.0120889 0.994453 0 -575.996 -29.573 745.525 1 3
0.993873 -0.0316257 -0.105903 0 0.0327024 0.999429 0.00844535 0 0.105576 -0.0118569 0.994341 0 -576.053 -28.3926 745.971 1 3
0.993723 -0.0337734 -0.106646 0 0.0348211 0.999362 0.00797698 0 0.106309 -0.0116404 0.994265 0 -576.376 -27.5243 746.118 1 3
0.993584 -0.035792 -0.10728 0 0.0368121 0.999294 0.00754263 0 0.106934 -0.0114434 0.9942 0 -576.819 -26.6097 746.397 1 3
0.993495 -0.0372744 -0.107603 0 0.0382966 0.999239 0.00744793 0 0.107243 -0.0115203 0.994166 0 -577.227 -26.1303 746.466 1 3
0.993406 -0.038411 -0.108022 0 0.0394641 0.999192 0.00762749 0 0.107642 -0.0118402 0.994119 0 -577.44 -25.9571 746.541 1 3
0.993345 -0.0393562 -0.108247 0 0.040437 0.999152 0.00780641 0 0.107848 -0.0121316 0.994093 0 -577.822 -25.9359 746.534 1 3
0.993306 -0.0400819 -0.10834 0 0.0411717 0.999121 0.00784004 0 0.10793 -0.0122481 0.994083 0 -578.184 -25.8588 746.455 1 3
0.993278 -0.0405308 -0.108424 0 0.0416324 0.999102 0.0079154 0 0.108005 -0.0123761 0.994073 0 -578.41 -25.8456 746.306 1 3
0.993261 -0.0408492 -0.108462 0 0.0419616 0.999087 0.00799196 0 0.108037 -0.0124894 0.994068 0 -578.544 -26.0044 746.111 1 3
0.993245 -0.0410345 -0.10854 0 0.042156 0.999079 0.00805675 0 0.108109 -0.0125779 0.994059 0 -578.575 -26.1768 745.888 1 3
0.993231 -0.0411947 -0.108604 0 0.0423204 0.999071 0.00807943 0 0.108171 -0.0126209 0.994052 0 -578.487 -26.2417 745.715 1 3
0.993217 -0.0414336 -0.10864 0 0.0425266 0.999065 0.00776178 0 0.108217 -0.0123292 0.994051 0 -578.482 -26.1226 746.244 1 3
0.993214 -0.0415374 -0.108627 0 0.0426098 0.999063 0.0075684 0 0.108211 -0.0121456 0.994054 0 -578.462 -26.1087 746.66 1 3
0.993213 -0.0416082 -0.108613 0 0.0426622 0.999062 0.00739754 0 0.108204 -0.011981 0.994057 0 -578.368 -26.0476 746.984 1 3
0.993207 -0.0416271 -0.108658 0 0.0426633 0.999063 0.00722742 0 0.108255 -0.011814 0.994053 0 -578.334 -25.9678 747.245 1 3
0.993207 -0.0416662 -0.108642 0 0.042691 0.999063 0.0071233 0 0.108243 -0.011713 0.994055 0 -578.351 -25.9134 747.482 1 3
0.993213 -0.0416804 -0.108585 0 0.0427016 0.999063 0.00709462 0 0.108188 -0.0116832 0.994062 0 -578.349 -25.8968 747.616 1 3
0.993205 -0.0414797 -0.108738 0 0.042532 0.999068 0.00737496 0 0.108331 -0.0119497 0.994043 0 -578.424 -26.1014 747.622 1 3
0.993251 -0.0414683 -0.108315 0 0.0425362 0.999066 0.00756634 0 0.1079 -0.0121226 0.994088 0 -578.775 -26.1962 747.458 1 3
0.993278 -0.0414745 -0.108069 0 0.0425578 0.999064 0.0077362 0 0.107647 -0.0122834 0.994113 0 -578.999 -26.2991 747.284 1 3
0.9933 -0.0415056 -0.10785 0 0.0426017 0.999061 0.00787846 0 0.107421 -0.0124203 0.994136 0 -579.166 -26.3856 747.138 1 3
0.99332 -0.0415176 -0.107662 0 0.0426191 0.99906 0.00794872 0 0.107231 -0.0124841 0.994156 0 -579.224 -26.4375 747.017 1 3
0.993332 -0.041593 -0.107525 0 0.0427055 0.999055 0.00806297 0 0.107088 -0.0126011 0.99417 0 -579.276 -26.4816 746.935 1 3
0.993339 -0.0416465 -0.107438 0 0.0427644 0.999052 0.00812126 0 0.106998 -0.0126617 0.994179 0 -579.276 -26.4929 746.929 1 3
0.993344 -0.0416841 -0.107379 0 0.0428021 0.999051 0.00812747 0 0.106938 -0.0126694 0.994185 0 -579.255 -26.4769 746.919 1 3
0.993348 -0.041765 -0.107309 0 0.0428913 0.999046 0.00820882 0 0.106864 -0.0127569 0.994192 0 -579.274 -26.4872 746.919 1 3
