0.462569 0 -0.886583 0 0 1 0 0 0.886583 0 0.462569 0 -3337.74 0 -2817.99 1 0
0.462569 0 -0.886583 0 0 1 0 0 0.886583 0 0.462569 0 -3337.74 0 -2817.99 1 0
0.462569 0 -0.886583 0 0 1 0 0 0.886583 0 0.462569 0 -3337.74 0 -2817.99 1 0
0.462569 0 -0.886583 0 0 1 0 0 0.886583 0 0.462569 0 -3337.74 0 -2817.99 1 0
0.462569 0 -0.886583 0 0 1 0 0 0.886583 0 0.462569 0 -3337.74 0 -2817.99 1 0
0.462569 0 -0.886583 0 0 1 0 0 0.886583 0 0.462569 0 -3337.74 0 -2817.99 1 0
0.462569 0 -0.886583 0 0 1 0 0 0.886583 0 0.462569 0 -3337.74 0 -2817.99 1 0
0.462569 0 -0.886583 0 0 1 0 0 0.886583 0 0.462569 0 -3337.74 0 -2817.99 1 0
0.462569 0 -0.886583 0 0 1 0 0 0.886583 0 0.462569 0 -3337.74 0 -2817.99 1 0
0.462569 0 -0.886583 0 0 1 0 0 0.886583 0 0.462569 0 -3337.74 0 -2817.99 1 0
0.462569 0 -0.886583 0 0 1 0 0 0.886583 0 0.462569 0 -3337.74 0 -2817.99 1 0
0.462569 0 -0.886583 0 0 1 0 0 0.886583 0 0.462569 0 -3337.74 0 -2817.99 1 0
0.462569 0 -0.886583 0 0 1 0 0 0.886583 0 0.462569 0 -3337.74 0 -2817.99 1 0
0.462569 0 -0.886583 0 0 1 0 0 0.886583 0 0.462569 0 -3337.74 0 -2817.99 1 0
0.462569 0 -0.886583 0 0 1 0 0 0.886583 0 0.462569 0 -3337.74 0 -2817.99 1 0
0.462569 0 -0.886583 0 0 1 0 0 0.886583 0 0.462569 0 -3337.74 0 -2817.99 1 0
0.462569 0 -0.886583 0 0 1 0 0 0.886583 0 0.462569 0 -3337.74 0 -2817.99 1 0
0.462569 0 -0.886583 0 0 1 0 0 0.886583 0 0.462569 0 -3337.74 0 -2817.99 1 0
0.462569 0 -0.886583 0 0 1 0 0 0.886583 0 0.462569 0 -3337.74 0 -2817.99 1 0
0.462569 0 -0.886583 0 0 1 0 0 0.886583 0 0.462569 0 -3337.74 0 -2817.99 1 0
0.462569 0 -0.886583 0 0 1 0 0 0.886583 0 0.462569 0 -3337.74 0 -2817.99 1 0
0.462569 0 -0.886583 0 0 1 0 0 0.886583 0 0.462569 0 -3337.74 0 -2817.99 1 0
0.462569 0 -0.886583 0 0 1 0 0 0.886583 0 0.462569 0 -3337.74 0 -2817.99 1 0
0.462569 0 -0.886583 0 0 1 0 0 0.886583 0 0.462569 0 -3337.74 0 -2817.99 1 0
0.462569 0 -0.886583 0 0 1 0 0 0.886583 0 0.462569 0 -3337.74 0 -2817.99 1 0
0.462569 0 -0.886583 0 0 1 0 0 0.886583 0 0.462569 0 -3337.74 0 -2817.99 1 0
0.462569 0 -0.886583 0 0 1 0 0 0.886583 0 0.462569 0 -3337.74 0 -2817.99 1 0
0.462569 0 -0.886583 0 0 1 0 0 0.886583 0 0.462569 0 -3337.74 0 -2817.99 1 0
0.462569 0 -0.886583 0 0 1 0 0 0.886583 0 0.462569 0 -3337.74 0 -2817.99 1 0
0.462569 0 -0.886583 0 0 1 0 0 0.886583 0 0.462569 0 -3337.74 0 -2817.99 1 0
0.462569 0 -0.886583 0 0 1 0 0 0.886583 0 0.462569 0 -3337.74 0 -2817.99 1 0
0.462569 0 -0.886583 0 0 1 0 0 0.886583 0 0.462569 0 -3337.74 0 -2817.99 1 0
0.462569 0 -0.886583 0 0 1 0 0 0.886583 0 0.462569 0 -3337.74 0 -2817.99 1 0
0.462569 0 -0.886583 0 0 1 0 0 0.886583 0 0.462569 0 -3337.74 0 -2817.99 1 0
0.462569 0 -0.886583 0 0 1 0 0 0.886583 0 0.462569 0 -3337.74 0 -2817.99 1 0
0.462569 0 -0.886583 0 0 1 0 0 0.886583 0 0.462569 0 -3337.74 0 -2817.99 1 0
0.462569 0 -0.886583 0 0 1 0 0 0.886583 0 0.462569 0 -3337.74 0 -2817.99 1 0
0.462569 0 -0.886583 0 0 1 0 0 0.886583 0 0.462569 0 -3337.74 0 -2817.99 1 0
0.462569 0 -0.886583 0 0 1 0 0 0.886583 0 0.462569 0 -3337.74 0 -2817.99 1 0
0.462569 0 -0.886583 0 0 1 0 0 0.886583 0 0.462569 0 -3337.74 0 -2817.99 1 0
0.462569 0 -0.886583 0 0 1 0 0 0.886583 0 0.462569 0 -3337.74 0 -2817.99 1 0
0.462569 0 -0.886583 0 0 1 0 0 0.886583 0 0.462569 0 -3337.74 0 -2817.99 1 0
0.462569 0 -0.886583 0 0 1 0 0 0.886583 0 0.462569 0 -3337.74 0 -2817.99 1 0
0.462569 0 -0.886583 0 0 1 0 0 0.886583 0 0.462569 0 -3337.74 0 -2817.99 1 0
0.462569 0 -0.886583 0 0 1 0 0 0.886583 0 0.462569 0 -3337.74 0 -2817.99 1 0
0.462569 0 -0.886583 0 0 1 0 0 0.886583 0 0.462569 0 -3337.74 0 -2817.99 1 0
0.462569 0 -0.886583 0 0 1 0 0 0.886583 0 0.462569 0 -3337.74 0 -2817.99 1 0
0.462569 0 -0.886583 0 0 1 0 0 0.886583 0 0.462569 0 -3337.74 0 -2817.99 1 0
0.462569 0 -0.886583 0 0 1 0 0 0.886583 0 0.462569 0 -3337.74 0 -2817.99 1 0
0.462569 0 -0.886583 0 0 1 0 0 0.886583 0 0.462569 0 -3337.74 0 -2817.99 1 0
0.462569 0 -0.886583 0 0 1 0 0 0.886583 0 0.462569 0 -3337.74 0 -2817.99 1 0
0.462569 0 -0.886583 0 0 1 0 0 0.886583 0 0.462569 0 -3337.74 0 -2817.99 1 0
0.462569 0 -0.886583 0 0 1 0 0 0.886583 0 0.462569 0 -3337.74 0 -2817.99 1 0
0.462569 0 -0.886583 0 0 1 0 0 0.886583 0 0.462569 0 -3337.74 0 -2817.99 1 0
0.462569 0 -0.886583 0 0 1 0 0 0.886583 0 0.462569 0 -3337.74 0 -2817.99 1 0
0.462569 0 -0.886583 0 0 1 0 0 0.886583 0 0.462569 0 -3337.74 0 -2817.99 1 0
0.462569 0 -0.886583 0 0 1 0 0 0.886583 0 0.462569 0 -3337.74 0 -2817.99 1 0
0.462569 0 -0.886583 0 0 1 0 0 0.886583 0 0.462569 0 -3337.74 0 -2817.99 1 0
0.462569 0 -0.886583 0 0 1 0 0 0.886583 0 0.462569 0 -3337.74 0 -2817.99 1 0
0.462569 0 -0.886583 0 0 1 0 0 0.886583 0 0.462569 0 -3337.74 0 -2817.99 1 0
0.462569 0 -0.886583 0 0 1 0 0 0.886583 0 0.462569 0 -3337.74 0 -2817.99 1 0
0.462569 0 -0.886583 0 0 1 0 0 0.886583 0 0.462569 0 -3337.74 0 -2817.99 1 0
0.462569 0 -0.886583 0 0 1 0 0 0.886583 0 0.462569 0 -3337.74 0 -2817.99 1 0
0.462569 0 -0.886583 0 0 1 0 0 0.886583 0 0.462569 0 -3337.74 0 -2817.99 1 0
0.462569 0 -0.886583 0 0 1 0 0 0.886583 0 0.462569 0 -3337.74 0 -2817.99 1 0
0.462569 0 -0.886583 0 0 1 0 0 0.886583 0 0.462569 0 -3337.74 0 -2817.99 1 0
0.462569 0 -0.886583 0 0 1 0 0 0.886583 0 0.462569 0 -3337.74 0 -2817.99 1 0
0.462569 0 -0.886583 0 0 1 0 0 0.886583 0 0.462569 0 -3337.74 0 -2817.99 1 0
0.462569 0 -0.886583 0 0 1 0 0 0.886583 0 0.462569 0 -3337.74 0 -2817.99 1 0
0.462569 0 -0.886583 0 0 1 0 0 0.886583 0 0.462569 0 -3337.74 0 -2817.99 1 0
0.462569 0 -0.886583 0 0 1 0 0 0.886583 0 0.462569 0 -3337.74 0 -2817.99 1 0
0.462569 0 -0.886583 0 0 1 0 0 0.886583 0 0.462569 0 -3337.74 0 -2817.99 1 0
0.462569 0 -0.886583 0 0 1 0 0 0.886583 0 0.462569 0 -3337.74 0 -2817.99 1 0
0.462569 0 -0.886583 0 0 1 0 0 0.886583 0 0.462569 0 -3337.74 0 -2817.99 1 0
0.462569 0 -0.886583 0 0 1 0 0 0.886583 0 0.462569 0 -3337.74 0 -2817.99 1 0
0.462569 0 -0.886583 0 0 1 0 0 0.886583 0 0.462569 0 -3337.74 0 -2817.99 1 0
0.462569 0 -0.886583 0 0 1 0 0 0.886583 0 0.462569 0 -3337.74 0 -2817.99 1 0
0.462569 0 -0.886583 0 0 1 0 0 0.886583 0 0.462569 0 -3337.74 0 -2817.99 1 0
0.462569 0 -0.886583 0 0 1 0 0 0.886583 0 0.462569 0 -3337.74 0 -2817.99 1 0
0.462569 0 -0.886583 0 0 1 0 0 0.886583 0 0.462569 0 -3337.74 0 -2817.99 1 0
0.462569 0 -0.886583 0 0 1 0 0 0.886583 0 0.462569 0 -3337.74 0 -2817.99 1 0
0.462569 0 -0.886583 0 0 1 0 0 0.886583 0 0.462569 0 -3337.74 0 -2817.99 1 0
0.462569 0 -0.886583 0 0 1 0 0 0.886583 0 0.462569 0 -3337.74 0 -2817.99 1 0
0.462569 0 -0.886583 0 0 1 0 0 0.886583 0 0.462569 0 -3337.74 0 -2817.99 1 0
0.462569 0 -0.886583 0 0 1 0 0 0.886583 0 0.462569 0 -3337.74 0 -2817.99 1 0
0.462569 0 -0.886583 0 0 1 0 0 0.886583 0 0.462569 0 -3337.74 0 -2817.99 1 0
0.462569 0 -0.886583 0 0 1 0 0 0.886583 0 0.462569 0 -3337.74 0 -2817.99 1 0
0.462569 0 -0.886583 0 0 1 0 0 0.886583 0 0.462569 0 -3337.74 0 -2817.99 1 0
0.359146 0.119015 -0.925662 0 -0.0219352 0.992638 0.119115 0 0.933024 -0.0224751 0.359112 0 -4395.42 350.469 -1337.76 1 1
0.362022 0.113189 -0.925272 0 -0.0195638 0.993304 0.113857 0 0.931964 -0.023117 0.361812 0 -4376.55 358.541 -1418.6 1 1
0.362022 0.113189 -0.925272 0 -0.0195638 0.993304 0.113857 0 0.931964 -0.023117 0.361812 0 -4376.55 358.541 -1418.6 1 2
0.362022 0.113189 -0.925272 0 -0.0195638 0.993304 0.113857 0 0.931964 -0.023117 0.361812 0 -4376.55 358.541 -1418.6 1 2
0.362022 0.113189 -0.925272 0 -0.0195638 0.993304 0.113857 0 0.931964 -0.023117 0.361812 0 -4376.55 358.541 -1418.6 1 2
0.362022 0.113189 -0.925272 0 -0.0195638 0.993304 0.113857 0 0.931964 -0.023117 0.361812 0 -4376.55 358.541 -1418.6 1 2
0.362022 0.113189 -0.925272 0 -0.0195638 0.993304 0.113857 0 0.931964 -0.023117 0.361812 0 -4376.55 358.541 -1418.6 1 2
0.362022 0.113189 -0.925272 0 -0.0195638 0.993304 0.113857 0 0.931964 -0.023117 0.361812 0 -4376.55 358.541 -1418.6 1 2
0.362022 0.113189 -0.925272 0 -0.0195638 0.993304 0.113857 0 0.931964 -0.023117 0.361812 0 -4376.55 358.541 -1418.6 1 2
0.362022 0.113189 -0.925272 0 -0.0195638 0.993304 0.113857 0 0.931964 -0.023117 0.361812 0 -4376.55 358.541 -1418.6 1 2
0.362022 0.113189 -0.925272 0 -0.0195638 0.993304 0.113857 0 0.931964 -0.023117 0.361812 0 -4376.55 358.541 -1418.6 1 2
0.362022 0.113189 -0.925272 0 -0.0195638 0.993304 0.113857 0 0.931964 -0.023117 0.361812 0 -4376.55 358.541 -1418.6 1 2
0.362022 0.113189 -0.925272 0 -0.0195638 0.993304 0.113857 0 0.931964 -0.023117 0.361812 0 -4376.55 358.541 -1418.6 1 2
0.362022 0.113189 -0.925272 0 -0.0195638 0.993304 0.113857 0 0.931964 -0.023117 0.361812 0 -4376.55 358.541 -1418.6 1 2
0.362022 0.113189 -0.925272 0 -0.0195638 0.993304 0.113857 0 0.931964 -0.023117 0.361812 0 -4376.55 358.541 -1418.6 1 2
0.362022 0.113189 -0.925272 0 -0.0195638 0.993304 0.113857 0 0.931964 -0.023117 0.361812 0 -4376.55 358.541 -1418.6 1 2
0.362022 0.113189 -0.925272 0 -0.0195638 0.993304 0.113857 0 0.931964 -0.023117 0.361812 0 -4376.55 358.541 -1418.6 1 2
0.362022 0.113189 -0.925272 0 -0.0195638 0.993304 0.113857 0 0.931964 -0.023117 0.361812 0 -4376.55 358.541 -1418.6 1 2
0.362022 0.113189 -0.925272 0 -0.0195638 0.993304 0.113857 0 0.931964 -0.023117 0.361812 0 -4376.55 358.541 -1418.6 1 2
0.362022 0.113189 -0.925272 0 -0.0195638 0.993304 0.113857 0 0.931964 -0.023117 0.361812 0 -4376.55 358.541 -1418.6 1 2
0.362022 0.113189 -0.925272 0 -0.0195638 0.993304 0.113857 0 0.931964 -0.023117 0.361812 0 -4376.55 358.541 -1418.6 1 2
0.362022 0.113189 -0.925272 0 -0.0195638 0.993304 0.113857 0 0.931964 -0.023117 0.361812 0 -4376.55 358.541 -1418.6 1 2
0.362022 0.113189 -0.925272 0 -0.0195638 0.993304 0.113857 0 0.931964 -0.023117 0.361812 0 -4376.55 358.541 -1418.6 1 2
0.362022 0.113189 -0.925272 0 -0.0195638 0.993304 0.113857 0 0.931964 -0.023117 0.361812 0 -4376.55 358.541 -1418.6 1 2
0.362022 0.113189 -0.925272 0 -0.0195638 0.993304 0.113857 0 0.931964 -0.023117 0.361812 0 -4376.55 358.541 -1418.6 1 2
0.362022 0.113189 -0.925272 0 -0.0195638 0.993304 0.113857 0 0.931964 -0.023117 0.361812 0 -4376.55 358.541 -1418.6 1 2
0.362022 0.113189 -0.925272 0 -0.0195638 0.993304 0.113857 0 0.931964 -0.023117 0.361812 0 -4376.55 358.541 -1418.6 1 2
0.362022 0.113189 -0.925272 0 -0.0195638 0.993304 0.113857 0 0.931964 -0.023117 0.361812 0 -4376.55 358.541 -1418.6 1 2
0.362022 0.113189 -0.925272 0 -0.0195638 0.993304 0.113857 0 0.931964 -0.023117 0.361812 0 -4376.55 358.541 -1418.6 1 2
0.362022 0.113189 -0.925272 0 -0.0195638 0.993304 0.113857 0 0.931964 -0.023117 0.361812 0 -4376.55 358.541 -1418.6 1 2
0.362022 0.113189 -0.925272 0 -0.0195638 0.993304 0.113857 0 0.931964 -0.023117 0.361812 0 -4376.55 358.541 -1418.6 1 2
0.362022 0.113189 -0.925272 0 -0.0195638 0.993304 0.113857 0 0.931964 -0.023117 0.361812 0 -4376.55 358.541 -1418.6 1 2
0.362022 0.113189 -0.925272 0 -0.0195638 0.993304 0.113857 0 0.931964 -0.023117 0.361812 0 -4376.55 358.541 -1418.6 1 2
0.362022 0.113189 -0.925272 0 -0.0195638 0.993304 0.113857 0 0.931964 -0.023117 0.361812 0 -4376.55 358.541 -1418.6 1 2
0.362022 0.113189 -0.925272 0 -0.0195638 0.993304 0.113857 0 0.931964 -0.023117 0.361812 0 -4376.55 358.541 -1418.6 1 2
0.362022 0.113189 -0.925272 0 -0.0195638 0.993304 0.113857 0 0.931964 -0.023117 0.361812 0 -4376.55 358.541 -1418.6 1 2
0.362022 0.113189 -0.925272 0 -0.0195638 0.993304 0.113857 0 0.931964 -0.023117 0.361812 0 -4376.55 358.541 -1418.6 1 2
0.362022 0.113189 -0.925272 0 -0.0195638 0.993304 0.113857 0 0.931964 -0.023117 0.361812 0 -4376.55 358.541 -1418.6 1 2
0.362022 0.113189 -0.925272 0 -0.0195638 0.993304 0.113857 0 0.931964 -0.023117 0.361812 0 -4376.55 358.541 -1418.6 1 2
0.362022 0.113189 -0.925272 0 -0.0195638 0.993304 0.113857 0 0.931964 -0.023117 0.361812 0 -4376.55 358.541 -1418.6 1 2
0.359075 0.126506 -0.924695 0 -0.022805 0.991665 0.126812 0 0.93303 -0.0244474 0.358967 0 -4378.75 363.968 -1427.62 1 3
0.357106 0.137033 -0.923958 0 -0.0250269 0.990229 0.137189 0 0.933729 -0.0258672 0.357046 0 -4381.82 366.084 -1437.28 1 3
0.355309 0.146388 -0.923215 0 -0.0265477 0.988843 0.146577 0 0.934372 -0.0275708 0.355231 0 -4385.44 364.6 -1445.75 1 3
0.353651 0.156233 -0.922238 0 -0.0283598 0.98729 0.156378 0 0.934947 -0.0291486 0.353587 0 -4388.55 358.224 -1451.85 1 3
0.352475 0.164427 -0.921263 0 -0.0300582 0.985924 0.164467 0 0.935338 -0.030279 0.352456 0 -4391.65 348.631 -1456.35 1 3
0.351185 0.170193 -0.920708 0 -0.0323394 0.984959 0.169735 0 0.935747 -0.0298332 0.351407 0 -4395.06 333.686 -1459.26 1 3
0.349739 0.173885 -0.920569 0 -0.0350862 0.984366 0.172606 0 0.93619 -0.0280679 0.350372 0 -4398.59 312.036 -1460.98 1 3
0.348277 0.176113 -0.920699 0 -0.0382604 0.984045 0.173757 0 0.93661 -0.0252892 0.349459 0 -4402.06 286.387 -1462.1 1 3
0.346697 0.177187 -0.921089 0 -0.041568 0.983933 0.173629 0 0.937056 -0.021909 0.348492 0 -4405.35 258.778 -1462.73 1 3
0.345251 0.178098 -0.921457 0 -0.0450813 0.983843 0.173264 0 0.937427 -0.0182793 0.347702 0 -4408.36 230.384 -1462.95 1 3
0.343784 0.178227 -0.92198 0 -0.0483947 0.983882 0.172148 0 0.937801 -0.0145629 0.346868 0 -4411.58 201.064 -1462.37 1 3
0.342134 0.178067 -0.922625 0 -0.0519023 0.983962 0.170659 0 0.938217 -0.0105019 0.345889 0 -4414.74 169.826 -1460.71 1 3
0.340367 0.177075 -0.923469 0 -0.0556248 0.98418 0.168214 0 0.938646 -0.00588699 0.344833 0 -4418.01 134.666 -1457.24 1 3
0.338527 0.175563 -0.924434 0 -0.0597506 0.984468 0.165083 0 0.939058 -0.000649622 0.343759 0 -4421.41 95.8928 -1452.51 1 3
0.336772 0.173469 -0.925469 0 -0.063017 0.984832 0.161665 0 0.939475 0.00387621 0.342595 0 -4424.98 60.7264 -1447.04 1 3
0.33507 0.170963 -0.926553 0 -0.065344 0.985249 0.158163 0 0.939925 0.00754908 0.341298 0 -4428.77 30.4584 -1440.49 1 3
0.333372 0.168321 -0.927648 0 -0.0664612 0.985682 0.154966 0 0.94045 0.00999106 0.339786 0 -4433.47 7.4637 -1432.92 1 3
0.331865 0.1642 -0.928926 0 -0.0660073 0.986362 0.150772 0 0.941015 0.01128 0.338178 0 -4438.59 -10.1543 -1424.98 1 3
0.33036 0.157705 -0.930587 0 -0.06421 0.987413 0.144541 0 0.941668 0.0120024 0.336328 0 -4444.34 -25.678 -1415.47 1 3
0.32885 0.147963 -0.932719 0 -0.0602937 0.988924 0.135621 0 0.942455 0.011638 0.334129 0 -4451.31 -36.3256 -1404.08 1 3
0.327412 0.13443 -0.93527 0 -0.0539282 0.990873 0.123543 0 0.943341 0.00998808 0.331673 0 -4459.37 -39.9121 -1390.96 1 3
0.325637 0.120755 -0.937752 0 -0.0471075 0.992651 0.111466 0 0.944321 0.00787765 0.328932 0 -4468.24 -36.3154 -1375.95 1 3
0.323742 0.107779 -0.939987 0 -0.0406538 0.994158 0.0999885 0 0.945272 0.00584354 0.326232 0 -4476.97 -28.0089 -1360.92 1 3
0.32134 0.0967857 -0.942005 0 -0.0346048 0.995299 0.0904569 0 0.946331 0.00353045 0.323179 0 -4485.7 -16.1197 -1345.66 1 3
0.318953 0.0876115 -0.943713 0 -0.029335 0.996154 0.0825654 0 0.947316 0.00134937 0.320296 0 -4493.9 -3.23585 -1331.76 1 3
0.31678 0.0803976 -0.945085 0 -0.0251067 0.996763 0.0763783 0 0.948167 -0.00046713 0.317773 0 -4501.19 8.4886 -1320.28 1 3
0.314833 0.0748508 -0.946191 0 -0.0215665 0.997192 0.0717094 0 0.948902 -0.00217045 0.315563 0 -4507.8 19.3516 -1310.7 1 3
0.313139 0.0707793 -0.947066 0 -0.0186712 0.997485 0.0683739 0 0.949524 -0.00372759 0.313673 0 -4513.7 28.926 -1302.65 1 3
0.311411 0.0679194 -0.947845 0 -0.0162016 0.997677 0.0661672 0 0.950137 -0.00524861 0.311788 0 -4519.12 38.0897 -1295.17 1 3
0.310099 0.0659767 -0.948412 0 -0.0143073 0.9978 0.0647344 0 0.950597 -0.00650486 0.31036 0 -4523.75 45.8625 -1289.22 1 3
0.309063 0.0644178 -0.948858 0 -0.0126326 0.997893 0.0636321 0 0.950958 -0.00767975 0.309225 0 -4527.8 52.403 -1284.44 1 3
0.308227 0.0632982 -0.949205 0 -0.0112271 0.997956 0.0629036 0 0.951246 -0.00873183 0.308308 0 -4531.3 58.0578 -1280.36 1 3
0.307413 0.0626797 -0.94951 0 -0.0100432 0.997986 0.0626282 0 0.951523 -0.00971655 0.307423 0 -4534.48 63.0545 -1276.67 1 3
0.306663 0.0621484 -0.949787 0 -0.00921702 0.998013 0.0623281 0 0.951773 -0.0103596 0.306627 0 -4537.31 66.5694 -1273.43 1 3
0.305996 0.0617744 -0.950027 0 -0.00831435 0.998028 0.0622177 0 0.951997 -0.0111395 0.305906 0 -4539.8 70.0755 -1270.51 1 3
0.305272 0.0614738 -0.950279 0 -0.00779515 0.998042 0.0620595 0 0.952233 -0.0115374 0.305153 0 -4542.23 71.8782 -1267.31 1 3
0.30468 0.0612793 -0.950482 0 -0.0073681 0.99805 0.0619843 0 0.952426 -0.0118821 0.304537 0 -4544.32 73.3247 -1264.66 1 3
0.304046 0.0610786 -0.950698 0 -0.00698457 0.998059 0.0618876 0 0.952632 -0.0121764 0.303882 0 -4546.34 74.6883 -1262.23 1 3
0.303483 0.0610363 -0.95088 0 -0.00680946 0.99806 0.0618915 0 0.952812 -0.012308 0.30331 0 -4548.27 75.6314 -1260.05 1 3
0.302976 0.061008 -0.951044 0 -0.00647518 0.998058 0.0619611 0 0.952976 -0.0126145 0.302782 0 -4550.03 77.1065 -1258.33 1 3
0.302536 0.0610514 -0.951181 0 -0.00617371 0.998051 0.0620962 0 0.953118 -0.012914 0.302324 0 -4551.61 78.3043 -1257.24 1 3
0.301839 0.0616318 -0.951365 0 -0.00617143 0.998014 0.0626958 0 0.953339 -0.0130528 0.30162 0 -4554.15 78.8604 -1255.25 1 3
0.301637 0.062426 -0.951377 0 -0.00586526 0.997957 0.0636228 0 0.953405 -0.0136109 0.301387 0 -4556.72 81.2107 -1257.63 1 3
0.301386 0.062894 -0.951426 0 -0.00548365 0.99792 0.0642305 0 0.953486 -0.0141409 0.301104 0 -4559.03 83.4722 -1259.22 1 3
0.301149 0.0632528 -0.951477 0 -0.0050887 0.99789 0.0647277 0 0.953564 -0.0146509 0.300835 0 -4560.99 85.7065 -1260.37 1 3
0.300824 0.0635426 -0.95156 0 -0.00485567 0.997867 0.0650997 0 0.953667 -0.0149631 0.300491 0 -4562.84 87.2831 -1260.86 1 3
0.300483 0.0638369 -0.951649 0 -0.004485 0.997841 0.0655193 0 0.953777 -0.0154193 0.30012 0 -4564.64 89.347 -1260.95 1 3
0.300115 0.0640812 -0.951748 0 -0.00424027 0.997821 0.0658462 0 0.953894 -0.0157257 0.299732 0 -4566.25 90.9676 -1260.71 1 3
0.2998 0.0642323 -0.951837 0 -0.00405249 0.997808 0.0660581 0 0.953993 -0.0159469 0.299403 0 -4567.64 92.2469 -1260.5 1 3
0.299615 0.0643248 -0.951889 0 -0.0037204 0.997796 0.0662559 0 0.954053 -0.0163099 0.299194 0 -4568.74 93.7329 -1260.37 1 3
