0.630389 0 0.77628 0 0 1 0 0 -0.77628 0 0.630389 0 -75.1426 0 96.7895 1 0
0.630389 0 0.77628 0 0 1 0 0 -0.77628 0 0.630389 0 -75.1426 0 96.7895 1 0
0.630389 0 0.77628 0 0 1 0 0 -0.77628 0 0.630389 0 -75.1426 0 96.7895 1 0
0.630389 0 0.77628 0 0 1 0 0 -0.77628 0 0.630389 0 -75.1426 0 96.7895 1 0
0.626584 -0.00519387 0.779337 0 0.00850192 0.999964 -0.000171277 0 -0.779308 0.00673318 0.626605 0 -58.0487 -0.792824 104.567 1 1
0.622048 -0.0122972 0.782882 0 0.00813907 0.999924 0.0092394 0 -0.782937 0.000624585 0.622101 0 -29.3721 -1.27227 125.74 1 1
0.622048 -0.0122972 0.782882 0 0.00813907 0.999924 0.0092394 0 -0.782937 0.000624585 0.622101 0 -29.3721 -1.27227 125.74 1 2
0.622048 -0.0122972 0.782882 0 0.00813907 0.999924 0.0092394 0 -0.782937 0.000624585 0.622101 0 -29.3721 -1.27227 125.74 1 2
0.622048 -0.0122972 0.782882 0 0.00813907 0.999924 0.0092394 0 -0.782937 0.000624585 0.622101 0 -29.3721 -1.27227 125.74 1 2
0.622048 -0.0122972 0.782882 0 0.00813907 0.999924 0.0092394 0 -0.782937 0.000624585 0.622101 0 -29.3721 -1.27227 125.74 1 2
0.622048 -0.0122972 0.782882 0 0.00813907 0.999924 0.0092394 0 -0.782937 0.000624585 0.622101 0 -29.3721 -1.27227 125.74 1 2
0.622048 -0.0122972 0.782882 0 0.00813907 0.999924 0.0092394 0 -0.782937 0.000624585 0.622101 0 -29.3721 -1.27227 125.74 1 2
0.622048 -0.0122972 0.782882 0 0.00813907 0.999924 0.0092394 0 -0.782937 0.000624585 0.622101 0 -29.3721 -1.27227 125.74 1 2
0.622048 -0.0122972 0.782882 0 0.00813907 0.999924 0.0092394 0 -0.782937 0.000624585 0.622101 0 -29.3721 -1.27227 125.74 1 2
0.622048 -0.0122972 0.782882 0 0.00813907 0.999924 0.0092394 0 -0.782937 0.000624585 0.622101 0 -29.3721 -1.27227 125.74 1 2
0.622048 -0.0122972 0.782882 0 0.00813907 0.999924 0.0092394 0 -0.782937 0.000624585 0.622101 0 -29.3721 -1.27227 125.74 1 2
0.622048 -0.0122972 0.782882 0 0.00813907 0.999924 0.0092394 0 -0.782937 0.000624585 0.622101 0 -29.3721 -1.27227 125.74 1 2
0.622048 -0.0122972 0.782882 0 0.00813907 0.999924 0.0092394 0 -0.782937 0.000624585 0.622101 0 -29.3721 -1.27227 125.74 1 2
0.622048 -0.0122972 0.782882 0 0.00813907 0.999924 0.0092394 0 -0.782937 0.000624585 0.622101 0 -29.3721 -1.27227 125.74 1 2
0.622048 -0.0122972 0.782882 0 0.00813907 0.999924 0.0092394 0 -0.782937 0.000624585 0.622101 0 -29.3721 -1.27227 125.74 1 2
0.622048 -0.0122972 0.782882 0 0.00813907 0.999924 0.0092394 0 -0.782937 0.000624585 0.622101 0 -29.3721 -1.27227 125.74 1 2
0.622048 -0.0122972 0.782882 0 0.00813907 0.999924 0.0092394 0 -0.782937 0.000624585 0.622101 0 -29.3721 -1.27227 125.74 1 2
0.622048 -0.0122972 0.782882 0 0.00813907 0.999924 0.0092394 0 -0.782937 0.000624585 0.622101 0 -29.3721 -1.27227 125.74 1 2
0.622048 -0.0122972 0.782882 0 0.00813907 0.999924 0.0092394 0 -0.782937 0.000624585 0.622101 0 -29.3721 -1.27227 125.74 1 2
0.622048 -0.0122972 0.782882 0 0.00813907 0.999924 0.0092394 0 -0.782937 0.000624585 0.622101 0 -29.3721 -1.27227 125.74 1 2
0.622048 -0.0122972 0.782882 0 0.00813907 0.999924 0.0092394 0 -0.782937 0.000624585 0.622101 0 -29.3721 -1.27227 125.74 1 2
0.622048 -0.0122972 0.782882 0 0.00813907 0.999924 0.0092394 0 -0.782937 0.000624585 0.622101 0 -29.3721 -1.27227 125.74 1 2
0.622048 -0.0122972 0.782882 0 0.00813907 0.999924 0.0092394 0 -0.782937 0.000624585 0.622101 0 -29.3721 -1.27227 125.74 1 2
0.622048 -0.0122972 0.782882 0 0.00813907 0.999924 0.0092394 0 -0.782937 0.000624585 0.622101 0 -29.3721 -1.27227 125.74 1 2
0.622048 -0.0122972 0.782882 0 0.00813907 0.999924 0.0092394 0 -0.782937 0.000624585 0.622101 0 -29.3721 -1.27227 125.74 1 2
0.622048 -0.0122972 0.782882 0 0.00813907 0.999924 0.0092394 0 -0.782937 0.000624585 0.622101 0 -29.3721 -1.27227 125.74 1 2
0.622048 -0.0122972 0.782882 0 0.00813907 0.999924 0.0092394 0 -0.782937 0.000624585 0.622101 0 -29.3721 -1.27227 125.74 1 2
0.622048 -0.0122972 0.782882 0 0.00813907 0.999924 0.0092394 0 -0.782937 0.000624585 0.622101 0 -29.3721 -1.27227 125.74 1 2
0.622048 -0.0122972 0.782882 0 0.00813907 0.999924 0.0092394 0 -0.782937 0.000624585 0.622101 0 -29.3721 -1.27227 125.74 1 2
0.622048 -0.0122972 0.782882 0 0.00813907 0.999924 0.0092394 0 -0.782937 0.000624585 0.622101 0 -29.3721 -1.27227 125.74 1 2
0.622048 -0.0122972 0.782882 0 0.00813907 0.999924 0.0092394 0 -0.782937 0.000624585 0.622101 0 -29.3721 -1.27227 125.74 1 2
0.622048 -0.0122972 0.782882 0 0.00813907 0.999924 0.0092394 0 -0.782937 0.000624585 0.622101 0 -29.3721 -1.27227 125.74 1 2
0.622048 -0.0122972 0.782882 0 0.00813907 0.999924 0.0092394 0 -0.782937 0.000624585 0.622101 0 -29.3721 -1.27227 125.74 1 2
0.622048 -0.0122972 0.782882 0 0.00813907 0.999924 0.0092394 0 -0.782937 0.000624585 0.622101 0 -29.3721 -1.27227 125.74 1 2
0.622048 -0.0122972 0.782882 0 0.00813907 0.999924 0.0092394 0 -0.782937 0.000624585 0.622101 0 -29.3721 -1.27227 125.74 1 2
0.622048 -0.0122972 0.782882 0 0.00813907 0.999924 0.0092394 0 -0.782937 0.000624585 0.622101 0 -29.3721 -1.27227 125.74 1 2
0.622048 -0.0122972 0.782882 0 0.00813907 0.999924 0.0092394 0 -0.782937 0.000624585 0.622101 0 -29.3721 -1.27227 125.74 1 2
0.622048 -0.0122972 0.782882 0 0.00813907 0.999924 0.0092394 0 -0.782937 0.000624585 0.622101 0 -29.3721 -1.27227 125.74 1 2
0.622048 -0.0122972 0.782882 0 0.00813907 0.999924 0.0092394 0 -0.782937 0.000624585 0.622101 0 -29.3721 -1.27227 125.74 1 2
0.622048 -0.0122972 0.782882 0 0.00813907 0.999924 0.0092394 0 -0.782937 0.000624585 0.622101 0 -29.3721 -1.27227 125.74 1 2
0.622048 -0.0122972 0.782882 0 0.00813907 0.999924 0.0092394 0 -0.782937 0.000624585 0.622101 0 -29.3721 -1.27227 125.74 1 2
0.622048 -0.0122972 0.782882 0 0.00813907 0.999924 0.0092394 0 -0.782937 0.000624585 0.622101 0 -29.3721 -1.27227 125.74 1 2
0.622048 -0.0122972 0.782882 0 0.00813907 0.999924 0.0092394 0 -0.782937 0.000624585 0.622101 0 -29.3721 -1.27227 125.74 1 2
0.622048 -0.0122972 0.782882 0 0.00813907 0.999924 0.0092394 0 -0.782937 0.000624585 0.622101 0 -29.3721 -1.27227 125.74 1 2
0.622048 -0.0122972 0.782882 0 0.00813907 0.999924 0.0092394 0 -0.782937 0.000624585 0.622101 0 -29.3721 -1.27227 125.74 1 2
0.622048 -0.0122972 0.782882 0 0.00813907 0.999924 0.0092394 0 -0.782937 0.000624585 0.622101 0 -29.3721 -1.27227 125.74 1 2
0.622048 -0.0122972 0.782882 0 0.00813907 0.999924 0.0092394 0 -0.782937 0.000624585 0.622101 0 -29.3721 -1.27227 125.74 1 2
0.622048 -0.0122972 0.782882 0 0.00813907 0.999924 0.0092394 0 -0.782937 0.000624585 0.622101 0 -29.3721 -1.27227 125.74 1 2
0.622048 -0.0122972 0.782882 0 0.00813907 0.999924 0.0092394 0 -0.782937 0.000624585 0.622101 0 -29.3721 -1.27227 125.74 1 2
0.622048 -0.0122972 0.782882 0 0.00813907 0.999924 0.0092394 0 -0.782937 0.000624585 0.622101 0 -29.3721 -1.27227 125.74 1 2
0.622048 -0.0122972 0.782882 0 0.00813907 0.999924 0.0092394 0 -0.782937 0.000624585 0.622101 0 -29.3721 -1.27227 125.74 1 2
0.622048 -0.0122972 0.782882 0 0.00813907 0.999924 0.0092394 0 -0.782937 0.000624585 0.622101 0 -29.3721 -1.27227 125.74 1 2
0.622048 -0.0122972 0.782882 0 0.00813907 0.999924 0.0092394 0 -0.782937 0.000624585 0.622101 0 -29.3721 -1.27227 125.74 1 2
0.622048 -0.0122972 0.782882 0 0.00813907 0.999924 0.0092394 0 -0.782937 0.000624585 0.622101 0 -29.3721 -1.27227 125.74 1 2
0.622048 -0.0122972 0.782882 0 0.00813907 0.999924 0.0092394 0 -0.782937 0.000624585 0.622101 0 -29.3721 -1.27227 125.74 1 2
0.622048 -0.0122972 0.782882 0 0.00813907 0.999924 0.0092394 0 -0.782937 0.000624585 0.622101 0 -29.3721 -1.27227 125.74 1 2
0.622048 -0.0122972 0.782882 0 0.00813907 0.999924 0.0092394 0 -0.782937 0.000624585 0.622101 0 -29.3721 -1.27227 125.74 1 2
0.622048 -0.0122972 0.782882 0 0.00813907 0.999924 0.0092394 0 -0.782937 0.000624585 0.622101 0 -29.3721 -1.27227 125.74 1 2
0.622048 -0.0122972 0.782882 0 0.00813907 0.999924 0.0092394 0 -0.782937 0.000624585 0.622101 0 -29.3721 -1.27227 125.74 1 2
0.622048 -0.0122972 0.782882 0 0.00813907 0.999924 0.0092394 0 -0.782937 0.000624585 0.622101 0 -29.3721 -1.27227 125.74 1 2
0.622048 -0.0122972 0.782882 0 0.00813907 0.999924 0.0092394 0 -0.782937 0.000624585 0.622101 0 -29.3721 -1.27227 125.74 1 2
0.622048 -0.0122972 0.782882 0 0.00813907 0.999924 0.0092394 0 -0.782937 0.000624585 0.622101 0 -29.3721 -1.27227 125.74 1 2
0.622048 -0.0122972 0.782882 0 0.00813907 0.999924 0.0092394 0 -0.782937 0.000624585 0.622101 0 -29.3721 -1.27227 125.74 1 2
0.622048 -0.0122972 0.782882 0 0.00813907 0.999924 0.0092394 0 -0.782937 0.000624585 0.622101 0 -29.3721 -1.27227 125.74 1 2
0.622048 -0.0122972 0.782882 0 0.00813907 0.999924 0.0092394 0 -0.782937 0.000624585 0.622101 0 -29.3721 -1.27227 125.74 1 2
0.622048 -0.0122972 0.782882 0 0.00813907 0.999924 0.0092394 0 -0.782937 0.000624585 0.622101 0 -29.3721 -1.27227 125.74 1 2
0.622048 -0.0122972 0.782882 0 0.00813907 0.999924 0.0092394 0 -0.782937 0.000624585 0.622101 0 -29.3721 -1.27227 125.74 1 2
0.622048 -0.0122972 0.782882 0 0.00813907 0.999924 0.0092394 0 -0.782937 0.000624585 0.622101 0 -29.3721 -1.27227 125.74 1 2
0.622048 -0.0122972 0.782882 0 0.00813907 0.999924 0.0092394 0 -0.782937 0.000624585 0.622101 0 -29.3721 -1.27227 125.74 1 2
0.622048 -0.0122972 0.782882 0 0.00813907 0.999924 0.0092394 0 -0.782937 0.000624585 0.622101 0 -29.3721 -1.27227 125.74 1 2
0.622048 -0.0122972 0.782882 0 0.00813907 0.999924 0.0092394 0 -0.782937 0.000624585 0.622101 0 -29.3721 -1.27227 125.74 1 2
0.622048 -0.0122972 0.782882 0 0.00813907 0.999924 0.0092394 0 -0.782937 0.000624585 0.622101 0 -29.3721 -1.27227 125.74 1 2
0.622048 -0.0122972 0.782882 0 0.00813907 0.999924 0.0092394 0 -0.782937 0.000624585 0.622101 0 -29.3721 -1.27227 125.74 1 2
0.622048 -0.0122972 0.782882 0 0.00813907 0.999924 0.0092394 0 -0.782937 0.000624585 0.622101 0 -29.3721 -1.27227 125.74 1 2
0.622048 -0.0122972 0.782882 0 0.00813907 0.999924 0.0092394 0 -0.782937 0.000624585 0.622101 0 -29.3721 -1.27227 125.74 1 2
0.622048 -0.0122972 0.782882 0 0.00813907 0.999924 0.0092394 0 -0.782937 0.000624585 0.622101 0 -29.3721 -1.27227 125.74 1 2
0.622048 -0.0122972 0.782882 0 0.00813907 0.999924 0.0092394 0 -0.782937 0.000624585 0.622101 0 -29.3721 -1.27227 125.74 1 2
0.622048 -0.0122972 0.782882 0 0.00813907 0.999924 0.0092394 0 -0.782937 0.000624585 0.622101 0 -29.3721 -1.27227 125.74 1 2
0.622048 -0.0122972 0.782882 0 0.00813907 0.999924 0.0092394 0 -0.782937 0.000624585 0.622101 0 -29.3721 -1.27227 125.74 1 2
0.622048 -0.0122972 0.782882 0 0.00813907 0.999924 0.0092394 0 -0.782937 0.000624585 0.622101 0 -29.3721 -1.27227 125.74 1 2
0.622048 -0.0122972 0.782882 0 0.00813907 0.999924 0.0092394 0 -0.782937 0.000624585 0.622101 0 -29.3721 -1.27227 125.74 1 2
0.622048 -0.0122972 0.782882 0 0.00813907 0.999924 0.0092394 0 -0.782937 0.000624585 0.622101 0 -29.3721 -1.27227 125.74 1 2
0.622048 -0.0122972 0.782882 0 0.00813907 0.999924 0.0092394 0 -0.782937 0.000624585 0.622101 0 -29.3721 -1.27227 125.74 1 2
0.622048 -0.0122972 0.782882 0 0.00813907 0.999924 0.0092394 0 -0.782937 0.000624585 0.622101 0 -29.3721 -1.27227 125.74 1 2
0.622048 -0.0122972 0.782882 0 0.00813907 0.999924 0.0092394 0 -0.782937 0.000624585 0.622101 0 -29.3721 -1.27227 125.74 1 2
0.622048 -0.0122972 0.782882 0 0.00813907 0.999924 0.0092394 0 -0.782937 0.000624585 0.622101 0 -29.3721 -1.27227 125.74 1 2
0.622048 -0.0122972 0.782882 0 0.00813907 0.999924 0.0092394 0 -0.782937 0.000624585 0.622101 0 -29.3721 -1.27227 125.74 1 2
0.622048 -0.0122972 0.782882 0 0.00813907 0.999924 0.0092394 0 -0.782937 0.000624585 0.622101 0 -29.3721 -1.27227 125.74 1 2
0.622048 -0.0122972 0.782882 0 0.00813907 0.999924 0.0092394 0 -0.782937 0.000624585 0.622101 0 -29.3721 -1.27227 125.74 1 2
0.622048 -0.0122972 0.782882 0 0.00813907 0.999924 0.0092394 0 -0.782937 0.000624585 0.622101 0 -29.3721 -1.27227 125.74 1 2
0.622048 -0.0122972 0.782882 0 0.00813907 0.999924 0.0092394 0 -0.782937 0.000624585 0.622101 0 -29.3721 -1.27227 125.74 1 2
0.622048 -0.0122972 0.782882 0 0.00813907 0.999924 0.0092394 0 -0.782937 0.000624585 0.622101 0 -29.3721 -1.27227 125.74 1 2
0.622048 -0.0122972 0.782882 0 0.00813907 0.999924 0.0092394 0 -0.782937 0.000624585 0.622101 0 -29.3721 -1.27227 125.74 1 2
0.622048 -0.0122972 0.782882 0 0.00813907 0.999924 0.0092394 0 -0.782937 0.000624585 0.622101 0 -29.3721 -1.27227 125.74 1 2
0.622048 -0.0122972 0.782882 0 0.00813907 0.999924 0.0092394 0 -0.782937 0.000624585 0.622101 0 -29.3721 -1.27227 125.74 1 2
0.622048 -0.0122972 0.782882 0 0.00813907 0.999924 0.0092394 0 -0.782937 0.000624585 0.622101 0 -29.3721 -1.27227 125.74 1 2
0.622048 -0.0122972 0.782882 0 0.00813907 0.999924 0.0092394 0 -0.782937 0.000624585 0.622101 0 -29.3721 -1.27227 125.74 1 2
0.622048 -0.0122972 0.782882 0 0.00813907 0.999924 0.0092394 0 -0.782937 0.000624585 0.622101 0 -29.3721 -1.27227 125.74 1 2
0.622048 -0.0122972 0.782882 0 0.00813907 0.999924 0.0092394 0 -0.782937 0.000624585 0.622101 0 -29.3721 -1.27227 125.74 1 2
0.622048 -0.0122972 0.782882 0 0.00813907 0.999924 0.0092394 0 -0.782937 0.000624585 0.622101 0 -29.3721 -1.27227 125.74 1 2
0.622048 -0.0122972 0.782882 0 0.00813907 0.999924 0.0092394 0 -0.782937 0.000624585 0.622101 0 -29.3721 -1.27227 125.74 1 2
0.622048 -0.0122972 0.782882 0 0.00813907 0.999924 0.0092394 0 -0.782937 0.000624585 0.622101 0 -29.3721 -1.27227 125.74 1 2
0.622048 -0.0122972 0.782882 0 0.00813907 0.999924 0.0092394 0 -0.782937 0.000624585 0.622101 0 -29.3721 -1.27227 125.74 1 2
0.622048 -0.0122972 0.782882 0 0.00813907 0.999924 0.0092394 0 -0.782937 0.000624585 0.622101 0 -29.3721 -1.27227 125.74 1 2
0.622048 -0.0122972 0.782882 0 0.00813907 0.999924 0.0092394 0 -0.782937 0.000624585 0.622101 0 -29.3721 -1.27227 125.74 1 2
0.622048 -0.0122972 0.782882 0 0.00813907 0.999924 0.0092394 0 -0.782937 0.000624585 0.622101 0 -29.3721 -1.27227 125.74 1 2
0.622048 -0.0122972 0.782882 0 0.00813907 0.999924 0.0092394 0 -0.782937 0.000624585 0.622101 0 -29.3721 -1.27227 125.74 1 2
0.622048 -0.0122972 0.782882 0 0.00813907 0.999924 0.0092394 0 -0.782937 0.000624585 0.622101 0 -29.3721 -1.27227 125.74 1 2
0.622048 -0.0122972 0.782882 0 0.00813907 0.999924 0.0092394 0 -0.782937 0.000624585 0.622101 0 -29.3721 -1.27227 125.74 1 2
0.622048 -0.0122972 0.782882 0 0.00813907 0.999924 0.0092394 0 -0.782937 0.000624585 0.622101 0 -29.3721 -1.27227 125.74 1 2
0.622048 -0.0122972 0.782882 0 0.00813907 0.999924 0.0092394 0 -0.782937 0.000624585 0.622101 0 -29.3721 -1.27227 125.74 1 2
0.622048 -0.0122972 0.782882 0 0.00813907 0.999924 0.0092394 0 -0.782937 0.000624585 0.622101 0 -29.3721 -1.27227 125.74 1 2
0.622048 -0.0122972 0.782882 0 0.00813907 0.999924 0.0092394 0 -0.782937 0.000624585 0.622101 0 -29.3721 -1.27227 125.74 1 2
0.622048 -0.0122972 0.782882 0 0.00813907 0.999924 0.0092394 0 -0.782937 0.000624585 0.622101 0 -29.3721 -1.27227 125.74 1 2
0.622048 -0.0122972 0.782882 0 0.00813907 0.999924 0.0092394 0 -0.782937 0.000624585 0.622101 0 -29.3721 -1.27227 125.74 1 2
0.622048 -0.0122972 0.782882 0 0.00813907 0.999924 0.0092394 0 -0.782937 0.000624585 0.622101 0 -29.3721 -1.27227 125.74 1 2
0.622048 -0.0122972 0.782882 0 0.00813907 0.999924 0.0092394 0 -0.782937 0.000624585 0.622101 0 -29.3721 -1.27227 125.74 1 2
0.622048 -0.0122972 0.782882 0 0.00813907 0.999924 0.0092394 0 -0.782937 0.000624585 0.622101 0 -29.3721 -1.27227 125.74 1 2
0.622048 -0.0122972 0.782882 0 0.00813907 0.999924 0.0092394 0 -0.782937 0.000624585 0.622101 0 -29.3721 -1.27227 125.74 1 2
0.622048 -0.0122972 0.782882 0 0.00813907 0.999924 0.0092394 0 -0.782937 0.000624585 0.622101 0 -29.3721 -1.27227 125.74 1 2
0.622048 -0.0122972 0.782882 0 0.00813907 0.999924 0.0092394 0 -0.782937 0.000624585 0.622101 0 -29.3721 -1.27227 125.74 1 2
0.622048 -0.0122972 0.782882 0 0.00813907 0.999924 0.0092394 0 -0.782937 0.000624585 0.622101 0 -29.3721 -1.27227 125.74 1 2
0.622048 -0.0122972 0.782882 0 0.00813907 0.999924 0.0092394 0 -0.782937 0.000624585 0.622101 0 -29.3721 -1.27227 125.74 1 2
0.621708 -0.0125738 0.783148 0 0.0102409 0.999916 0.00792432 0 -0.783182 0.00309353 0.621785 0 -28.2575 -1.90859 126.411 1 3
0.620953 -0.0130219 0.78374 0 0.0122008 0.999901 0.00694679 0 -0.783753 0.00524861 0.621051 0 -26.4908 -2.23168 127.388 1 3
0.620494 -0.0130048 0.784103 0 0.0130217 0.999895 0.00627919 0 -0.784103 0.00631415 0.620599 0 -25.1692 -2.57675 128.029 1 3
0.621275 -0.0117548 0.783505 0 0.0120894 0.999912 0.00541528 0 -0.7835 0.00610776 0.621362 0 -26.1132 -2.81928 128.652 1 3
0.62175 -0.0108218 0.783141 0 0.0114033 0.999924 0.00476415 0 -0.783133 0.00596824 0.621826 0 -26.7162 -3.06993 129.136 1 3
0.622107 -0.00991356 0.78287 0 0.010709 0.999934 0.00415234 0 -0.782859 0.00580058 0.622172 0 -27.0421 -3.26122 129.574 1 3
0.622368 -0.00910235 0.782672 0 0.0100182 0.999943 0.00366286 0 -0.782661 0.00556133 0.622423 0 -27.1582 -3.48245 129.854 1 3
0.622544 -0.00840185 0.78254 0 0.00935957 0.999951 0.00329018 0 -0.782529 0.00527596 0.622592 0 -27.1106 -3.64961 130.05 1 3
0.622833 -0.00791099 0.782315 0 0.0085153 0.999958 0.00333249 0 -0.782309 0.00458606 0.622874 0 -27.125 -3.63889 130.228 1 3
0.623005 -0.00747589 0.782182 0 0.00774459 0.999964 0.00338886 0 -0.782179 0.0039464 0.623041 0 -27.1068 -3.73038 130.25 1 3
0.623101 -0.00688976 0.782111 0 0.00695715 0.99997 0.00326623 0 -0.782111 0.00340608 0.62313 0 -27.0351 -3.87249 130.263 1 3
0.623196 -0.00631221 0.78204 0 0.00606435 0.999976 0.00323867 0 -0.782042 0.00272424 0.62322 0 -26.8151 -4.07303 130.26 1 3
0.623296 -0.00575613 0.781965 0 0.00516198 0.999981 0.00324641 0 -0.781969 0.00201301 0.623314 0 -26.5659 -4.26437 130.257 1 3
0.623436 -0.00519158 0.781857 0 0.00417214 0.999986 0.0033132 0 -0.781863 0.00119645 0.623449 0 -26.3209 -4.38207 130.24 1 3
0.623541 -0.0048201 0.781776 0 0.00330227 0.999988 0.00353162 0 -0.781784 0.000379528 0.623549 0 -26.0437 -4.42692 130.173 1 3
0.623656 -0.00469879 0.781685 0 0.00274434 0.999989 0.00382151 0 -0.781694 -0.000238103 0.623662 0 -25.8218 -4.39436 130.154 1 3
0.623642 -0.00501923 0.781694 0 0.00266178 0.999987 0.00429729 0 -0.781705 -0.000599278 0.623648 0 -25.38 -4.29201 129.842 1 3
0.623587 -0.00538422 0.781735 0 0.00270714 0.999985 0.00472795 0 -0.781749 -0.000832026 0.623593 0 -24.9722 -4.1008 129.585 1 3
0.623669 -0.00565225 0.781668 0 0.00283847 0.999984 0.00496616 0 -0.781683 -0.000878495 0.623675 0 -24.6068 -3.81957 129.31 1 3
0.623829 -0.00645592 0.781534 0 0.00325543 0.999979 0.00566188 0 -0.781554 -0.000987811 0.623836 0 -24.3112 -3.15002 128.85 1 3
0.624008 -0.00674381 0.781389 0 0.00383912 0.999977 0.00556446 0 -0.781409 -0.00047242 0.62402 0 -24.2074 -2.90131 128.476 1 3
0.624094 -0.00740104 0.781314 0 0.00449675 0.999973 0.00588039 0 -0.781336 -0.000156541 0.62411 0 -24.1723 -2.57561 128.178 1 3
0.624151 -0.00816453 0.781261 0 0.00532943 0.999967 0.00619242 0 -0.781286 0.000298674 0.624173 0 -24.1248 -2.37878 127.798 1 3
0.62427 -0.00864613 0.781161 0 0.00616183 0.999962 0.00614362 0 -0.781185 0.000978109 0.624299 0 -24.1518 -2.41553 127.35 1 3
0.62442 -0.00896511 0.781038 0 0.00690504 0.999958 0.00595757 0 -0.781058 0.00167307 0.624456 0 -24.1028 -2.48943 126.868 1 3
0.624387 -0.00910701 0.781062 0 0.00738038 0.999956 0.00575934 0 -0.78108 0.00216848 0.624427 0 -24.094 -2.58531 126.355 1 3
0.62431 -0.00927847 0.781121 0 0.00784573 0.999954 0.00560715 0 -0.781137 0.00262786 0.624354 0 -24.1151 -2.67923 126.005 1 3
0.624127 -0.00960401 0.781264 0 0.00826337 0.99995 0.00569096 0 -0.78128 0.002904 0.624175 0 -24.08 -2.78645 125.515 1 3
0.62401 -0.0098196 0.781355 0 0.0084386 0.999947 0.00582747 0 -0.781371 0.00295714 0.62406 0 -23.9126 -2.92848 125.03 1 3
0.623842 -0.0100035 0.781487 0 0.00858687 0.999945 0.00594528 0 -0.781504 0.00300162 0.623893 0 -23.8133 -3.16007 124.629 1 3
0.623616 -0.0100602 0.781666 0 0.00861502 0.999945 0.00599644 0 -0.781683 0.00299458 0.623669 0 -23.7269 -3.33536 124.26 1 3
0.623465 -0.0100783 0.781786 0 0.00858591 0.999945 0.00604351 0 -0.781804 0.00294443 0.623517 0 -23.674 -3.46099 123.882 1 3
0.623267 -0.00999689 0.781945 0 0.00844775 0.999946 0.00605048 0 -0.781964 0.00283462 0.623318 0 -23.5183 -3.60557 123.574 1 3
0.62311 -0.00992322 0.782071 0 0.00827924 0.999947 0.00609128 0 -0.78209 0.00267941 0.623159 0 -23.3277 -3.73818 123.284 1 3
0.623013 -0.00985911 0.782149 0 0.00819801 0.999948 0.00607446 0 -0.782169 0.0026276 0.623061 0 -23.0588 -3.82861 123.022 1 3
0.622904 -0.0096955 0.782238 0 0.00835371 0.999949 0.00574178 0 -0.782254 0.00295802 0.622953 0 -22.9328 -4.00313 123.471 1 3
0.622792 -0.00953826 0.782329 0 0.00831985 0.99995 0.00556829 0 -0.782343 0.00304097 0.62284 0 -22.7648 -4.09334 123.79 1 3
0.62267 -0.0093713 0.782428 0 0.0082705 0.999951 0.0053948 0 -0.782441 0.00311189 0.622717 0 -22.4886 -4.14985 123.985 1 3
0.622569 -0.00919792 0.782511 0 0.00821656 0.999953 0.00521668 0 -0.782522 0.00318181 0.622615 0 -22.2765 -4.17672 124.135 1 3
0.622455 -0.00905039 0.782603 0 0.00812085 0.999954 0.00510491 0 -0.782614 0.00317783 0.6225 0 -22.0961 -4.18363 124.274 1 3
0.622379 -0.00897731 0.782664 0 0.00806626 0.999955 0.00505533 0 -0.782674 0.00316684 0.622424 0 -21.9257 -4.1959 124.374 1 3
0.622437 -0.00904294 0.782618 0 0.00787123 0.999955 0.00529401 0 -0.78263 0.00286498 0.62248 0 -21.9686 -4.13024 124.335 1 3
0.622283 -0.00907572 0.782739 0 0.00781766 0.999955 0.0053792 0 -0.782753 0.0027718 0.622326 0 -21.8999 -4.13524 124.403 1 3
0.62217 -0.00912945 0.782829 0 0.00775065 0.999955 0.0055016 0 -0.782844 0.0026445 0.622212 0 -21.8623 -4.13446 124.431 1 3
0.622028 -0.00918108 0.782941 0 0.00772129 0.999955 0.00559149 0 -0.782957 0.00256726 0.622071 0 -21.7978 -4.16862 124.467 1 3
0.621889 -0.00916327 0.783052 0 0.00765674 0.999955 0.0056206 0 -0.783068 0.00250023 0.621931 0 -21.6587 -4.18283 124.506 1 3
0.621758 -0.00920392 0.783156 0 0.00764438 0.999955 0.00568284 0 -0.783172 0.0024534 0.6218 0 -21.5326 -4.19588 124.554 1 3
0.62165 -0.00920161 0.783241 0 0.00762246 0.999955 0.00569772 0 -0.783258 0.00242823 0.621692 0 -21.3969 -4.20742 124.653 1 3
0.621569 -0.00917598 0.783306 0 0.00759675 0.999955 0.00568572 0 -0.783323 0.00241651 0.621611 0 -21.2688 -4.20173 124.709 1 3
0.621484 -0.00916873 0.783373 0 0.00756628 0.999955 0.00570099 0 -0.783391 0.00238415 0.621525 0 -21.1528 -4.18292 124.769 1 3
