-0.926114 0 -0.377243 0 0 1 0 0 0.377243 0 -0.926114 0 -4646.61 0 -2647.81 1 0
-0.926114 0 -0.377243 0 0 1 0 0 0.377243 0 -0.926114 0 -4646.61 0 -2647.81 1 0
-0.926114 0 -0.377243 0 0 1 0 0 0.377243 0 -0.926114 0 -4646.61 0 -2647.81 1 0
-0.926114 0 -0.377243 0 0 1 0 0 0.377243 0 -0.926114 0 -4646.61 0 -2647.81 1 0
-0.926114 0 -0.377243 0 0 1 0 0 0.377243 0 -0.926114 0 -4646.61 0 -2647.81 1 0
-0.926114 0 -0.377243 0 0 1 0 0 0.377243 0 -0.926114 0 -4646.61 0 -2647.81 1 0
-0.926114 0 -0.377243 0 0 1 0 0 0.377243 0 -0.926114 0 -4646.61 0 -2647.81 1 0
-0.926114 0 -0.377243 0 0 1 0 0 0.377243 0 -0.926114 0 -4646.61 0 -2647.81 1 0
-0.926114 0 -0.377243 0 0 1 0 0 0.377243 0 -0.926114 0 -4646.61 0 -2647.81 1 0
-0.926114 0 -0.377243 0 0 1 0 0 0.377243 0 -0.926114 0 -4646.61 0 -2647.81 1 0
-0.926114 0 -0.377243 0 0 1 0 0 0.377243 0 -0.926114 0 -4646.61 0 -2647.81 1 0
-0.926114 0 -0.377243 0 0 1 0 0 0.377243 0 -0.926114 0 -4646.61 0 -2647.81 1 0
-0.926114 0 -0.377243 0 0 1 0 0 0.377243 0 -0.926114 0 -4646.61 0 -2647.81 1 0
-0.926114 0 -0.377243 0 0 1 0 0 0.377243 0 -0.926114 0 -4646.61 0 -2647.81 1 0
-0.926114 0 -0.377243 0 0 1 0 0 0.377243 0 -0.926114 0 -4646.61 0 -2647.81 1 0
-0.926114 0 -0.377243 0 0 1 0 0 0.377243 0 -0.926114 0 -4646.61 0 -2647.81 1 0
-0.926114 0 -0.377243 0 0 1 0 0 0.377243 0 -0.926114 0 -4646.61 0 -2647.81 1 0
-0.926114 0 -0.377243 0 0 1 0 0 0.377243 0 -0.926114 0 -4646.61 0 -2647.81 1 0
-0.926114 0 -0.377243 0 0 1 0 0 0.377243 0 -0.926114 0 -4646.61 0 -2647.81 1 0
-0.926114 0 -0.377243 0 0 1 0 0 0.377243 0 -0.926114 0 -4646.61 0 -2647.81 1 0
-0.926114 0 -0.377243 0 0 1 0 0 0.377243 0 -0.926114 0 -4646.61 0 -2647.81 1 0
-0.926114 0 -0.377243 0 0 1 0 0 0.377243 0 -0.926114 0 -4646.61 0 -2647.81 1 0
-0.926114 0 -0.377243 0 0 1 0 0 0.377243 0 -0.926114 0 -4646.61 0 -2647.81 1 0
-0.926114 0 -0.377243 0 0 1 0 0 0.377243 0 -0.926114 0 -4646.61 0 -2647.81 1 0
-0.926114 0 -0.377243 0 0 1 0 0 0.377243 0 -0.926114 0 -4646.61 0 -2647.81 1 0
-0.926114 0 -0.377243 0 0 1 0 0 0.377243 0 -0.926114 0 -4646.61 0 -2647.81 1 0
-0.926114 0 -0.377243 0 0 1 0 0 0.377243 0 -0.926114 0 -4646.61 0 -2647.81 1 0
-0.926114 0 -0.377243 0 0 1 0 0 0.377243 0 -0.926114 0 -4646.61 0 -2647.81 1 0
-0.926114 0 -0.377243 0 0 1 0 0 0.377243 0 -0.926114 0 -4646.61 0 -2647.81 1 0
-0.926114 0 -0.377243 0 0 1 0 0 0.377243 0 -0.926114 0 -4646.61 0 -2647.81 1 0
-0.926114 0 -0.377243 0 0 1 0 0 0.377243 0 -0.926114 0 -4646.61 0 -2647.81 1 0
-0.926114 0 -0.377243 0 0 1 0 0 0.377243 0 -0.926114 0 -4646.61 0 -2647.81 1 0
-0.926114 0 -0.377243 0 0 1 0 0 0.377243 0 -0.926114 0 -4646.61 0 -2647.81 1 0
-0.926114 0 -0.377243 0 0 1 0 0 0.377243 0 -0.926114 0 -4646.61 0 -2647.81 1 0
-0.926114 0 -0.377243 0 0 1 0 0 0.377243 0 -0.926114 0 -4646.61 0 -2647.81 1 0
-0.926114 0 -0.377243 0 0 1 0 0 0.377243 0 -0.926114 0 -4646.61 0 -2647.81 1 0
-0.926114 0 -0.377243 0 0 1 0 0 0.377243 0 -0.926114 0 -4646.61 0 -2647.81 1 0
-0.926114 0 -0.377243 0 0 1 0 0 0.377243 0 -0.926114 0 -4646.61 0 -2647.81 1 0
-0.926114 0 -0.377243 0 0 1 0 0 0.377243 0 -0.926114 0 -4646.61 0 -2647.81 1 0
-0.926114 0 -0.377243 0 0 1 0 0 0.377243 0 -0.926114 0 -4646.61 0 -2647.81 1 0
-0.926114 0 -0.377243 0 0 1 0 0 0.377243 0 -0.926114 0 -4646.61 0 -2647.81 1 0
-0.926114 0 -0.377243 0 0 1 0 0 0.377243 0 -0.926114 0 -4646.61 0 -2647.81 1 0
-0.926114 0 -0.377243 0 0 1 0 0 0.377243 0 -0.926114 0 -4646.61 0 -2647.81 1 0
-0.926114 0 -0.377243 0 0 1 0 0 0.377243 0 -0.926114 0 -4646.61 0 -2647.81 1 0
-0.926114 0 -0.377243 0 0 1 0 0 0.377243 0 -0.926114 0 -4646.61 0 -2647.81 1 0
-0.926114 0 -0.377243 0 0 1 0 0 0.377243 0 -0.926114 0 -4646.61 0 -2647.81 1 0
-0.926114 0 -0.377243 0 0 1 0 0 0.377243 0 -0.926114 0 -4646.61 0 -2647.81 1 0
-0.926114 0 -0.377243 0 0 1 0 0 0.377243 0 -0.926114 0 -4646.61 0 -2647.81 1 0
-0.926114 0 -0.377243 0 0 1 0 0 0.377243 0 -0.926114 0 -4646.61 0 -2647.81 1 0
-0.926114 0 -0.377243 0 0 1 0 0 0.377243 0 -0.926114 0 -4646.61 0 -2647.81 1 0
-0.926114 0 -0.377243 0 0 1 0 0 0.377243 0 -0.926114 0 -4646.61 0 -2647.81 1 0
-0.926114 0 -0.377243 0 0 1 0 0 0.377243 0 -0.926114 0 -4646.61 0 -2647.81 1 0
-0.926114 0 -0.377243 0 0 1 0 0 0.377243 0 -0.926114 0 -4646.61 0 -2647.81 1 0
-0.926114 0 -0.377243 0 0 1 0 0 0.377243 0 -0.926114 0 -4646.61 0 -2647.81 1 0
-0.926114 0 -0.377243 0 0 1 0 0 0.377243 0 -0.926114 0 -4646.61 0 -2647.81 1 0
-0.926114 0 -0.377243 0 0 1 0 0 0.377243 0 -0.926114 0 -4646.61 0 -2647.81 1 0
-0.926114 0 -0.377243 0 0 1 0 0 0.377243 0 -0.926114 0 -4646.61 0 -2647.81 1 0
-0.926114 0 -0.377243 0 0 1 0 0 0.377243 0 -0.926114 0 -4646.61 0 -2647.81 1 0
-0.926114 0 -0.377243 0 0 1 0 0 0.377243 0 -0.926114 0 -4646.61 0 -2647.81 1 0
-0.926114 0 -0.377243 0 0 1 0 0 0.377243 0 -0.926114 0 -4646.61 0 -2647.81 1 0
-0.926114 0 -0.377243 0 0 1 0 0 0.377243 0 -0.926114 0 -4646.61 0 -2647.81 1 0
-0.926114 0 -0.377243 0 0 1 0 0 0.377243 0 -0.926114 0 -4646.61 0 -2647.81 1 0
-0.926114 0 -0.377243 0 0 1 0 0 0.377243 0 -0.926114 0 -4646.61 0 -2647.81 1 0
-0.926114 0 -0.377243 0 0 1 0 0 0.377243 0 -0.926114 0 -4646.61 0 -2647.81 1 0
-0.926114 0 -0.377243 0 0 1 0 0 0.377243 0 -0.926114 0 -4646.61 0 -2647.81 1 0
-0.926114 0 -0.377243 0 0 1 0 0 0.377243 0 -0.926114 0 -4646.61 0 -2647.81 1 0
-0.926114 0 -0.377243 0 0 1 0 0 0.377243 0 -0.926114 0 -4646.61 0 -2647.81 1 0
-0.926114 0 -0.377243 0 0 1 0 0 0.377243 0 -0.926114 0 -4646.61 0 -2647.81 1 0
-0.926114 0 -0.377243 0 0 1 0 0 0.377243 0 -0.926114 0 -4646.61 0 -2647.81 1 0
-0.926114 0 -0.377243 0 0 1 0 0 0.377243 0 -0.926114 0 -4646.61 0 -2647.81 1 0
-0.926114 0 -0.377243 0 0 1 0 0 0.377243 0 -0.926114 0 -4646.61 0 -2647.81 1 0
-0.926114 0 -0.377243 0 0 1 0 0 0.377243 0 -0.926114 0 -4646.61 0 -2647.81 1 0
-0.926114 0 -0.377243 0 0 1 0 0 0.377243 0 -0.926114 0 -4646.61 0 -2647.81 1 0
-0.926114 0 -0.377243 0 0 1 0 0 0.377243 0 -0.926114 0 -4646.61 0 -2647.81 1 0
-0.926114 0 -0.377243 0 0 1 0 0 0.377243 0 -0.926114 0 -4646.61 0 -2647.81 1 0
-0.926114 0 -0.377243 0 0 1 0 0 0.377243 0 -0.926114 0 -4646.61 0 -2647.81 1 0
-0.955121 0.0225823 -0.295353 0 -0.013735 0.992641 0.120312 0 0.295897 0.11897 -0.947782 0 -5420.23 239.167 -626.83 1 1
-0.957556 0.036267 -0.285957 0 0.00361046 0.993484 0.113911 0 0.288225 0.108043 -0.951448 0 -5497.86 243.807 -671.346 1 1
-0.957556 0.036267 -0.285957 0 0.00361046 0.993484 0.113911 0 0.288225 0.108043 -0.951448 0 -5497.86 243.807 -671.346 1 2
-0.957556 0.036267 -0.285957 0 0.00361046 0.993484 0.113911 0 0.288225 0.108043 -0.951448 0 -5497.86 243.807 -671.346 1 2
-0.957556 0.036267 -0.285957 0 0.00361046 0.993484 0.113911 0 0.288225 0.108043 -0.951448 0 -5497.86 243.807 -671.346 1 2
-0.957556 0.036267 -0.285957 0 0.00361046 0.993484 0.113911 0 0.288225 0.108043 -0.951448 0 -5497.86 243.807 -671.346 1 2
-0.957556 0.036267 -0.285957 0 0.00361046 0.993484 0.113911 0 0.288225 0.108043 -0.951448 0 -5497.86 243.807 -671.346 1 2
-0.957556 0.036267 -0.285957 0 0.00361046 0.993484 0.113911 0 0.288225 0.108043 -0.951448 0 -5497.86 243.807 -671.346 1 2
-0.957556 0.036267 -0.285957 0 0.00361046 0.993484 0.113911 0 0.288225 0.108043 -0.951448 0 -5497.86 243.807 -671.346 1 2
-0.957556 0.036267 -0.285957 0 0.00361046 0.993484 0.113911 0 0.288225 0.108043 -0.951448 0 -5497.86 243.807 -671.346 1 2
-0.957556 0.036267 -0.285957 0 0.00361046 0.993484 0.113911 0 0.288225 0.108043 -0.951448 0 -5497.86 243.807 -671.346 1 2
-0.957556 0.036267 -0.285957 0 0.00361046 0.993484 0.113911 0 0.288225 0.108043 -0.951448 0 -5497.86 243.807 -671.346 1 2
-0.957556 0.036267 -0.285957 0 0.00361046 0.993484 0.113911 0 0.288225 0.108043 -0.951448 0 -5497.86 243.807 -671.346 1 2
-0.957556 0.036267 -0.285957 0 0.00361046 0.993484 0.113911 0 0.288225 0.108043 -0.951448 0 -5497.86 243.807 -671.346 1 2
-0.957556 0.036267 -0.285957 0 0.00361046 0.993484 0.113911 0 0.288225 0.108043 -0.951448 0 -5497.86 243.807 -671.346 1 2
-0.957556 0.036267 -0.285957 0 0.00361046 0.993484 0.113911 0 0.288225 0.108043 -0.951448 0 -5497.86 243.807 -671.346 1 2
-0.957556 0.036267 -0.285957 0 0.00361046 0.993484 0.113911 0 0.288225 0.108043 -0.951448 0 -5497.86 243.807 -671.346 1 2
-0.957556 0.036267 -0.285957 0 0.00361046 0.993484 0.113911 0 0.288225 0.108043 -0.951448 0 -5497.86 243.807 -671.346 1 2
-0.957556 0.036267 -0.285957 0 0.00361046 0.993484 0.113911 0 0.288225 0.108043 -0.951448 0 -5497.86 243.807 -671.346 1 2
-0.957556 0.036267 -0.285957 0 0.00361046 0.993484 0.113911 0 0.288225 0.108043 -0.951448 0 -5497.86 243.807 -671.346 1 2
-0.957556 0.036267 -0.285957 0 0.00361046 0.993484 0.113911 0 0.288225 0.108043 -0.951448 0 -5497.86 243.807 -671.346 1 2
-0.957556 0.036267 -0.285957 0 0.00361046 0.993484 0.113911 0 0.288225 0.108043 -0.951448 0 -5497.86 243.807 -671.346 1 2
-0.957556 0.036267 -0.285957 0 0.00361046 0.993484 0.113911 0 0.288225 0.108043 -0.951448 0 -5497.86 243.807 -671.346 1 2
-0.957556 0.036267 -0.285957 0 0.00361046 0.993484 0.113911 0 0.288225 0.108043 -0.951448 0 -5497.86 243.807 -671.346 1 2
-0.957556 0.036267 -0.285957 0 0.00361046 0.993484 0.113911 0 0.288225 0.108043 -0.951448 0 -5497.86 243.807 -671.346 1 2
-0.957556 0.036267 -0.285957 0 0.00361046 0.993484 0.113911 0 0.288225 0.108043 -0.951448 0 -5497.86 243.807 -671.346 1 2
-0.957556 0.036267 -0.285957 0 0.00361046 0.993484 0.113911 0 0.288225 0.108043 -0.951448 0 -5497.86 243.807 -671.346 1 2
-0.957556 0.036267 -0.285957 0 0.00361046 0.993484 0.113911 0 0.288225 0.108043 -0.951448 0 -5497.86 243.807 -671.346 1 2
-0.957556 0.036267 -0.285957 0 0.00361046 0.993484 0.113911 0 0.288225 0.108043 -0.951448 0 -5497.86 243.807 -671.346 1 2
-0.957556 0.036267 -0.285957 0 0.00361046 0.993484 0.113911 0 0.288225 0.108043 -0.951448 0 -5497.86 243.807 -671.346 1 2
-0.957556 0.036267 -0.285957 0 0.00361046 0.993484 0.113911 0 0.288225 0.108043 -0.951448 0 -5497.86 243.807 -671.346 1 2
-0.957556 0.036267 -0.285957 0 0.00361046 0.993484 0.113911 0 0.288225 0.108043 -0.951448 0 -5497.86 243.807 -671.346 1 2
-0.957556 0.036267 -0.285957 0 0.00361046 0.993484 0.113911 0 0.288225 0.108043 -0.951448 0 -5497.86 243.807 -671.346 1 2
-0.957556 0.036267 -0.285957 0 0.00361046 0.993484 0.113911 0 0.288225 0.108043 -0.951448 0 -5497.86 243.807 -671.346 1 2
-0.957556 0.036267 -0.285957 0 0.00361046 0.993484 0.113911 0 0.288225 0.108043 -0.951448 0 -5497.86 243.807 -671.346 1 2
-0.957556 0.036267 -0.285957 0 0.00361046 0.993484 0.113911 0 0.288225 0.108043 -0.951448 0 -5497.86 243.807 -671.346 1 2
-0.957556 0.036267 -0.285957 0 0.00361046 0.993484 0.113911 0 0.288225 0.108043 -0.951448 0 -5497.86 243.807 -671.346 1 2
-0.957556 0.036267 -0.285957 0 0.00361046 0.993484 0.113911 0 0.288225 0.108043 -0.951448 0 -5497.86 243.807 -671.346 1 2
-0.957556 0.036267 -0.285957 0 0.00361046 0.993484 0.113911 0 0.288225 0.108043 -0.951448 0 -5497.86 243.807 -671.346 1 2
-0.957556 0.036267 -0.285957 0 0.00361046 0.993484 0.113911 0 0.288225 0.108043 -0.951448 0 -5497.86 243.807 -671.346 1 2
-0.957556 0.036267 -0.285957 0 0.00361046 0.993484 0.113911 0 0.288225 0.108043 -0.951448 0 -5497.86 243.807 -671.346 1 2
-0.957556 0.036267 -0.285957 0 0.00361046 0.993484 0.113911 0 0.288225 0.108043 -0.951448 0 -5497.86 243.807 -671.346 1 2
-0.957556 0.036267 -0.285957 0 0.00361046 0.993484 0.113911 0 0.288225 0.108043 -0.951448 0 -5497.86 243.807 -671.346 1 2
-0.957556 0.036267 -0.285957 0 0.00361046 0.993484 0.113911 0 0.288225 0.108043 -0.951448 0 -5497.86 243.807 -671.346 1 2
-0.957556 0.036267 -0.285957 0 0.00361046 0.993484 0.113911 0 0.288225 0.108043 -0.951448 0 -5497.86 243.807 -671.346 1 2
-0.957556 0.036267 -0.285957 0 0.00361046 0.993484 0.113911 0 0.288225 0.108043 -0.951448 0 -5497.86 243.807 -671.346 1 2
-0.957556 0.036267 -0.285957 0 0.00361046 0.993484 0.113911 0 0.288225 0.108043 -0.951448 0 -5497.86 243.807 -671.346 1 2
-0.957556 0.036267 -0.285957 0 0.00361046 0.993484 0.113911 0 0.288225 0.108043 -0.951448 0 -5497.86 243.807 -671.346 1 2
-0.957556 0.036267 -0.285957 0 0.00361046 0.993484 0.113911 0 0.288225 0.108043 -0.951448 0 -5497.86 243.807 -671.346 1 2
-0.957556 0.036267 -0.285957 0 0.00361046 0.993484 0.113911 0 0.288225 0.108043 -0.951448 0 -5497.86 243.807 -671.346 1 2
-0.957556 0.036267 -0.285957 0 0.00361046 0.993484 0.113911 0 0.288225 0.108043 -0.951448 0 -5497.86 243.807 -671.346 1 2
-0.957556 0.036267 -0.285957 0 0.00361046 0.993484 0.113911 0 0.288225 0.108043 -0.951448 0 -5497.86 243.807 -671.346 1 2
-0.957965 0.0276476 -0.285549 0 -0.00862866 0.992118 0.125007 0 0.286755 0.122216 -0.950176 0 -5497.3 234.403 -678.62 1 3
-0.958187 0.0217737 -0.285314 0 -0.0169352 0.991038 0.132506 0 0.285642 0.131797 -0.94923 0 -5497.89 225.238 -687.075 1 3
-0.958388 0.0177931 -0.284914 0 -0.0227686 0.990112 0.138422 0 0.28456 0.139149 -0.948506 0 -5499.05 214.744 -694.446 1 3
-0.95845 0.0141929 -0.284908 0 -0.0282925 0.989107 0.144451 0 0.283855 0.14651 -0.947608 0 -5500.04 198.966 -699.679 1 3
-0.958492 0.0110101 -0.284907 0 -0.0329562 0.988278 0.149063 0 0.283209 0.152265 -0.946894 0 -5501.16 181.558 -703.621 1 3
-0.958591 0.00744748 -0.284688 0 -0.0373162 0.987754 0.15149 0 0.28233 0.15584 -0.946575 0 -5502.58 160.346 -705.474 1 3
-0.958764 0.00323103 -0.284186 0 -0.0417036 0.987512 0.151923 0 0.281128 0.15751 -0.946656 0 -5504.04 133.737 -705.784 1 3
-0.958952 -0.00149424 -0.283566 0 -0.0461966 0.98745 0.151022 0 0.279781 0.157923 -0.946986 0 -5505.46 104.058 -705.293 1 3
-0.959135 -0.00643156 -0.282877 0 -0.0506367 0.987504 0.149239 0 0.278382 0.157464 -0.947475 0 -5506.67 73.0486 -704.141 1 3
-0.959254 -0.011382 -0.282315 0 -0.0550868 0.987548 0.14736 0 0.277122 0.156908 -0.947936 0 -5507.69 41.3581 -702.713 1 3
-0.959402 -0.0163834 -0.281565 0 -0.0594017 0.987656 0.144936 0 0.275715 0.155778 -0.948533 0 -5508.76 9.39201 -700.312 1 3
-0.959558 -0.0216583 -0.280676 0 -0.0638902 0.987773 0.142203 0 0.274164 0.154384 -0.94921 0 -5509.62 -24.384 -696.621 1 3
-0.959724 -0.0274463 -0.2796 0 -0.0686498 0.987958 0.138659 0 0.272427 0.152269 -0.950051 0 -5510.51 -61.6404 -690.904 1 3
-0.959906 -0.033781 -0.278279 0 -0.0737517 0.988173 0.134445 0 0.270446 0.149578 -0.951044 0 -5511.38 -102.312 -683.672 1 3
-0.960154 -0.0392312 -0.276703 0 -0.0778853 0.988435 0.13012 0 0.268398 0.146486 -0.952105 0 -5512.47 -138.279 -675.483 1 3
-0.960439 -0.0437248 -0.275035 0 -0.0810627 0.988727 0.125889 0 0.266431 0.143204 -0.953157 0 -5514 -168.446 -666.231 1 3
-0.960881 -0.0466503 -0.273004 0 -0.0827866 0.989025 0.122378 0 0.264299 0.140192 -0.954197 0 -5516.45 -190.345 -655.884 1 3
-0.961414 -0.048058 -0.270874 0 -0.0828377 0.989497 0.118461 0 0.262336 0.136329 -0.955298 0 -5519.65 -204.67 -645.112 1 3
-0.962054 -0.0484025 -0.268532 0 -0.0814317 0.990223 0.113254 0 0.260425 0.130824 -0.95659 0 -5523.71 -214.279 -632.557 1 3
-0.962907 -0.0469204 -0.265721 0 -0.0777321 0.991254 0.106649 0 0.258393 0.123348 -0.958133 0 -5529.11 -215.275 -617.771 1 3
-0.963913 -0.0431468 -0.262697 0 -0.0712049 0.992612 0.0982402 0 0.256517 0.1134 -0.959864 0 -5535.98 -204.82 -601.069 1 3
-0.964975 -0.0382316 -0.259542 0 -0.0636715 0.993875 0.0903284 0 0.254499 0.10369 -0.961498 0 -5543.78 -186.74 -582.737 1 3
-0.965985 -0.0331098 -0.256469 0 -0.056191 0.994948 0.0831956 0 0.252419 0.0947769 -0.962965 0 -5551.46 -164.615 -564.794 1 3
-0.966995 -0.0279825 -0.253253 0 -0.0491432 0.995771 0.0776181 0 0.25001 0.087502 -0.964281 0 -5558.85 -140.752 -546.577 1 3
-0.967916 -0.0232161 -0.250199 0 -0.0428126 0.9964 0.0731677 0 0.2476 0.0815318 -0.965426 0 -5565.62 -117.649 -530.098 1 3
-0.968679 -0.0190371 -0.247585 0 -0.0374328 0.996858 0.0698071 0 0.245478 0.0768884 -0.966348 0 -5571.68 -97.6103 -516.566 1 3
-0.969326 -0.0155037 -0.245288 0 -0.0330125 0.997178 0.0674309 0 0.24355 0.0734601 -0.967102 0 -5577.09 -80.1794 -505.301 1 3
-0.96986 -0.0125782 -0.243338 0 -0.0294087 0.997409 0.0656565 0 0.241881 0.0708338 -0.967717 0 -5581.92 -65.433 -495.83 1 3
-0.970366 -0.0100338 -0.241433 0 -0.0264294 0.99755 0.0647676 0 0.240192 0.0692292 -0.968254 0 -5586.16 -52.4784 -486.915 1 3
-0.970746 -0.00790107 -0.239979 0 -0.0240258 0.997639 0.0643412 0 0.238904 0.0682247 -0.968644 0 -5589.89 -41.9882 -480.078 1 3
-0.971065 -0.00610978 -0.238738 0 -0.0220352 0.997701 0.0640946 0 0.237798 0.0675007 -0.968966 0 -5593.13 -33.1905 -474.68 1 3
-0.971331 -0.00457265 -0.237687 0 -0.020354 0.997743 0.0639837 0 0.236858 0.0669872 -0.969232 0 -5595.92 -25.7544 -470.121 1 3
-0.971571 -0.00327394 -0.236725 0 -0.0189824 0.997762 0.0641087 0 0.235985 0.0667798 -0.969459 0 -5598.38 -19.4749 -465.87 1 3
-0.971773 -0.00236066 -0.235905 0 -0.018006 0.997775 0.0641883 0 0.235228 0.0666241 -0.969654 0 -5600.54 -15.024 -462.123 1 3
-0.971958 -0.00136446 -0.235151 0 -0.0169654 0.997784 0.0643343 0 0.234542 0.0665197 -0.969827 0 -5602.47 -10.5799 -458.797 1 3
-0.972144 -0.000829563 -0.234385 0 -0.0163485 0.997798 0.0642761 0 0.233815 0.0663174 -0.970017 0 -5604.34 -8.08407 -455.029 1 3
-0.972295 -0.000346498 -0.233758 0 -0.0158151 0.997805 0.0643023 0 0.233222 0.0662177 -0.970166 0 -5605.98 -6.09799 -451.916 1 3
-0.972449 6.89677e-05 -0.233117 0 -0.015351 0.99781 0.0643317 0 0.232611 0.0661379 -0.970318 0 -5607.51 -4.31411 -448.954 1 3
-0.97259 0.0002518 -0.232528 0 -0.0151289 0.997812 0.0643599 0 0.232035 0.0661137 -0.970458 0 -5608.97 -3.20326 -446.307 1 3
-0.972712 0.000589184 -0.232016 0 -0.0147783 0.997809 0.0644909 0 0.231545 0.0661599 -0.970572 0 -5610.32 -1.5046 -444.152 1 3
-0.972817 0.000884732 -0.231573 0 -0.0144934 0.9978 0.0646975 0 0.231121 0.0662952 -0.970664 0 -5611.53 -0.171198 -442.663 1 3
-0.973001 0.000947366 -0.230799 0 -0.0145105 0.997762 0.0652686 0 0.230345 0.0668555 -0.97081 0 -5613.37 -0.117095 -439.958 1 3
-0.97308 0.00133451 -0.230466 0 -0.0142713 0.997715 0.066034 0 0.230027 0.0675454 -0.970837 0 -5615.51 1.85231 -442.003 1 3
-0.97316 0.00177924 -0.230125 0 -0.0139233 0.997683 0.0665929 0 0.22971 0.0680096 -0.97088 0 -5617.41 4.02492 -443.207 1 3
-0.973225 0.00219512 -0.229844 0 -0.0135882 0.997656 0.0670644 0 0.229453 0.0683919 -0.970914 0 -5619.03 6.23405 -444.007 1 3
-0.973301 0.00248027 -0.229518 0 -0.0133562 0.997635 0.0674196 0 0.229142 0.0686851 -0.970967 0 -5620.51 7.73534 -444.111 1 3
-0.973384 0.002885 -0.229162 0 -0.0130171 0.997611 0.0678505 0 0.22881 0.0690276 -0.971021 0 -5621.95 9.78614 -443.808 1 3
-0.973466 0.00315183 -0.22881 0 -0.0127976 0.99759 0.0681889 0 0.228473 0.0693078 -0.97108 0 -5623.21 11.3468 -443.176 1 3
-0.973538 0.00334632 -0.228499 0 -0.0126291 0.997577 0.0684164 0 0.228175 0.0694917 -0.971137 0 -5624.3 12.6012 -442.625 1 3
-0.973586 0.00368961 -0.22829 0 -0.0123168 0.997565 0.0686497 0 0.227988 0.0696482 -0.97117 0 -5625.21 14.224 -442.302 1 3
